date,time,sym,n_close,amount_delta,n_midprice,n_bid1,n_bsize1,n_bid2,n_bsize2,n_bid3,n_bsize3,n_bid4,n_bsize4,n_bid5,n_bsize5,n_ask1,n_asize1,n_ask2,n_asize2,n_ask3,n_asize3,n_ask4,n_asize4,n_ask5,n_asize5,label_5,label_10,label_20,label_40,label_60
65,09:40:03,3,-0.0072202166064981,15950.0,-0.0054151624548737,-0.0072202166064981,4.205841056922658e-05,-0.0108303249097472,0.0001437714232214,-0.0144404332129963,0.0001436436831741,-0.0180505415162454,0.0001323386889892,-0.0216606498194945,7.402535740278452e-05,-0.0036101083032491,6.326325841885941e-05,0.0,0.0001183256058018,0.0036101083032489,0.0001730877640738,0.0072202166064982,9.34926212591967e-05,0.0108303249097472,0.0002448138006254,1.0,1.0,1.0,1.0,2.0
65,09:40:06,3,-0.0072202166064981,1100.0,-0.0054151624548737,-0.0072202166064981,5.068086376109535e-05,-0.0108303249097472,0.0001460707440726,-0.0144404332129963,0.0001436436831741,-0.0180505415162454,0.0001355641251832,-0.0216606498194945,7.402535740278452e-05,-0.0036101083032491,6.418937376168976e-05,0.0,0.0001151321046197,0.0036101083032489,0.0001730877640738,0.0072202166064982,9.34926212591967e-05,0.0108303249097472,0.0002448457356372,1.0,1.0,1.0,1.0,2.0
65,09:40:09,3,-0.0036101083032491,552.0,-0.0054151624548737,-0.0072202166064981,5.068086376109535e-05,-0.0108303249097472,0.0001460707440726,-0.0144404332129963,0.0001436436831741,-0.0180505415162454,0.0001355641251832,-0.0216606498194945,7.402535740278452e-05,-0.0036101083032491,6.41255037380463e-05,0.0,0.0001151321046197,0.0036101083032489,0.0001746845146648,0.0072202166064982,9.34926212591967e-05,0.0108303249097472,0.0002448457356372,1.0,1.0,1.0,1.0,2.0
65,09:40:12,3,-0.0036101083032491,11295.0,-0.0054151624548737,-0.0072202166064981,5.157504409210397e-05,-0.0108303249097472,0.0001460068740489,-0.0144404332129963,0.0001436436831741,-0.0180505415162454,0.0001355641251832,-0.0216606498194945,7.402535740278452e-05,-0.0036101083032491,6.332712844250289e-05,0.0,0.0001151321046197,0.0036101083032489,0.0001746845146648,0.0072202166064982,9.387584140105752e-05,0.0108303249097472,0.0002448457356372,1.0,1.0,1.0,1.0,2.0
65,09:40:15,3,-0.0072202166064981,20625.0,-0.0054151624548737,-0.0072202166064981,4.917991820547375e-05,-0.0108303249097472,0.0001464858992263,-0.0144404332129963,0.0001468371843563,-0.0180505415162454,0.0001355641251832,-0.0216606498194945,7.434470752100187e-05,-0.0036101083032491,6.332712844250289e-05,0.0,0.0001151321046197,0.0036101083032489,0.0001746845146648,0.0072202166064982,9.387584140105752e-05,0.0108303249097472,0.0002448457356372,1.0,1.0,1.0,1.0,2.0
65,09:40:18,3,-0.0072202166064981,0.0,-0.0054151624548737,-0.0072202166064981,5.077666879656056e-05,-0.0108303249097472,0.0001464858992263,-0.0144404332129963,0.0001468371843563,-0.0180505415162454,0.0001355641251832,-0.0216606498194945,7.514308281654528e-05,-0.0036101083032491,6.652062962467651e-05,0.0,0.0001151321046197,0.0036101083032489,0.0001744290345703,0.0072202166064982,9.205554572721855e-05,0.0108303249097472,0.0002448457356372,1.0,1.0,1.0,1.0,2.0
65,09:40:21,3,-0.0036101083032491,3035.0,-0.0054151624548737,-0.0072202166064981,7.581371806480175e-05,-0.0108303249097472,0.0001469968594154,-0.0144404332129963,0.0001468371843563,-0.0180505415162454,0.0001355641251832,-0.0216606498194945,7.514308281654528e-05,-0.0036101083032491,6.741480995568512e-05,0.0,0.0001151321046197,0.0036101083032489,0.0001744290345703,0.0072202166064982,9.205554572721855e-05,0.0108303249097472,0.0002448457356372,1.0,1.0,1.0,1.0,2.0
65,09:40:24,3,-0.0036101083032491,120049.0,-0.0054151624548737,-0.0072202166064981,7.546243293476264e-05,-0.0108303249097472,0.0001469968594154,-0.0144404332129963,0.0001468371843563,-0.0180505415162454,0.0001355641251832,-0.0216606498194945,7.514308281654528e-05,-0.0036101083032491,5.428952009695154e-05,0.0,0.0001097989576454,0.0036101083032489,0.0001735987242629,0.0072202166064982,9.205554572721855e-05,0.0108303249097472,0.0002448457356372,1.0,1.0,1.0,1.0,2.0
65,09:40:27,3,-0.0036101083032491,1656.0,-0.0054151624548737,-0.0072202166064981,7.68356384430973e-05,-0.0108303249097472,0.0001469968594154,-0.0144404332129963,0.0001468371843563,-0.0180505415162454,0.0001355641251832,-0.0216606498194945,7.514308281654528e-05,-0.0036101083032491,5.569466061710794e-05,0.0,0.0001097989576454,0.0036101083032489,0.0001735987242629,0.0072202166064982,9.205554572721855e-05,0.0108303249097472,0.0002448457356372,1.0,1.0,1.0,1.0,2.0
65,09:40:30,3,-0.0036101083032491,32266.0,-0.0054151624548737,-0.0072202166064981,9.142993884563076e-05,-0.0108303249097472,0.0001370970057507,-0.0144404332129963,0.0001469329893918,-0.0180505415162454,0.0001355641251832,-0.0216606498194945,7.514308281654528e-05,-0.0036101083032491,5.40659750141994e-05,0.0,0.0001099586327046,0.0036101083032489,0.0001735987242629,0.0072202166064982,9.205554572721855e-05,0.0108303249097472,0.0002448457356372,1.0,1.0,1.0,1.0,2.0
65,09:40:33,3,-0.0036101083032491,55100.0,-0.0054151624548737,-0.0072202166064981,8.85557877816745e-05,-0.0108303249097472,0.0001282190724642,-0.0144404332129963,0.0001469329893918,-0.0180505415162454,0.0001355641251832,-0.0216606498194945,7.514308281654528e-05,-0.0036101083032491,5.087247383202577e-05,0.0,0.0001099586327046,0.0036101083032489,0.0001735987242629,0.0072202166064982,9.205554572721855e-05,0.0108303249097472,0.0002448457356372,1.0,1.0,1.0,1.0,2.0
65,09:40:36,3,-0.0036101083032491,0.0,-0.0054151624548737,-0.0072202166064981,9.698663090261284e-05,-0.0108303249097472,0.0001259197516131,-0.0144404332129963,0.0001471245994627,-0.0180505415162454,0.0001355641251832,-0.0216606498194945,7.578178305298001e-05,-0.0036101083032491,5.412984503784287e-05,0.0,0.0001137780601184,0.0036101083032489,0.0001735987242629,0.0072202166064982,9.205554572721855e-05,0.0108303249097472,0.0002455483058973,1.0,1.0,1.0,1.0,2.0
65,09:40:39,3,-0.0072202166064981,44623.0,-0.0054151624548737,-0.0072202166064981,0.0001040442685152,-0.0108303249097472,0.0001275165022041,-0.0144404332129963,0.0001471245994627,-0.0180505415162454,0.0001355641251832,-0.0216606498194945,7.578178305298001e-05,-0.0036101083032491,5.617368579443398e-05,0.0,0.0001137780601184,0.0036101083032489,0.0001735987242629,0.0072202166064982,9.205554572721855e-05,0.0108303249097472,0.0002455483058973,1.0,1.0,1.0,1.0,2.0
65,09:40:42,3,-0.0072202166064981,0.0,-0.0054151624548737,-0.0072202166064981,0.0001040442685152,-0.0108303249097472,0.0001268778019677,-0.0144404332129963,0.0001471245994627,-0.0180505415162454,0.0001355641251832,-0.0216606498194945,7.587758808844522e-05,-0.0036101083032491,5.617368579443398e-05,0.0,0.000114033540213,0.0036101083032489,0.0001735987242629,0.0072202166064982,9.205554572721855e-05,0.0108303249097472,0.0002462828111692,1.0,1.0,1.0,1.0,2.0
65,09:40:45,3,-0.0072202166064981,0.0,-0.0054151624548737,-0.0072202166064981,0.0001048426438107,-0.0108303249097472,0.0001268778019677,-0.0144404332129963,0.0001471245994627,-0.0180505415162454,0.0001355641251832,-0.0216606498194945,7.587758808844522e-05,-0.0036101083032491,5.617368579443398e-05,0.0,0.000114033540213,0.0036101083032489,0.0001720019736718,0.0072202166064982,9.205554572721855e-05,0.0108303249097472,0.0002462828111692,1.0,1.0,1.0,1.0,2.0
65,09:40:48,3,-0.0072202166064981,2200.0,-0.0054151624548737,-0.0072202166064981,0.0001130818768607,-0.0108303249097472,0.0001268778019677,-0.0144404332129963,0.0001471245994627,-0.0180505415162454,0.0001355641251832,-0.0216606498194945,7.587758808844522e-05,-0.0036101083032491,6.217746801692038e-05,0.0,0.0001148638505204,0.0036101083032489,0.0001720019736718,0.0072202166064982,9.205554572721855e-05,0.0108303249097472,0.0002462828111692,1.0,1.0,1.0,1.0,2.0
65,09:40:51,3,-0.0072202166064981,0.0,-0.0054151624548737,-0.0072202166064981,0.0001154450677355,-0.0108303249097472,0.0001252810513766,-0.0144404332129963,0.0001471884694863,-0.0180505415162454,0.0001355641251832,-0.0216606498194945,7.587758808844522e-05,-0.0036101083032491,6.460452891537234e-05,0.0,0.0001148638505204,0.0036101083032489,0.0001720019736718,0.0072202166064982,9.365229631830536e-05,0.0108303249097472,0.0002462828111692,1.0,1.0,1.0,2.0,2.0
65,09:40:54,3,-0.0036101083032491,1104.0,-0.0054151624548737,-0.0072202166064981,0.0001157644178537,-0.0108303249097472,0.0001252810513766,-0.0144404332129963,0.000148146519841,-0.0180505415162454,0.0001355641251832,-0.0216606498194945,7.587758808844522e-05,-0.0036101083032491,6.463646392719407e-05,0.0,0.0001148638505204,0.0036101083032489,0.0001720019736718,0.0072202166064982,9.365229631830536e-05,0.0108303249097472,0.0002462828111692,1.0,1.0,1.0,2.0,2.0
65,09:40:57,3,-0.0036101083032491,0.0,-0.0054151624548737,-0.0072202166064981,0.0001157644178537,-0.0108303249097472,0.0001252810513766,-0.0144404332129963,0.000148146519841,-0.0180505415162454,0.0001355641251832,-0.0216606498194945,7.725079359677988e-05,-0.0036101083032491,6.623321451828088e-05,0.0,0.0001148638505204,0.0036101083032489,0.0001718103636009,0.0072202166064982,9.365229631830536e-05,0.0108303249097472,0.0002462828111692,1.0,1.0,1.0,2.0,2.0
65,09:41:00,3,-0.0072202166064981,55.0,-0.0054151624548737,-0.0072202166064981,0.0001186641169272,-0.0108303249097472,0.0001252810513766,-0.0144404332129963,0.0001585573336949,-0.0180505415162454,0.0001355641251832,-0.0216606498194945,7.725079359677988e-05,-0.0036101083032491,6.709545983746777e-05,0.0,0.0001148638505204,0.0036101083032489,0.0001718103636009,0.0072202166064982,9.365229631830536e-05,0.0108303249097472,0.0002462828111692,1.0,1.0,1.0,2.0,2.0
65,09:41:03,3,-0.0072202166064981,1100.0,-0.0054151624548737,-0.0072202166064981,0.0001194944272345,-0.0108303249097472,0.0001252810513766,-0.0144404332129963,0.000160154084286,-0.0180505415162454,0.0001365221755379,-0.0216606498194945,7.741046865588856e-05,-0.0036101083032491,6.725513489657645e-05,0.0,0.0001148638505204,0.0036101083032489,0.0001718103636009,0.0072202166064982,9.365229631830536e-05,0.0108303249097472,0.0002465063562519,1.0,1.0,1.0,2.0,2.0
65,09:41:06,3,-0.0072202166064981,1100.0,-0.0054151624548737,-0.0072202166064981,0.0001238375888423,-0.0108303249097472,0.0001254407264357,-0.0144404332129963,0.000160154084286,-0.0180505415162454,0.0001384382762472,-0.0216606498194945,7.741046865588856e-05,-0.0036101083032491,6.805351019211985e-05,0.0,0.0001148638505204,0.0036101083032489,0.0001730558290619,0.0072202166064982,9.365229631830536e-05,0.0108303249097472,0.0002465063562519,1.0,1.0,1.0,2.0,2.0
65,09:41:09,3,-0.0072202166064981,2200.0,-0.0054151624548737,-0.0072202166064981,0.0001219853581566,-0.0108303249097472,0.0001265265168377,-0.0144404332129963,0.000160154084286,-0.0180505415162454,0.0001384382762472,-0.0216606498194945,9.657147574893028e-05,-0.0036101083032491,6.805351019211985e-05,0.0,0.0001148638505204,0.0036101083032489,0.0001730558290619,0.0072202166064982,9.365229631830536e-05,0.0108303249097472,0.0002465063562519,1.0,1.0,1.0,2.0,2.0
65,09:41:12,3,-0.0072202166064981,5775.0,-0.0054151624548737,-0.0072202166064981,0.0001294581509229,-0.0108303249097472,0.0001281232674288,-0.0144404332129963,0.0001591960339313,-0.0180505415162454,0.0001378315110226,-0.0216606498194945,9.657147574893028e-05,-0.0036101083032491,7.12789463861152e-05,0.0,0.0001148638505204,0.0036101083032489,0.0001730558290619,0.0072202166064982,9.365229631830536e-05,0.0108303249097472,0.0002465063562519,1.0,1.0,1.0,2.0,2.0
65,09:41:15,3,-0.0072202166064981,122650.0,-0.0054151624548737,-0.0072202166064981,0.0001194305572109,-0.0108303249097472,0.0001281232674288,-0.0144404332129963,0.000160856654546,-0.0180505415162454,0.0001378315110226,-0.0216606498194945,9.657147574893028e-05,-0.0036101083032491,8.085944993263606e-05,0.0,0.0001148638505204,0.0036101083032489,0.0001730558290619,0.0072202166064982,9.365229631830536e-05,0.0108303249097472,0.0002465063562519,1.0,1.0,1.0,2.0,2.0
65,09:41:18,3,-0.0072202166064981,15950.0,-0.0054151624548737,-0.0072202166064981,0.0001193347521754,-0.0108303249097472,0.0001317638587764,-0.0144404332129963,0.000160856654546,-0.0180505415162454,0.0001378315110226,-0.0216606498194945,9.657147574893028e-05,-0.0036101083032491,7.552630295840612e-05,0.0,0.0001148638505204,0.0036101083032489,0.0001730558290619,0.0072202166064982,9.365229631830536e-05,0.0108303249097472,0.0002465063562519,1.0,1.0,1.0,2.0,2.0
65,09:41:21,3,-0.0072202166064981,134200.0,-0.0054151624548737,-0.0072202166064981,0.0001047085167611,-0.0108303249097472,0.0001317638587764,-0.0144404332129963,0.000160856654546,-0.0180505415162454,0.0001378315110226,-0.0216606498194945,9.657147574893028e-05,-0.0036101083032491,7.552630295840612e-05,0.0,0.0001148638505204,0.0036101083032489,0.0001730558290619,0.0072202166064982,9.365229631830536e-05,0.0108303249097472,0.000246666031311,1.0,1.0,1.0,2.0,2.0
65,09:41:24,3,-0.0036101083032491,29808.0,-0.0054151624548737,-0.0072202166064981,0.0001056665671157,-0.0108303249097472,0.0001298158230553,-0.0144404332129963,0.0001626769502199,-0.0180505415162454,0.0001378315110226,-0.0216606498194945,9.657147574893028e-05,-0.0036101083032491,7.217312671712382e-05,0.0,0.0001148638505204,0.0036101083032489,0.0001730558290619,0.0072202166064982,9.365229631830536e-05,0.0108303249097472,0.000246666031311,1.0,1.0,1.0,2.0,2.0
65,09:41:27,3,-0.0072202166064981,128430.0,-0.0054151624548737,-0.0072202166064981,9.420189787175744e-05,-0.0108303249097472,0.0001298158230553,-0.0144404332129963,0.0001632517804327,-0.0180505415162454,0.0001378315110226,-0.0216606498194945,9.657147574893028e-05,-0.0036101083032491,7.022509099599791e-05,0.0,0.0001148638505204,0.0036101083032489,0.0001730558290619,0.0072202166064982,9.365229631830536e-05,0.0108303249097472,0.0002464424862283,1.0,1.0,1.0,2.0,2.0
65,09:41:30,3,-0.0072202166064981,27500.0,-0.0054151624548737,-0.0072202166064981,9.167903193784029e-05,-0.0108303249097472,0.0001301351731735,-0.0144404332129963,0.0001632517804327,-0.0180505415162454,0.0001378315110226,-0.0216606498194945,9.657147574893028e-05,-0.0036101083032491,7.246054182351945e-05,0.0,0.0001148638505204,0.0036101083032489,0.0001730558290619,0.0072202166064982,9.365229631830536e-05,0.0108303249097472,0.0002448457356372,1.0,1.0,1.0,2.0,2.0
65,09:41:33,3,-0.0072202166064981,4950.0,-0.0054151624548737,-0.0072202166064981,8.96671261930709e-05,-0.0108303249097472,0.0001301351731735,-0.0144404332129963,0.0001632198454208,-0.0180505415162454,0.0001378315110226,-0.0216606498194945,9.657147574893028e-05,-0.0036101083032491,7.246054182351945e-05,0.0,0.0001148638505204,0.0036101083032489,0.0001730558290619,0.0072202166064982,9.365229631830536e-05,0.0108303249097472,0.0002448457356372,1.0,1.0,1.0,2.0,2.0
65,09:41:36,3,-0.0072202166064981,3300.0,-0.0054151624548737,-0.0072202166064981,9.088065664229688e-05,-0.0108303249097472,0.0001320832088947,-0.0144404332129963,0.0001632198454208,-0.0180505415162454,0.0001378315110226,-0.0216606498194945,9.657147574893028e-05,-0.0036101083032491,7.246054182351945e-05,0.0,0.0001148638505204,0.0036101083032489,0.0001730558290619,0.0072202166064982,9.365229631830536e-05,0.0108303249097472,0.0002448457356372,1.0,1.0,1.0,2.0,2.0
65,09:41:39,3,-0.0036101083032491,66560.0,-0.0054151624548737,-0.0072202166064981,8.583492477446257e-05,-0.0108303249097472,0.000138470211259,-0.0144404332129963,0.0001632198454208,-0.0180505415162454,0.0001378315110226,-0.0216606498194945,9.657147574893028e-05,-0.0036101083032491,7.37379422963889e-05,0.0,0.0001148638505204,0.0036101083032489,0.0001730558290619,0.0072202166064982,9.365229631830536e-05,0.0108303249097472,0.0002448457356372,1.0,1.0,1.0,2.0,2.0
65,09:41:42,3,-0.0072202166064981,825.0,-0.0054151624548737,-0.0072202166064981,8.573911973899736e-05,-0.0108303249097472,0.000138470211259,-0.0144404332129963,0.0001632198454208,-0.0180505415162454,0.0001439949683042,-0.0216606498194945,9.657147574893028e-05,-0.0036101083032491,7.37379422963889e-05,0.0,0.0001148638505204,0.0036101083032489,0.0001730558290619,0.0072202166064982,9.365229631830536e-05,0.0108303249097472,0.0002448457356372,1.0,1.0,1.0,2.0,2.0
65,09:41:45,3,-0.0072202166064981,28136.0,-0.0054151624548737,-0.0072202166064981,8.573911973899736e-05,-0.0108303249097472,0.0001382147311644,-0.0144404332129963,0.0001632198454208,-0.0180505415162454,0.0001439949683042,-0.0216606498194945,9.657147574893028e-05,-0.0036101083032491,7.16302315161543e-05,0.0,0.0001148638505204,0.0036101083032489,0.0001730558290619,0.0072202166064982,9.365229631830536e-05,0.0108303249097472,0.0002448457356372,1.0,1.0,1.0,2.0,2.0
65,09:41:48,3,-0.0072202166064981,8250.0,-0.0054151624548737,-0.0072202166064981,8.481300439616701e-05,-0.0108303249097472,0.0001382147311644,-0.0144404332129963,0.0001641778957755,-0.0180505415162454,0.0001439949683042,-0.0216606498194945,9.657147574893028e-05,-0.0036101083032491,7.166216652797604e-05,0.0,0.0001148638505204,0.0036101083032489,0.0001730558290619,0.0072202166064982,9.365229631830536e-05,0.0108303249097472,0.0002448457356372,1.0,1.0,1.0,2.0,2.0
65,09:41:51,3,-0.0072202166064981,315976.0,-0.0054151624548737,-0.0072202166064981,4.859870099031815e-05,-0.0108303249097472,0.0001385979513063,-0.0144404332129963,0.0001654552962484,-0.0180505415162454,0.0001439949683042,-0.0216606498194945,0.000246666031311,-0.0036101083032491,7.16302315161543e-05,0.0,0.0001148638505204,0.0036101083032489,0.0001730558290619,0.0072202166064982,9.365229631830536e-05,0.0108303249097472,0.0002448457356372,1.0,1.0,2.0,2.0,2.0
65,09:41:54,3,-0.0036101083032491,4140.0,-0.0054151624548737,-0.0072202166064981,4.01678578693798e-05,-0.0108303249097472,0.0001385979513063,-0.0144404332129963,0.0001654552962484,-0.0180505415162454,0.0001439949683042,-0.0216606498194945,0.000246666031311,-0.0036101083032491,7.111927132700652e-05,0.0,0.0001148638505204,0.0036101083032489,0.0001723532588019,0.0072202166064982,9.365229631830536e-05,0.0108303249097472,0.0002448457356372,1.0,1.0,2.0,2.0,2.0
65,09:41:57,3,-0.0072202166064981,55275.0,-0.0054151624548737,-0.0072202166064981,3.4068270611428183e-05,-0.0108303249097472,0.0001395560016609,-0.0144404332129963,0.0001654552962484,-0.0180505415162454,0.0001439949683042,-0.0216606498194945,0.000246666031311,-0.0036101083032491,7.108733631518479e-05,0.0,0.0001148638505204,0.0036101083032489,0.0001723532588019,0.0072202166064982,9.365229631830536e-05,0.0108303249097472,0.0002448457356372,1.0,1.0,2.0,2.0,2.0
65,09:42:00,3,-0.0072202166064981,10726.0,-0.0054151624548737,-0.0072202166064981,3.189668980755012e-05,-0.0108303249097472,0.0001398114817555,-0.0144404332129963,0.000165519166272,-0.0180505415162454,0.0001439949683042,-0.0216606498194945,0.000246666031311,-0.0036101083032491,7.105540130336305e-05,0.0,0.0001148638505204,0.0036101083032489,0.0001723532588019,0.0072202166064982,9.365229631830536e-05,0.0108303249097472,0.0002448457356372,1.0,1.0,2.0,2.0,2.0
65,09:42:03,3,-0.0072202166064981,27038.0,-0.0054151624548737,-0.0072202166064981,3.6048241344375824e-05,-0.0108303249097472,0.0001398114817555,-0.0144404332129963,0.0001661578665084,-0.0180505415162454,0.0001439949683042,-0.0216606498194945,0.0002786329781446,-0.0036101083032491,6.824512026305027e-05,0.0,0.0001151832006386,0.0036101083032489,0.0001723532588019,0.0072202166064982,9.365229631830536e-05,0.0108303249097472,0.0002448457356372,1.0,1.0,2.0,2.0,2.0
65,09:42:06,3,-0.0072202166064981,30250.0,-0.0054151624548737,-0.0072202166064981,3.253539004398484e-05,-0.0108303249097472,0.0001398114817555,-0.0144404332129963,0.0001694152377143,-0.0180505415162454,0.0001439949683042,-0.0216606498194945,0.0002786329781446,-0.0036101083032491,6.866027541673283e-05,0.0,0.0001108719740427,0.0036101083032489,0.0001705648981398,0.0072202166064982,9.365229631830536e-05,0.0108303249097472,0.0002448457356372,1.0,1.0,2.0,2.0,2.0
65,09:42:09,3,-0.0072202166064981,29150.0,-0.0054151624548737,-0.0072202166064981,3.553728115522805e-05,-0.0108303249097472,0.0001498071404557,-0.0144404332129963,0.0001694152377143,-0.0180505415162454,0.0001439949683042,-0.0216606498194945,0.0002786329781446,-0.0036101083032491,6.866027541673283e-05,0.0,0.0001108719740427,0.0036101083032489,0.0001705648981398,0.0072202166064982,9.362036130648363e-05,0.0108303249097472,0.0002448457356372,1.0,1.0,2.0,2.0,2.0
65,09:42:12,3,-0.0072202166064981,46750.0,-0.0054151624548737,-0.0072202166064981,3.1257989571115395e-05,-0.0108303249097472,0.0001498071404557,-0.0144404332129963,0.0001705010281162,-0.0180505415162454,0.0001471884694863,-0.0216606498194945,0.0002786329781446,-0.0036101083032491,6.866027541673283e-05,0.0,0.0001108719740427,0.0036101083032489,0.0001705648981398,0.0072202166064982,9.457841166113572e-05,0.0108303249097472,0.0002448457356372,1.0,1.0,2.0,2.0,2.0
65,09:42:15,3,-0.0072202166064981,67650.0,-0.0054151624548737,-0.0072202166064981,2.736191812886358e-05,-0.0108303249097472,0.0001498071404557,-0.0144404332129963,0.0001705010281162,-0.0180505415162454,0.0001471884694863,-0.0216606498194945,0.0002786329781446,-0.0036101083032491,6.872414544037631e-05,0.0,0.0001108719740427,0.0036101083032489,0.0001705648981398,0.0072202166064982,9.457841166113572e-05,0.0108303249097472,0.0002448457356372,1.0,1.0,2.0,2.0,2.0
65,09:42:18,3,-0.0036101083032491,194732.0,-0.0054151624548737,-0.0072202166064981,3.058735432285893e-05,-0.0108303249097472,0.0001466136392735,-0.0144404332129963,0.0001706926381871,-0.0180505415162454,0.0001471884694863,-0.0216606498194945,0.0002786329781446,-0.0036101083032491,5.013796856012584e-05,0.0,0.0001108719740427,0.0036101083032489,0.0001705648981398,0.0072202166064982,9.457841166113572e-05,0.0108303249097472,0.0002448457356372,1.0,1.0,2.0,2.0,2.0
65,09:42:21,3,-0.0036101083032491,0.0,-0.0054151624548737,-0.0072202166064981,3.058735432285893e-05,-0.0108303249097472,0.0001542461070989,-0.0144404332129963,0.0001706926381871,-0.0180505415162454,0.0001471884694863,-0.0216606498194945,0.0002786329781446,-0.0036101083032491,5.0393448654699726e-05,0.0,0.0001108719740427,0.0036101083032489,0.0001705648981398,0.0072202166064982,9.457841166113572e-05,0.0108303249097472,0.0002448457356372,1.0,2.0,2.0,2.0,2.0
65,09:42:24,3,-0.0072202166064981,11550.0,-0.0054151624548737,-0.0072202166064981,2.988478406278074e-05,-0.0108303249097472,0.0001542461070989,-0.0144404332129963,0.0001706926381871,-0.0180505415162454,0.0001471884694863,-0.0216606498194945,0.0002786329781446,-0.0036101083032491,5.0393448654699726e-05,0.0,0.0001108719740427,0.0036101083032489,0.0001705648981398,0.0072202166064982,9.457841166113572e-05,0.0108303249097472,0.0002448457356372,1.0,2.0,2.0,2.0,2.0
65,09:42:27,3,-0.0072202166064981,33275.0,-0.0054151624548737,-0.0072202166064981,2.602064763235066e-05,-0.0108303249097472,0.0001542461070989,-0.0144404332129963,0.0001706926381871,-0.0180505415162454,0.0001471884694863,-0.0216606498194945,0.0002786329781446,-0.0036101083032491,5.11598889384214e-05,0.0,0.0001108719740427,0.0036101083032489,0.0001705648981398,0.0072202166064982,9.457841166113572e-05,0.0108303249097472,0.0002454844358736,1.0,2.0,2.0,2.0,2.0
65,09:42:30,3,-0.0072202166064981,2200.0,-0.0054151624548737,-0.0072202166064981,2.608451765599413e-05,-0.0108303249097472,0.0001566412329856,-0.0144404332129963,0.0001706926381871,-0.0180505415162454,0.0001470926644509,-0.0216606498194945,0.0002786329781446,-0.0036101083032491,5.020183858376931e-05,0.0,0.0001108719740427,0.0036101083032489,0.0001705648981398,0.0072202166064982,9.457841166113572e-05,0.0108303249097472,0.0002454844358736,1.0,2.0,2.0,2.0,2.0
65,09:42:33,3,-0.0072202166064981,11275.0,-0.0054151624548737,-0.0072202166064981,2.4934857230411627e-05,-0.0108303249097472,0.0001585573336949,-0.0144404332129963,0.0001865324040507,-0.0180505415162454,0.0001470926644509,-0.0216606498194945,0.0002786329781446,-0.0036101083032491,5.9846212153933645e-05,0.0,0.0001108719740427,0.0036101083032489,0.0001705648981398,0.0072202166064982,9.457841166113572e-05,0.0108303249097472,0.0002454844358736,1.0,2.0,2.0,2.0,2.0
65,09:42:36,3,-0.0072202166064981,7975.0,-0.0054151624548737,-0.0072202166064981,3.362118044592388e-05,-0.0108303249097472,0.0001588766838131,-0.0144404332129963,0.0001865324040507,-0.0180505415162454,0.0001470926644509,-0.0216606498194945,0.0002786329781446,-0.0036101083032491,6.291197328882031e-05,0.0,0.0001108719740427,0.0036101083032489,0.0001703413530571,0.0072202166064982,9.457841166113572e-05,0.0108303249097472,0.0002454844358736,2.0,2.0,2.0,2.0,2.0
65,09:42:39,3,-0.0072202166064981,14025.0,-0.0054151624548737,-0.0072202166064981,3.199249484301533e-05,-0.0108303249097472,0.0001595153840495,-0.0144404332129963,0.0001871711042871,-0.0180505415162454,0.0001470926644509,-0.0216606498194945,0.0002786329781446,-0.0036101083032491,6.380615361982894e-05,0.0,0.0001108719740427,0.0036101083032489,0.0001639543506927,0.0072202166064982,9.457841166113572e-05,0.0108303249097472,0.0002474005365829,2.0,2.0,2.0,2.0,2.0
65,09:42:42,3,-0.0072202166064981,8800.0,-0.0054151624548737,-0.0072202166064981,3.097057446471977e-05,-0.0108303249097472,0.0001633475854681,-0.0144404332129963,0.0001871711042871,-0.0180505415162454,0.0001470926644509,-0.0216606498194945,0.0002786329781446,-0.0036101083032491,6.454065889172887e-05,0.0,0.0001108719740427,0.0036101083032489,0.0001639543506927,0.0072202166064982,9.457841166113572e-05,0.0108303249097472,0.0002474005365829,2.0,2.0,2.0,2.0,2.0
65,09:42:45,3,-0.0036101083032491,332008.0,-0.0054151624548737,-0.0072202166064981,3.0331874228285045e-05,-0.0108303249097472,0.0001648485310238,-0.0144404332129963,0.0001871711042871,-0.0180505415162454,0.0001470926644509,-0.0216606498194945,0.0002787926532037,-0.0036101083032491,2.6889279953901884e-05,0.0,0.0001102013387944,0.0036101083032489,0.0001639543506927,0.0072202166064982,9.457841166113572e-05,0.0108303249097472,0.0002474005365829,2.0,2.0,2.0,2.0,2.0
65,09:42:48,3,-0.0072202166064981,26675.0,-0.0054151624548737,-0.0072202166064981,3.381279051685429e-05,-0.0108303249097472,0.0001648485310238,-0.0144404332129963,0.0001871711042871,-0.0180505415162454,0.0001493281152784,-0.0216606498194945,0.0002787926532037,-0.0036101083032491,2.3855453830836942e-05,0.0,0.0001102013387944,0.0036101083032489,0.0001639543506927,0.0072202166064982,9.457841166113572e-05,0.0108303249097472,0.0002474005365829,2.0,2.0,2.0,2.0,2.0
65,09:42:51,3,-0.0036101083032491,207828.0,-0.0018050541516246,-0.0036101083032491,5.0521188701986674e-05,-0.0072202166064981,3.920980751472771e-05,-0.0108303249097472,0.0001648485310238,-0.0144404332129963,0.0001871711042871,-0.0180505415162454,0.0001483381299119,0.0,0.0001102013387944,0.0036101083032489,0.0001639543506927,0.0072202166064982,9.457841166113572e-05,0.0108303249097472,0.0002474005365829,0.0144404332129963,0.0001411846872638,1.0,1.0,1.0,1.0,1.0
65,09:42:54,3,-0.0036101083032491,103500.0,-0.0018050541516246,-0.0036101083032491,3.85455592688356e-05,-0.0072202166064981,4.01678578693798e-05,-0.0108303249097472,0.0001648485310238,-0.0144404332129963,0.0001887678548782,-0.0180505415162454,0.0001483381299119,0.0,0.0001105206889126,0.0036101083032489,0.0001639543506927,0.0072202166064982,9.457841166113572e-05,0.0108303249097472,0.0002474005365829,0.0144404332129963,0.0001411846872638,1.0,1.0,1.0,1.0,1.0
65,09:42:57,3,-0.0036101083032491,0.0,-0.0018050541516246,-0.0036101083032491,3.867329931612254e-05,-0.0072202166064981,5.61353637802479e-05,-0.0108303249097472,0.0001648485310238,-0.0144404332129963,0.0001887678548782,-0.0180505415162454,0.000148497804971,0.0,0.0001106803639717,0.0036101083032489,0.0001639543506927,0.0072202166064982,9.457841166113572e-05,0.0108303249097472,0.0002474005365829,0.0144404332129963,0.0001411846872638,1.0,1.0,1.0,1.0,0.0
65,09:43:00,3,-0.0036101083032491,1932.0,-0.0018050541516246,-0.0036101083032491,4.228195565197873e-05,-0.0072202166064981,5.61353637802479e-05,-0.0108303249097472,0.0001648485310238,-0.0144404332129963,0.0001887678548782,-0.0180505415162454,0.000148497804971,0.0,0.0001113829342318,0.0036101083032489,0.0001639543506927,0.0072202166064982,9.457841166113572e-05,0.0108303249097472,0.0002474005365829,0.0144404332129963,0.0001411846872638,1.0,1.0,1.0,1.0,0.0
65,09:43:03,3,-0.0036101083032491,3588.0,-0.0018050541516246,-0.0036101083032491,4.186680049829616e-05,-0.0072202166064981,5.594375370931748e-05,-0.0108303249097472,0.0001652317511656,-0.0144404332129963,0.0001887678548782,-0.0180505415162454,0.000148497804971,0.0,0.0001108719740427,0.0036101083032489,0.0001639543506927,0.0072202166064982,9.457841166113572e-05,0.0108303249097472,0.0002474324715948,0.0144404332129963,0.0001411846872638,1.0,1.0,1.0,1.0,0.0
65,09:43:06,3,0.0,5540.0,-0.0018050541516246,-0.0036101083032491,4.250550073473089e-05,-0.0072202166064981,5.91372548914911e-05,-0.0108303249097472,0.0001652317511656,-0.0144404332129963,0.0001887678548782,-0.0180505415162454,0.000148497804971,0.0,0.0001102332738062,0.0036101083032489,0.0001639543506927,0.0072202166064982,9.457841166113572e-05,0.0108303249097472,0.0002451970207672,0.0144404332129963,0.0001411846872638,1.0,1.0,1.0,1.0,0.0
65,09:43:09,3,0.0,0.0,-0.0018050541516246,-0.0036101083032491,5.847300664559899e-05,-0.0072202166064981,6.616295749227307e-05,-0.0108303249097472,0.0001652317511656,-0.0144404332129963,0.0001894065551147,-0.0180505415162454,0.000148497804971,0.0,0.0001103610138535,0.0036101083032489,0.0001639543506927,0.0072202166064982,9.457841166113572e-05,0.0108303249097472,0.0002451970207672,0.0144404332129963,0.0001411846872638,1.0,1.0,1.0,1.0,0.0
65,09:43:12,3,-0.0036101083032491,276.0,-0.0018050541516246,-0.0036101083032491,6.035717234308142e-05,-0.0072202166064981,6.833453829615113e-05,-0.0108303249097472,0.0001652636861774,-0.0144404332129963,0.0001894065551147,-0.0180505415162454,0.000148497804971,0.0,0.0001103610138535,0.0036101083032489,0.0001639543506927,0.0072202166064982,9.457841166113572e-05,0.0108303249097472,0.0002451970207672,0.0144404332129963,0.0001415040373821,1.0,1.0,1.0,1.0,0.0
65,09:43:15,3,-0.0036101083032491,5816.0,-0.0018050541516246,-0.0036101083032491,6.099587257951615e-05,-0.0072202166064981,6.833453829615113e-05,-0.0108303249097472,0.0001628685602908,-0.0144404332129963,0.0001894065551147,-0.0180505415162454,0.000148497804971,0.0,0.0001103610138535,0.0036101083032489,0.0001639543506927,0.0072202166064982,9.457841166113572e-05,0.0108303249097472,0.0002451970207672,0.0144404332129963,0.0001415040373821,1.0,1.0,1.0,1.0,0.0
65,09:43:18,3,-0.0036101083032491,0.0,-0.0018050541516246,-0.0036101083032491,6.099587257951615e-05,-0.0072202166064981,6.951613373355536e-05,-0.0108303249097472,0.0001628685602908,-0.0144404332129963,0.0001894065551147,-0.0180505415162454,0.000148497804971,0.0,0.0001117661543737,0.0036101083032489,0.0001639543506927,0.0072202166064982,9.441873660202704e-05,0.0108303249097472,0.0002432170500343,0.0144404332129963,0.0001415040373821,1.0,1.0,1.0,1.0,0.0
65,09:43:21,3,-0.0036101083032491,38916.0,-0.0018050541516246,-0.0036101083032491,6.789383513301116e-05,-0.0072202166064981,6.951613373355536e-05,-0.0108303249097472,0.0001628685602908,-0.0144404332129963,0.0001894065551147,-0.0180505415162454,0.000148497804971,0.0,0.0001117661543737,0.0036101083032489,0.0001639543506927,0.0072202166064982,9.441873660202704e-05,0.0108303249097472,0.0002432170500343,0.0144404332129963,0.0001415040373821,1.0,1.0,1.0,1.0,0.0
65,09:43:24,3,0.0,20498.0,-0.0018050541516246,-0.0036101083032491,7.108733631518479e-05,-0.0072202166064981,7.318866009305504e-05,-0.0108303249097472,0.0001622617950662,-0.0144404332129963,0.0001894065551147,-0.0180505415162454,0.000148497804971,0.0,0.0001094348985107,0.0036101083032489,0.0001639543506927,0.0072202166064982,9.441873660202704e-05,0.0108303249097472,0.0002432170500343,0.0144404332129963,0.0001418233875003,1.0,1.0,1.0,1.0,0.0
65,09:43:27,3,-0.0036101083032491,1104.0,-0.0018050541516246,-0.0036101083032491,7.159829650433256e-05,-0.0072202166064981,7.382736032948975e-05,-0.0108303249097472,0.0001622617950662,-0.0144404332129963,0.0001894065551147,-0.0180505415162454,0.000148497804971,0.0,0.0001094348985107,0.0036101083032489,0.0001639543506927,0.0072202166064982,9.441873660202704e-05,0.0108303249097472,0.0002432170500343,0.0144404332129963,0.0001420788675949,1.0,1.0,1.0,1.0,0.0
65,09:43:30,3,0.0,2770.0,-0.0018050541516246,-0.0036101083032491,8.632033695415296e-05,-0.0072202166064981,7.382736032948975e-05,-0.0108303249097472,0.0001622617950662,-0.0144404332129963,0.0001894065551147,-0.0180505415162454,0.000148497804971,0.0,0.0001094029634989,0.0036101083032489,0.0001639543506927,0.0072202166064982,9.441873660202704e-05,0.0108303249097472,0.0002432170500343,0.0144404332129963,0.0001420788675949,1.0,1.0,1.0,1.0,0.0
65,09:43:33,3,-0.0036101083032491,119309.0,-0.0018050541516246,-0.0036101083032491,8.893900792353532e-05,-0.0072202166064981,7.734021162988074e-05,-0.0108303249097472,0.0001622617950662,-0.0144404332129963,0.0001894065551147,-0.0180505415162454,0.000148497804971,0.0,0.0001134587100002,0.0036101083032489,0.0001637946756336,0.0072202166064982,9.441873660202704e-05,0.0108303249097472,0.0002432170500343,0.0144404332129963,0.0001420788675949,1.0,1.0,1.0,1.0,0.0
65,09:43:36,3,0.0,32881.0,-0.0018050541516246,-0.0036101083032491,8.632033695415296e-05,-0.0072202166064981,7.740408165352421e-05,-0.0108303249097472,0.0001622617950662,-0.0144404332129963,0.0001881291546418,-0.0180505415162454,0.000148497804971,0.0,0.0001138099951303,0.0036101083032489,0.0001637946756336,0.0072202166064982,9.55364620157878e-05,0.0108303249097472,0.0002432170500343,0.0144404332129963,0.0001420788675949,1.0,1.0,1.0,1.0,0.0
65,09:43:39,3,0.0,10248.0,-0.0018050541516246,-0.0036101083032491,8.568163671771823e-05,-0.0072202166064981,7.804278188995893e-05,-0.0108303249097472,0.0001632198454208,-0.0144404332129963,0.0001881291546418,-0.0180505415162454,0.0001465497692499,0.0,0.0001126603347047,0.0036101083032489,0.0001637946756336,0.0072202166064982,9.585581213400516e-05,0.0108303249097472,0.0002432170500343,0.0144404332129963,0.0001420788675949,1.0,1.0,1.0,1.0,0.0
65,09:43:42,3,-0.0036101083032491,1380.0,-0.0018050541516246,-0.0036101083032491,8.552196165860955e-05,-0.0072202166064981,8.037403775294568e-05,-0.0108303249097472,0.0001656149713075,-0.0144404332129963,0.0001849356534596,-0.0180505415162454,0.0001465497692499,0.0,0.0001126603347047,0.0036101083032489,0.0001637946756336,0.0072202166064982,9.560033203943128e-05,0.0108303249097472,0.0002432170500343,0.0144404332129963,0.0001436756181859,1.0,1.0,1.0,1.0,0.0
65,09:43:45,3,0.0,27976.0,-0.0018050541516246,-0.0036101083032491,8.750193239155719e-05,-0.0072202166064981,8.037403775294568e-05,-0.0108303249097472,0.0001656149713075,-0.0144404332129963,0.0001817421522775,-0.0180505415162454,0.0001465497692499,0.0,0.0001094668335225,0.0036101083032489,0.0001637946756336,0.0072202166064982,9.591968215764863e-05,0.0108303249097472,0.0002464105512165,0.0144404332129963,0.0001404821170038,1.0,1.0,1.0,1.0,0.0
65,09:43:48,3,0.0,16620.0,-0.0018050541516246,-0.0036101083032491,9.318636449582623e-05,-0.0072202166064981,8.037403775294568e-05,-0.0108303249097472,0.0001656149713075,-0.0144404332129963,0.0001817421522775,-0.0180505415162454,0.0001465497692499,0.0,0.0001088281332861,0.0036101083032489,0.0001637946756336,0.0072202166064982,9.591968215764863e-05,0.0108303249097472,0.0002464105512165,0.0144404332129963,0.0001404821170038,1.0,1.0,1.0,1.0,0.0
65,09:43:51,3,0.0,163980.0,-0.0018050541516246,-0.0036101083032491,8.807676260434845e-05,-0.0072202166064981,8.037403775294568e-05,-0.0108303249097472,0.0001681697722532,-0.0144404332129963,0.0001817421522775,-0.0180505415162454,0.0001465497692499,0.0,9.005034633493174e-05,0.0036101083032489,0.0001641778957755,0.0072202166064982,9.591968215764863e-05,0.0108303249097472,0.0002472408615238,0.0144404332129963,0.0001404821170038,1.0,1.0,1.0,1.0,0.0
65,09:43:54,3,0.0,13850.0,-0.0018050541516246,-0.0036101083032491,8.967351319543526e-05,-0.0072202166064981,8.037403775294568e-05,-0.0108303249097472,0.0001681697722532,-0.0144404332129963,0.0001817421522775,-0.0180505415162454,0.0001465497692499,0.0,8.854940077931014e-05,0.0036101083032489,0.0001648165960119,0.0072202166064982,9.591968215764863e-05,0.0108303249097472,0.0002472408615238,0.0144404332129963,0.0001411208172402,1.0,1.0,1.0,1.0,0.0
65,09:43:57,3,0.0,28527.0,-0.0018050541516246,-0.0036101083032491,8.954577314814831e-05,-0.0072202166064981,8.037403775294568e-05,-0.0108303249097472,0.0001681697722532,-0.0144404332129963,0.0001817421522775,-0.0180505415162454,0.0001465497692499,0.0,8.874101085024056e-05,0.0036101083032489,0.0001611760046643,0.0072202166064982,9.591968215764863e-05,0.0108303249097472,0.0002472408615238,0.0144404332129963,0.0001414401673584,1.0,1.0,1.0,0.0,0.0
65,09:44:00,3,0.0,47920.0,-0.0018050541516246,-0.0036101083032491,8.951383813632657e-05,-0.0072202166064981,8.069338787116304e-05,-0.0108303249097472,0.0001681697722532,-0.0144404332129963,0.0001817421522775,-0.0180505415162454,0.0001465497692499,0.0,8.318431879325846e-05,0.0036101083032489,0.0001611760046643,0.0072202166064982,9.591968215764863e-05,0.0108303249097472,0.0002472408615238,0.0144404332129963,0.0001414401673584,1.0,1.0,1.0,0.0,0.0
65,09:44:03,3,-0.0036101083032491,2484.0,-0.0018050541516246,-0.0036101083032491,8.922642302993095e-05,-0.0072202166064981,8.094886796573693e-05,-0.0108303249097472,0.0001681697722532,-0.0144404332129963,0.0001827002026321,-0.0180505415162454,0.0001509887358931,0.0,0.0001128519447756,0.0036101083032489,0.0001618147049007,0.0072202166064982,9.591968215764863e-05,0.0108303249097472,0.0002472408615238,0.0144404332129963,0.0001414401673584,1.0,1.0,1.0,0.0,0.0
65,09:44:06,3,-0.0036101083032491,65186.0,-0.0018050541516246,-0.0036101083032491,8.711871224969636e-05,-0.0072202166064981,8.510041950256263e-05,-0.0108303249097472,0.0001681697722532,-0.0144404332129963,0.0001824766575494,-0.0180505415162454,0.0001509887358931,0.0,0.0001114148692436,0.0036101083032489,0.0001618147049007,0.0072202166064982,9.591968215764863e-05,0.0108303249097472,0.0002472408615238,0.0144404332129963,0.0001414401673584,1.0,1.0,1.0,0.0,0.0
65,09:44:09,3,-0.0036101083032491,5811.0,-0.0018050541516246,-0.0036101083032491,9.155767889291768e-05,-0.0072202166064981,8.685684515275813e-05,-0.0108303249097472,0.0001681697722532,-0.0144404332129963,0.0001827960076676,-0.0180505415162454,0.0001509887358931,0.0,0.0001109358440663,0.0036101083032489,0.0001618147049007,0.0072202166064982,9.591968215764863e-05,0.0108303249097472,0.0002476879516893,0.0144404332129963,0.0001414401673584,1.0,1.0,1.0,0.0,0.0
65,09:44:12,3,-0.0036101083032491,1656.0,-0.0018050541516246,-0.0036101083032491,9.158961390473944e-05,-0.0072202166064981,8.685684515275813e-05,-0.0108303249097472,0.0001681697722532,-0.0144404332129963,0.0001827960076676,-0.0180505415162454,0.0001509887358931,0.0,0.0001109039090545,0.0036101083032489,0.0001618147049007,0.0072202166064982,9.591968215764863e-05,0.0108303249097472,0.0002476879516893,0.0144404332129963,0.0001414401673584,1.0,1.0,1.0,0.0,0.0
65,09:44:15,3,-0.0036101083032491,33790.0,-0.0018050541516246,-0.0036101083032491,9.497472515784348e-05,-0.0072202166064981,8.755941541283632e-05,-0.0108303249097472,0.0001689681475488,-0.0144404332129963,0.0001859895088497,-0.0180505415162454,0.0001519467862478,0.0,0.0001071355776595,0.0036101083032489,0.0001627727552553,0.0072202166064982,9.591968215764863e-05,0.0108303249097472,0.0002476879516893,0.0144404332129963,0.0001414401673584,1.0,1.0,1.0,0.0,0.0
65,09:44:18,3,-0.0036101083032491,7177.0,-0.0018050541516246,-0.0036101083032491,9.433602492140874e-05,-0.0072202166064981,9.190257702059244e-05,-0.0108303249097472,0.0001674352669813,-0.0144404332129963,0.0001859895088497,-0.0180505415162454,0.0003020413418099,0.0,0.0001131712948938,0.0036101083032489,0.0001644333758701,0.0072202166064982,9.591968215764863e-05,0.0108303249097472,0.0002476879516893,0.0144404332129963,0.0001414401673584,1.0,1.0,1.0,0.0,0.0
65,09:44:21,3,-0.0036101083032491,1935.0,-0.0018050541516246,-0.0036101083032491,9.67630858198607e-05,-0.0072202166064981,9.190257702059244e-05,-0.0108303249097472,0.000168393317336,-0.0144404332129963,0.0001859895088497,-0.0180505415162454,0.0003020413418099,0.0,0.0001197818423409,0.0036101083032489,0.0001644333758701,0.0072202166064982,9.591968215764863e-05,0.0108303249097472,0.0002476879516893,0.0144404332129963,0.0001414401673584,1.0,1.0,1.0,0.0,0.0
65,09:44:24,3,0.0,49533.0,-0.0018050541516246,-0.0036101083032491,9.516633522877387e-05,-0.0072202166064981,9.190257702059244e-05,-0.0108303249097472,0.000168393317336,-0.0144404332129963,0.0001859895088497,-0.0180505415162454,0.0003020413418099,0.0,9.340352257621405e-05,0.0036101083032489,0.0001644333758701,0.0072202166064982,9.591968215764863e-05,0.0108303249097472,0.0002476879516893,0.0144404332129963,0.0001382466661762,1.0,1.0,1.0,0.0,0.0
65,09:44:27,3,0.0,27700.0,-0.0018050541516246,-0.0036101083032491,9.529407527606084e-05,-0.0072202166064981,9.381867772989662e-05,-0.0108303249097472,0.000168393317336,-0.0144404332129963,0.0001859895088497,-0.0180505415162454,0.0003020413418099,0.0,9.036969645314911e-05,0.0036101083032489,0.0001644333758701,0.0072202166064982,9.591968215764863e-05,0.0108303249097472,0.0002476879516893,0.0144404332129963,0.0001382466661762,1.0,1.0,1.0,0.0,0.0
65,09:44:30,3,-0.0036101083032491,1657.0,-0.0018050541516246,-0.0036101083032491,9.513440021695216e-05,-0.0072202166064981,9.39783527890053e-05,-0.0108303249097472,0.000168393317336,-0.0144404332129963,0.0001855424186842,-0.0180505415162454,0.0003020413418099,0.0,9.033776144132738e-05,0.0036101083032489,0.0001644333758701,0.0072202166064982,9.598355218129212e-05,0.0108303249097472,0.0002476879516893,0.0144404332129963,0.0001382466661762,1.0,1.0,1.0,0.0,0.0
65,09:44:33,3,0.0,831.0,-0.0018050541516246,-0.0036101083032491,9.513440021695216e-05,-0.0072202166064981,9.49364031436574e-05,-0.0108303249097472,0.000168393317336,-0.0144404332129963,0.0001855424186842,-0.0180505415162454,0.0003020413418099,0.0,9.346739259985752e-05,0.0036101083032489,0.0001644333758701,0.0072202166064982,9.326907617644454e-05,0.0108303249097472,0.0002476879516893,0.0144404332129963,0.0001382466661762,1.0,1.0,1.0,0.0,0.0
65,09:44:36,3,-0.0036101083032491,20217.0,-0.0018050541516246,-0.0036101083032491,9.749759109176064e-05,-0.0072202166064981,9.509607820276608e-05,-0.0108303249097472,0.000168393317336,-0.0144404332129963,0.0001855424186842,-0.0180505415162454,0.0003020413418099,0.0,9.158322690237508e-05,0.0036101083032489,0.0001644333758701,0.0072202166064982,9.480195674388788e-05,0.0108303249097472,0.0002487737420913,0.0144404332129963,0.0001382466661762,1.0,1.0,1.0,0.0,0.0
65,09:44:39,3,0.0,102682.0,-0.0018050541516246,-0.0036101083032491,8.98012532427222e-05,-0.0072202166064981,9.509607820276608e-05,-0.0108303249097472,0.000168393317336,-0.0144404332129963,0.0001855424186842,-0.0180505415162454,0.0003020413418099,0.0,9.161516191419682e-05,0.0036101083032489,0.0001644333758701,0.0072202166064982,9.480195674388788e-05,0.0108303249097472,0.0002487737420913,0.0144404332129963,0.0001382466661762,1.0,1.0,1.0,0.0,0.0
65,09:44:42,3,0.0,0.0,-0.0018050541516246,-0.0036101083032491,9.16534839283829e-05,-0.0072202166064981,9.554316836827038e-05,-0.0108303249097472,0.000168393317336,-0.0144404332129963,0.0001855424186842,-0.0180505415162454,0.0003020413418099,0.0,9.471285806090524e-05,0.0036101083032489,0.0001644333758701,0.0072202166064982,9.480195674388788e-05,0.0108303249097472,0.0002487737420913,0.0144404332129963,0.0001382466661762,1.0,1.0,1.0,0.0,0.0
65,09:44:45,3,-0.0036101083032491,3864.0,-0.0018050541516246,-0.0036101083032491,9.123832877470032e-05,-0.0072202166064981,9.621380361652683e-05,-0.0108303249097472,0.0001666368916858,-0.0144404332129963,0.0001855424186842,-0.0180505415162454,0.0003020413418099,0.0,9.50322081791226e-05,0.0036101083032489,0.0001583657236239,0.0072202166064982,9.480195674388788e-05,0.0108303249097472,0.0002487737420913,0.0144404332129963,0.0001382466661762,1.0,1.0,1.0,0.0,0.0
65,09:44:48,3,0.0,3601.0,-0.0018050541516246,-0.0036101083032491,9.155767889291768e-05,-0.0072202166064981,9.627767364017032e-05,-0.0108303249097472,0.0001666368916858,-0.0144404332129963,0.0001855424186842,-0.0180505415162454,0.0003020413418099,0.0,9.458511801361828e-05,0.0036101083032489,0.0001583657236239,0.0072202166064982,9.480195674388788e-05,0.0108303249097472,0.0002489334171504,0.0144404332129963,0.0001382466661762,1.0,1.0,1.0,0.0,0.0
65,09:44:51,3,-0.0036101083032491,116315.0,-0.0018050541516246,-0.0036101083032491,8.386134104387927e-05,-0.0072202166064981,9.627767364017032e-05,-0.0108303249097472,0.0001666368916858,-0.0144404332129963,0.0001855424186842,-0.0180505415162454,0.0003020413418099,0.0,9.078485160683167e-05,0.0036101083032489,0.0001583657236239,0.0072202166064982,9.480195674388788e-05,0.0108303249097472,0.0002489334171504,0.0144404332129963,0.0001382466661762,1.0,1.0,1.0,0.0,0.0
65,09:44:54,3,0.0,21882.0,-0.0018050541516246,-0.0036101083032491,8.440423624484878e-05,-0.0072202166064981,9.787442423125712e-05,-0.0108303249097472,0.0001666368916858,-0.0144404332129963,0.0001855424186842,-0.0180505415162454,0.0003020413418099,0.0,8.84216607320232e-05,0.0036101083032489,0.0001585573336949,0.0072202166064982,9.480195674388788e-05,0.0108303249097472,0.0002489334171504,0.0144404332129963,0.0001382466661762,1.0,1.0,1.0,0.0,0.0
65,09:44:57,3,-0.0036101083032491,80886.0,-0.0018050541516246,-0.0036101083032491,7.658015834852341e-05,-0.0072202166064981,9.819377434947447e-05,-0.0108303249097472,0.0001666368916858,-0.0144404332129963,0.0001855424186842,-0.0180505415162454,0.0003020413418099,0.0,8.784683051923194e-05,0.0036101083032489,0.0001585573336949,0.0072202166064982,9.601548719311384e-05,0.0108303249097472,0.0002489334171504,0.0144404332129963,0.0001382466661762,1.0,1.0,0.0,0.0,0.0
65,09:45:00,3,-0.0036101083032491,4416.0,-0.0018050541516246,-0.0036101083032491,7.638854827759299e-05,-0.0072202166064981,9.819377434947447e-05,-0.0108303249097472,0.0001663175415676,-0.0144404332129963,0.0001855424186842,-0.0180505415162454,0.0002958778845283,0.0,8.787876553105368e-05,0.0036101083032489,0.0001585573336949,0.0072202166064982,9.601548719311384e-05,0.0108303249097472,0.0002489334171504,0.0144404332129963,0.0001377676409989,1.0,1.0,0.0,0.0,0.0
65,09:45:03,3,-0.0036101083032491,261206.0,-0.0018050541516246,-0.0036101083032491,7.772981877410592e-05,-0.0072202166064981,9.825764437311797e-05,-0.0108303249097472,0.0001663175415676,-0.0144404332129963,0.0001855424186842,-0.0180505415162454,0.0002958778845283,0.0,6.261817118006035e-05,0.0036101083032489,0.0001585573336949,0.0072202166064982,9.601548719311384e-05,0.0108303249097472,0.0002489334171504,0.0144404332129963,0.0001377676409989,1.0,1.0,0.0,0.0,0.0
65,09:45:06,3,-0.0036101083032491,828.0,-0.0018050541516246,-0.0036101083032491,7.801723388050155e-05,-0.0072202166064981,9.825764437311797e-05,-0.0108303249097472,0.0001663175415676,-0.0144404332129963,0.0001855424186842,-0.0180505415162454,0.0002958778845283,0.0,7.286930997483766e-05,0.0036101083032489,0.0001585573336949,0.0072202166064982,9.601548719311384e-05,0.0108303249097472,0.0002489334171504,0.0144404332129963,0.0001377676409989,1.0,1.0,0.0,0.0,0.0
65,09:45:09,3,-0.0036101083032491,278770.0,-0.0018050541516246,-0.0036101083032491,4.608222205876534e-05,-0.0072202166064981,9.825764437311797e-05,-0.0108303249097472,0.0001663175415676,-0.0144404332129963,0.0001855424186842,-0.0180505415162454,0.0002958778845283,0.0,7.25499598566203e-05,0.0036101083032489,0.0001585573336949,0.0072202166064982,9.601548719311384e-05,0.0108303249097472,0.0002489334171504,0.0144404332129963,0.0001377676409989,1.0,1.0,0.0,0.0,0.0
65,09:45:12,3,-0.0036101083032491,1104.0,-0.0018050541516246,-0.0036101083032491,4.9467333311869376e-05,-0.0072202166064981,9.79382942549006e-05,-0.0108303249097472,0.0001663175415676,-0.0144404332129963,0.0001865324040507,-0.0180505415162454,0.0002958778845283,0.0,7.187932460836385e-05,0.0036101083032489,0.0001585573336949,0.0072202166064982,9.674999246501378e-05,0.0108303249097472,0.0002489334171504,0.0144404332129963,0.0001377676409989,1.0,1.0,0.0,0.0,0.0
65,09:45:15,3,-0.0036101083032491,20424.0,-0.0018050541516246,-0.0036101083032491,4.71041424370609e-05,-0.0072202166064981,9.825764437311797e-05,-0.0108303249097472,0.0001663175415676,-0.0144404332129963,0.0001865324040507,-0.0180505415162454,0.0002958778845283,0.0,8.819811564927104e-05,0.0036101083032489,0.0001585573336949,0.0072202166064982,9.674999246501378e-05,0.0108303249097472,0.0002489334171504,0.0144404332129963,0.0001377676409989,1.0,1.0,0.0,0.0,0.0
65,09:45:18,3,-0.0036101083032491,29808.0,-0.0018050541516246,-0.0036101083032491,4.397451127853075e-05,-0.0072202166064981,0.0001131712948938,-0.0108303249097472,0.0001663175415676,-0.0144404332129963,0.0001865324040507,-0.0180505415162454,0.0002958778845283,0.0,8.944358111031876e-05,0.0036101083032489,0.0001585573336949,0.0072202166064982,9.674999246501378e-05,0.0108303249097472,0.0002489334171504,0.0144404332129963,0.0001377676409989,1.0,1.0,0.0,0.0,0.0
65,09:45:21,3,-0.0036101083032491,67926.0,-0.0018050541516246,-0.0036101083032491,3.694880867774879e-05,-0.0072202166064981,0.000113490645012,-0.0108303249097472,0.0001663175415676,-0.0144404332129963,0.0001865324040507,-0.0180505415162454,0.0002958778845283,0.0,8.848553075566668e-05,0.0036101083032489,0.0001585573336949,0.0072202166064982,9.674999246501378e-05,0.0108303249097472,0.0002489334171504,0.0144404332129963,0.0001377676409989,1.0,1.0,0.0,0.0,0.0
65,09:45:24,3,-0.0036101083032491,6624.0,-0.0018050541516246,-0.0036101083032491,3.5224318039375035e-05,-0.0072202166064981,0.0001146403054376,-0.0108303249097472,0.0001666368916858,-0.0144404332129963,0.0001865324040507,-0.0180505415162454,0.000289490882164,0.0,8.838972572020146e-05,0.0036101083032489,0.0001584934636712,0.0072202166064982,9.674999246501378e-05,0.0108303249097472,0.0002489334171504,0.0144404332129963,0.0001375440959162,1.0,1.0,0.0,0.0,0.0
65,09:45:27,3,0.0,2213.0,-0.0018050541516246,-0.0036101083032491,3.832201418608344e-05,-0.0072202166064981,0.000116716081206,-0.0108303249097472,0.0001666368916858,-0.0144404332129963,0.0001865324040507,-0.0180505415162454,0.000289490882164,0.0,8.823005066109278e-05,0.0036101083032489,0.0001584934636712,0.0072202166064982,9.674999246501378e-05,0.0108303249097472,0.0002489334171504,0.0144404332129963,0.0001375440959162,1.0,0.0,0.0,0.0,1.0
65,09:45:30,3,-0.0036101083032491,73416.0,-0.0018050541516246,-0.0036101083032491,2.9827301041501613e-05,-0.0072202166064981,0.000116716081206,-0.0108303249097472,0.0001656788413311,-0.0144404332129963,0.0001865324040507,-0.0180505415162454,0.000289490882164,0.0,9.14235518432664e-05,0.0036101083032489,0.0001584934636712,0.0072202166064982,9.674999246501378e-05,0.0108303249097472,0.0002489334171504,0.0144404332129963,0.0001375440959162,1.0,0.0,0.0,0.0,1.0
65,09:45:33,3,0.0,169477.0,-0.0018050541516246,-0.0036101083032491,1.3827860118811776e-05,-0.0072202166064981,0.0001229114734994,-0.0108303249097472,0.0001645611159174,-0.0144404332129963,0.0001865324040507,-0.0180505415162454,0.000289490882164,0.0,0.0001068800975649,0.0036101083032489,0.0001584934636712,0.0072202166064982,9.777191284330936e-05,0.0108303249097472,0.0002489334171504,0.0144404332129963,0.0001375440959162,1.0,0.0,0.0,0.0,1.0
65,09:45:36,3,-0.0036101083032491,24857.0,-0.0018050541516246,-0.0036101083032491,1.5839765863581157e-05,-0.0072202166064981,0.0001229114734994,-0.0108303249097472,0.000165519166272,-0.0144404332129963,0.0001868517541689,-0.0180505415162454,0.000289490882164,0.0,0.0001089558733333,0.0036101083032489,0.0001584295936476,0.0072202166064982,9.777191284330936e-05,0.0108303249097472,0.0002505301677415,0.0144404332129963,0.0001372566808098,1.0,0.0,0.0,0.0,1.0
65,09:45:39,3,-0.0036101083032491,55200.0,-0.0018050541516246,-0.0036101083032491,9.963723688381696e-06,-0.0072202166064981,0.0001229114734994,-0.0108303249097472,0.0001661578665084,-0.0144404332129963,0.0001868517541689,-0.0180505415162454,0.0002896186222113,0.0,0.0001114468042554,0.0036101083032489,0.000158174113553,0.0072202166064982,8.97881598878753e-05,0.0108303249097472,0.0002504662977178,0.0144404332129963,0.0001357557352542,1.0,0.0,0.0,0.0,1.0
65,09:45:42,3,0.0,47208.0,-0.0018050541516246,-0.0036101083032491,4.886056808725639e-06,-0.0072202166064981,0.0001229114734994,-0.0108303249097472,0.0001677546170995,-0.0144404332129963,0.0001868517541689,-0.0180505415162454,0.0002896186222113,0.0,0.0001114148692436,0.0036101083032489,0.0001581102435294,0.0072202166064982,8.97881598878753e-05,0.0108303249097472,0.0002504662977178,0.0144404332129963,0.000135596060195,0.0,0.0,0.0,0.0,1.0
65,09:45:45,3,0.0,277.0,-0.0018050541516246,-0.0036101083032491,8.07955799089926e-06,-0.0072202166064981,0.0001213147229084,-0.0108303249097472,0.0001741096844521,-0.0144404332129963,0.0001868517541689,-0.0180505415162454,0.0002896186222113,0.0,0.0001113829342318,0.0036101083032489,0.0001581102435294,0.0072202166064982,8.97881598878753e-05,0.0108303249097472,0.0002504662977178,0.0144404332129963,0.000135596060195,0.0,0.0,0.0,0.0,1.0
65,09:45:48,3,-0.0036101083032491,130502.0,-0.0018050541516246,-0.0036101083032491,1.3093354846911845e-06,-0.0072202166064981,0.0001280210753909,-0.0108303249097472,0.0001741096844521,-0.0144404332129963,0.0001868517541689,-0.0180505415162454,0.0001395240666491,0.0,0.0001011956654607,0.0036101083032489,0.0001580463735057,0.0072202166064982,8.97881598878753e-05,0.0108303249097472,0.0002504662977178,0.0144404332129963,0.0001354363851359,0.0,0.0,0.0,0.0,1.0
65,09:45:51,3,-0.0036101083032491,14352.0,-0.0018050541516246,-0.0036101083032491,8.622453191868774e-07,-0.0072202166064981,0.0001283084904973,-0.0108303249097472,0.0001741096844521,-0.0144404332129963,0.0001868517541689,-0.0180505415162454,0.0001398114817555,0.0,0.0001032395062173,0.0036101083032489,0.0001580463735057,0.0072202166064982,8.857462943864931e-05,0.0108303249097472,0.0002504662977178,0.0144404332129963,0.0001354363851359,0.0,0.0,0.0,0.0,1.0
65,09:45:54,3,-0.0036101083032491,8280.0,-0.0018050541516246,-0.0036101083032491,5.428952009695155e-07,-0.0072202166064981,0.000129266540852,-0.0108303249097472,0.0001741096844521,-0.0144404332129963,0.0001868517541689,-0.0180505415162454,0.0001398114817555,0.0,0.0001114148692436,0.0036101083032489,0.0001580463735057,0.0072202166064982,8.857462943864931e-05,0.0108303249097472,0.0002504662977178,0.0144404332129963,0.0001354363851359,0.0,0.0,0.0,0.0,1.0
65,09:45:57,3,-0.0036101083032491,49404.0,-0.0054151624548737,-0.0072202166064981,0.000129266540852,-0.0108303249097472,0.0001741096844521,-0.0144404332129963,0.0001868517541689,-0.0180505415162454,0.0001398114817555,-0.0216606498194945,0.0001248020261993,-0.0036101083032491,3.8322014186083444e-07,0.0,0.0001120535694801,0.0036101083032489,0.0001580463735057,0.0072202166064982,8.857462943864931e-05,0.0108303249097472,0.0002504662977178,1.0,1.0,1.0,1.0,2.0
65,09:46:00,3,-0.0072202166064981,5795.0,-0.0054151624548737,-0.0072202166064981,0.0001292346058402,-0.0108303249097472,0.0001741096844521,-0.0144404332129963,0.0001868517541689,-0.0180505415162454,0.0001398114817555,-0.0216606498194945,0.0001238439758446,-0.0036101083032491,1.8522306856607e-06,0.0,0.0001141293452485,0.0036101083032489,0.0001580463735057,0.0072202166064982,8.857462943864931e-05,0.0108303249097472,0.0002504662977178,1.0,1.0,1.0,1.0,2.0
65,09:46:03,3,-0.0036101083032491,20424.0,-0.0054151624548737,-0.0072202166064981,0.0001292346058402,-0.0108303249097472,0.0001741096844521,-0.0144404332129963,0.0001868517541689,-0.0180505415162454,0.0001398114817555,-0.0216606498194945,0.0001238439758446,-0.0036101083032491,3.5767213240344546e-06,0.0,0.0001141293452485,0.0036101083032489,0.0001580463735057,0.0072202166064982,8.857462943864931e-05,0.0108303249097472,0.0002504662977178,1.0,1.0,1.0,1.0,2.0
65,09:46:06,3,-0.0036101083032491,0.0,-0.0054151624548737,-0.0072202166064981,0.000131949081845,-0.0108303249097472,0.0001773351206461,-0.0144404332129963,0.0001868517541689,-0.0180505415162454,0.0001398114817555,-0.0216606498194945,0.0001238439758446,-0.0036101083032491,3.640591347677927e-06,0.0,0.0001176421965489,0.0036101083032489,0.0001580463735057,0.0072202166064982,8.857462943864931e-05,0.0108303249097472,0.0002504662977178,1.0,1.0,1.0,1.0,2.0
65,09:46:09,3,0.0,247415.0,-0.0054151624548737,-0.0072202166064981,0.0001304162012776,-0.0108303249097472,0.0001773351206461,-0.0144404332129963,0.0001868517541689,-0.0180505415162454,0.0001398114817555,-0.0216606498194945,0.0001238439758446,-0.0036101083032491,1.2774004728694481e-07,0.0,9.321191250528364e-05,0.0036101083032489,0.0001580463735057,0.0072202166064982,8.857462943864931e-05,0.0108303249097472,0.0002504662977178,1.0,1.0,1.0,1.0,2.0
65,09:46:12,3,-0.0072202166064981,10450.0,-0.0054151624548737,-0.0072202166064981,0.0001288833207101,-0.0108303249097472,0.0001773351206461,-0.0144404332129963,0.0001868517541689,-0.0180505415162454,0.0001398114817555,-0.0216606498194945,0.0001238439758446,-0.0036101083032491,1.3572380024237886e-05,0.0,9.21261221033446e-05,0.0036101083032489,0.0001580463735057,0.0072202166064982,9.049073014795347e-05,0.0108303249097472,0.0002509453228952,1.0,1.0,1.0,1.0,2.0
65,09:46:15,3,-0.0036101083032491,29528.0,-0.0054151624548737,-0.0072202166064981,0.0001289471907338,-0.0108303249097472,0.0001773351206461,-0.0144404332129963,0.0001857340287552,-0.0180505415162454,0.0001398114817555,-0.0216606498194945,0.0001238439758446,-0.0036101083032491,3.3467892389179543e-05,0.0,9.266901730431413e-05,0.0036101083032489,0.0001580463735057,0.0072202166064982,9.049073014795347e-05,0.0108303249097472,0.0002520630483089,1.0,1.0,1.0,1.0,2.0
65,09:46:18,3,-0.0072202166064981,6060.0,-0.0054151624548737,-0.0072202166064981,0.0001267436749181,-0.0108303249097472,0.0001773351206461,-0.0144404332129963,0.0001852550035778,-0.0180505415162454,0.0001398114817555,-0.0216606498194945,0.0001238439758446,-0.0036101083032491,4.394257626670901e-05,0.0,8.915616600392313e-05,0.0036101083032489,0.0001580463735057,0.0072202166064982,9.049073014795347e-05,0.0108303249097472,0.0002520630483089,1.0,1.0,1.0,1.0,2.0
65,09:46:21,3,-0.0072202166064981,0.0,-0.0054151624548737,-0.0072202166064981,0.0001273185051308,-0.0108303249097472,0.0001837221230104,-0.0144404332129963,0.0001852550035778,-0.0180505415162454,0.0001398753517792,-0.0216606498194945,0.0001238439758446,-0.0036101083032491,4.400644629035248e-05,0.0,8.893262092117097e-05,0.0036101083032489,0.0001579825034821,0.0072202166064982,9.049073014795347e-05,0.0108303249097472,0.0002520630483089,1.0,1.0,1.0,1.0,2.0
65,09:46:24,3,-0.0072202166064981,51442.0,-0.0054151624548737,-0.0072202166064981,0.0001302565262184,-0.0108303249097472,0.0001858298337906,-0.0144404332129963,0.0001726087388964,-0.0180505415162454,0.0001398753517792,-0.0216606498194945,0.0001238439758446,-0.0036101083032491,4.643350718880444e-05,0.0,8.762328543647979e-05,0.0036101083032489,0.0001579825034821,0.0072202166064982,8.985202991151876e-05,0.0108303249097472,0.0002680305542198,1.0,1.0,1.0,1.0,2.0
65,09:46:27,3,-0.0072202166064981,73701.0,-0.0054151624548737,-0.0072202166064981,0.0001225282533576,-0.0108303249097472,0.0001858298337906,-0.0144404332129963,0.0001729280890147,-0.0180505415162454,0.0001398753517792,-0.0216606498194945,0.0001238439758446,-0.0036101083032491,4.6465442200626176e-05,0.0,8.883681588570577e-05,0.0036101083032489,0.0001579825034821,0.0072202166064982,8.985202991151876e-05,0.0108303249097472,0.0002680305542198,1.0,1.0,1.0,2.0,2.0
65,09:46:30,3,-0.0072202166064981,17050.0,-0.0054151624548737,-0.0072202166064981,0.0001205802176365,-0.0108303249097472,0.0001858298337906,-0.0144404332129963,0.0001729280890147,-0.0180505415162454,0.0001398753517792,-0.0216606498194945,0.0001238439758446,-0.0036101083032491,4.6465442200626176e-05,0.0,8.851746576748841e-05,0.0036101083032489,0.0001611760046643,0.0072202166064982,8.985202991151876e-05,0.0108303249097472,0.0002680305542198,1.0,1.0,1.0,2.0,2.0
65,09:46:33,3,-0.0072202166064981,23432.0,-0.0054151624548737,-0.0072202166064981,0.0001196860373055,-0.0108303249097472,0.0001858298337906,-0.0144404332129963,0.0001729280890147,-0.0180505415162454,0.0001398753517792,-0.0216606498194945,0.0001238439758446,-0.0036101083032491,4.582674196419145e-05,0.0,8.851746576748841e-05,0.0036101083032489,0.000160856654546,0.0072202166064982,9.636677232315296e-05,0.0108303249097472,0.0002680305542198,1.0,1.0,1.0,2.0,2.0
65,09:46:36,3,-0.0036101083032491,89680.0,-0.0054151624548737,-0.0072202166064981,0.0001178657416316,-0.0108303249097472,0.0001849037184478,-0.0144404332129963,0.0001729280890147,-0.0180505415162454,0.0001398753517792,-0.0216606498194945,0.0001238439758446,-0.0036101083032491,3.876910435158775e-05,0.0,8.819811564927104e-05,0.0036101083032489,0.000160856654546,0.0072202166064982,9.636677232315296e-05,0.0108303249097472,0.0002681902292789,1.0,1.0,1.0,2.0,2.0
65,09:46:39,3,-0.0072202166064981,19300.0,-0.0054151624548737,-0.0072202166064981,0.0001204205425774,-0.0108303249097472,0.0001849037184478,-0.0144404332129963,0.0001730238940501,-0.0180505415162454,0.0001398753517792,-0.0216606498194945,0.0001238439758446,-0.0036101083032491,3.717235376050094e-05,0.0,8.685684515275813e-05,0.0036101083032489,0.000160856654546,0.0072202166064982,9.636677232315296e-05,0.0108303249097472,0.0002737149863241,1.0,1.0,1.0,2.0,2.0
65,09:46:42,3,-0.0036101083032491,64377.0,-0.0054151624548737,-0.0072202166064981,0.0001159496409223,-0.0108303249097472,0.0001845843683296,-0.0144404332129963,0.0001730238940501,-0.0180505415162454,0.0001405140520156,-0.0216606498194945,0.0001238439758446,-0.0036101083032491,3.768331394964872e-05,0.0,8.685684515275813e-05,0.0036101083032489,0.000160856654546,0.0072202166064982,9.636677232315296e-05,0.0108303249097472,0.0002737149863241,1.0,1.0,1.0,2.0,2.0
65,09:46:45,3,-0.0036101083032491,43844.0,-0.0054151624548737,-0.0072202166064981,0.0001165883411587,-0.0108303249097472,0.0001845843683296,-0.0144404332129963,0.0001730238940501,-0.0180505415162454,0.0001321470789183,-0.0216606498194945,0.0001238439758446,-0.0036101083032491,3.423433267290121e-05,0.0,8.685684515275813e-05,0.0036101083032489,0.000160856654546,0.0072202166064982,9.636677232315296e-05,0.0108303249097472,0.0002737149863241,1.0,1.0,1.0,2.0,2.0
65,09:46:48,3,-0.0072202166064981,1375.0,-0.0054151624548737,-0.0072202166064981,0.0001186321819153,-0.0108303249097472,0.0001845843683296,-0.0144404332129963,0.0001733432441683,-0.0180505415162454,0.0001321470789183,-0.0216606498194945,0.0001238439758446,-0.0036101083032491,3.4457877755653364e-05,0.0,8.685684515275813e-05,0.0036101083032489,0.000160856654546,0.0072202166064982,9.636677232315296e-05,0.0108303249097472,0.0002737149863241,1.0,1.0,1.0,2.0,2.0
65,09:46:51,3,-0.0072202166064981,0.0,-0.0054151624548737,-0.0072202166064981,0.0001198137773527,-0.0108303249097472,0.0001877778695118,-0.0144404332129963,0.0001733432441683,-0.0180505415162454,0.0001321470789183,-0.0216606498194945,0.0001238439758446,-0.0036101083032491,3.417046264925774e-05,0.0,8.685684515275813e-05,0.0036101083032489,0.000160856654546,0.0072202166064982,9.636677232315296e-05,0.0108303249097472,0.0002737149863241,1.0,1.0,1.0,2.0,2.0
65,09:46:54,3,-0.0036101083032491,4405.0,-0.0054151624548737,-0.0072202166064981,0.0001255301444688,-0.0108303249097472,0.0001877778695118,-0.0144404332129963,0.0001733432441683,-0.0180505415162454,0.0001321470789183,-0.0216606498194945,0.0001238439758446,-0.0036101083032491,3.401078759014906e-05,0.0,9.036969645314911e-05,0.0036101083032489,0.000160856654546,0.0072202166064982,9.636677232315296e-05,0.0108303249097472,0.0002705214851419,1.0,1.0,1.0,2.0,2.0
65,09:46:57,3,-0.0036101083032491,0.0,-0.0054151624548737,-0.0072202166064981,0.0001255301444688,-0.0108303249097472,0.0001877778695118,-0.0144404332129963,0.0001737903343338,-0.0180505415162454,0.0001321470789183,-0.0216606498194945,0.0001238439758446,-0.0036101083032491,3.423433267290121e-05,0.0,9.036969645314911e-05,0.0036101083032489,0.000160856654546,0.0072202166064982,9.636677232315296e-05,0.0108303249097472,0.0002705214851419,1.0,1.0,1.0,2.0,2.0
65,09:47:00,3,-0.0072202166064981,12695.0,-0.0054151624548737,-0.0072202166064981,0.0001290429957692,-0.0108303249097472,0.00018809721963,-0.0144404332129963,0.0001737903343338,-0.0180505415162454,0.0001337438295094,-0.0216606498194945,0.0001238439758446,-0.0036101083032491,3.292499718821002e-05,0.0,9.036969645314911e-05,0.0036101083032489,0.000160856654546,0.0072202166064982,9.636677232315296e-05,0.0108303249097472,0.0002705214851419,1.0,1.0,1.0,2.0,2.0
65,09:47:03,3,-0.0072202166064981,0.0,-0.0054151624548737,-0.0072202166064981,0.000130160721183,-0.0108303249097472,0.0001892468800556,-0.0144404332129963,0.0001737903343338,-0.0180505415162454,0.0001337438295094,-0.0216606498194945,0.0001238439758446,-0.0036101083032491,3.500077295662288e-05,0.0,9.036969645314911e-05,0.0036101083032489,0.000160856654546,0.0072202166064982,9.636677232315296e-05,0.0108303249097472,0.0002705214851419,1.0,1.0,1.0,2.0,2.0
65,09:47:06,3,-0.0072202166064981,1651.0,-0.0054151624548737,-0.0072202166064981,0.0001336735724834,-0.0108303249097472,0.0001892468800556,-0.0144404332129963,0.0001737903343338,-0.0180505415162454,0.0001337438295094,-0.0216606498194945,0.0001238439758446,-0.0036101083032491,3.509657799208809e-05,0.0,9.036969645314911e-05,0.0036101083032489,0.000160856654546,0.0072202166064982,9.636677232315296e-05,0.0108303249097472,0.0002705214851419,1.0,1.0,1.0,2.0,2.0
65,09:47:09,3,-0.0072202166064981,550.0,-0.0054151624548737,-0.0072202166064981,0.0001369309436892,-0.0108303249097472,0.0001924403812377,-0.0144404332129963,0.0001737903343338,-0.0180505415162454,0.0001337438295094,-0.0216606498194945,0.0001238439758446,-0.0036101083032491,3.509657799208809e-05,0.0,9.036969645314911e-05,0.0036101083032489,0.000160856654546,0.0072202166064982,9.636677232315296e-05,0.0108303249097472,0.0002705214851419,1.0,1.0,1.0,2.0,2.0
65,09:47:12,3,-0.0072202166064981,25850.0,-0.0054151624548737,-0.0072202166064981,0.0001339609875898,-0.0108303249097472,0.0001924403812377,-0.0144404332129963,0.0001737903343338,-0.0180505415162454,0.0001337438295094,-0.0216606498194945,0.0001238439758446,-0.0036101083032491,4.161132040372227e-05,0.0,9.036969645314911e-05,0.0036101083032489,0.000160856654546,0.0072202166064982,0.0001013486341673,0.0108303249097472,0.0002705214851419,1.0,1.0,1.0,2.0,2.0
65,09:47:15,3,-0.0072202166064981,0.0,-0.0054151624548737,-0.0072202166064981,0.0001359409583227,-0.0108303249097472,0.0001924403812377,-0.0144404332129963,0.0001737903343338,-0.0180505415162454,0.0001337438295094,-0.0216606498194945,0.0001238439758446,-0.0036101083032491,4.343161607756124e-05,0.0,9.036969645314911e-05,0.0036101083032489,0.000160856654546,0.0072202166064982,0.0001013486341673,0.0108303249097472,0.0002705214851419,1.0,1.0,1.0,2.0,2.0
65,09:47:18,3,-0.0036101083032491,1928.0,-0.0054151624548737,-0.0072202166064981,0.0001358132182754,-0.0108303249097472,0.0001924403812377,-0.0144404332129963,0.0001737903343338,-0.0180505415162454,0.0001337438295094,-0.0216606498194945,0.0001238439758446,-0.0036101083032491,4.330387603027429e-05,0.0,9.036969645314911e-05,0.0036101083032489,0.000160856654546,0.0072202166064982,0.0001013486341673,0.0108303249097472,0.0002705214851419,1.0,1.0,1.0,2.0,2.0
65,09:47:21,3,-0.0072202166064981,550.0,-0.0054151624548737,-0.0072202166064981,0.0001425515057698,-0.0108303249097472,0.0001924403812377,-0.0144404332129963,0.0001737903343338,-0.0180505415162454,0.0001337438295094,-0.0216606498194945,0.0001238439758446,-0.0036101083032491,4.327194101845255e-05,0.0,9.036969645314911e-05,0.0036101083032489,0.000160856654546,0.0072202166064982,0.0001013486341673,0.0108303249097472,0.0002705214851419,1.0,1.0,1.0,2.0,2.0
65,09:47:24,3,-0.0036101083032491,25112.0,-0.0054151624548737,-0.0072202166064981,0.0001437011661954,-0.0108303249097472,0.0001924403812377,-0.0144404332129963,0.0001737903343338,-0.0180505415162454,0.0001337438295094,-0.0216606498194945,0.0001248020261993,-0.0036101083032491,4.308033094752214e-05,0.0,9.097646167776208e-05,0.0036101083032489,0.000160856654546,0.0072202166064982,0.0001013486341673,0.0108303249097472,0.0002705214851419,1.0,1.0,1.0,2.0,2.0
65,09:47:27,3,-0.0036101083032491,108744.0,-0.0054151624548737,-0.0072202166064981,0.0001440205163136,-0.0108303249097472,0.0001924403812377,-0.0144404332129963,0.0001744929045939,-0.0180505415162454,0.0001337438295094,-0.0216606498194945,0.0001248020261993,-0.0036101083032491,3.11366365261928e-05,0.0,9.097646167776208e-05,0.0036101083032489,0.000160856654546,0.0072202166064982,0.0001013486341673,0.0108303249097472,0.0002705214851419,1.0,1.0,2.0,2.0,2.0
65,09:47:30,3,-0.0036101083032491,9380.0,-0.0054151624548737,-0.0072202166064981,0.0001438927762663,-0.0108303249097472,0.0001937177817106,-0.0144404332129963,0.0001744929045939,-0.0180505415162454,0.0001337438295094,-0.0216606498194945,0.0001248020261993,-0.0036101083032491,3.017858617154071e-05,0.0,9.289256238706628e-05,0.0036101083032489,0.000160856654546,0.0072202166064982,0.0001013486341673,0.0108303249097472,0.0002705214851419,1.0,1.0,2.0,2.0,2.0
65,09:47:33,3,-0.0036101083032491,438138.0,-0.0054151624548737,-0.0072202166064981,9.50322081791226e-05,-0.0108303249097472,0.0001937177817106,-0.0144404332129963,0.0001744929045939,-0.0180505415162454,0.0001337438295094,-0.0216606498194945,0.0001248020261993,-0.0036101083032491,2.816668042677133e-05,0.0,9.289256238706628e-05,0.0036101083032489,0.000160856654546,0.0072202166064982,0.0001013486341673,0.0108303249097472,0.0002705214851419,1.0,1.0,2.0,2.0,2.0
65,09:47:36,3,-0.0072202166064981,6614.0,-0.0054151624548737,-0.0072202166064981,9.471285806090524e-05,-0.0108303249097472,0.0001937177817106,-0.0144404332129963,0.0001744929045939,-0.0180505415162454,0.0001337438295094,-0.0216606498194945,0.0001248020261993,-0.0036101083032491,3.123244156165801e-05,0.0,9.289256238706628e-05,0.0036101083032489,0.000160856654546,0.0072202166064982,0.0001013486341673,0.0108303249097472,0.0002705214851419,1.0,1.0,2.0,2.0,2.0
65,09:47:39,3,-0.0036101083032491,34220.0,-0.0054151624548737,-0.0072202166064981,9.458511801361828e-05,-0.0108303249097472,0.0001937177817106,-0.0144404332129963,0.0001744929045939,-0.0180505415162454,0.0001337438295094,-0.0216606498194945,0.0001248020261993,-0.0036101083032491,2.835829049770175e-05,0.0,9.289256238706628e-05,0.0036101083032489,0.0001613356797234,0.0072202166064982,0.0001013486341673,0.0108303249097472,0.0002705214851419,1.0,1.0,2.0,2.0,2.0
65,09:47:42,3,-0.0072202166064981,27500.0,-0.0054151624548737,-0.0072202166064981,8.778296049558848e-05,-0.0108303249097472,0.0001940690668406,-0.0144404332129963,0.0001744929045939,-0.0180505415162454,0.0001337438295094,-0.0216606498194945,0.0001248020261993,-0.0036101083032491,3.1487921656231896e-05,0.0,9.289256238706628e-05,0.0036101083032489,0.0001613356797234,0.0072202166064982,0.0001013486341673,0.0108303249097472,0.0002705214851419,1.0,1.0,2.0,2.0,2.0
65,09:47:45,3,-0.0072202166064981,1100.0,-0.0054151624548737,-0.0072202166064981,0.0001343761427435,-0.0108303249097472,0.0001981567483538,-0.0144404332129963,0.0001744929045939,-0.0180505415162454,0.0001337438295094,-0.0216606498194945,0.0001248020261993,-0.0036101083032491,4.1100360214574494e-05,0.0,9.289256238706628e-05,0.0036101083032489,0.0001613356797234,0.0072202166064982,0.0001013486341673,0.0108303249097472,0.0002713837304611,1.0,1.0,2.0,2.0,2.0
65,09:47:48,3,-0.0036101083032491,6900.0,-0.0054151624548737,-0.0072202166064981,0.0001343761427435,-0.0108303249097472,0.0001981567483538,-0.0144404332129963,0.0001744929045939,-0.0180505415162454,0.0001337438295094,-0.0216606498194945,0.0001248020261993,-0.0036101083032491,4.033391993085282e-05,0.0,0.0001022495208508,0.0036101083032489,0.0001609524595815,0.0072202166064982,0.0001013486341673,0.0108303249097472,0.0002713837304611,1.0,1.0,2.0,2.0,2.0
65,09:47:51,3,-0.0036101083032491,2204.0,-0.0054151624548737,-0.0072202166064981,0.0001351106480154,-0.0108303249097472,0.0001981567483538,-0.0144404332129963,0.0001744929045939,-0.0180505415162454,0.0001337438295094,-0.0216606498194945,0.0001248020261993,-0.0036101083032491,4.055746501360498e-05,0.0,0.0001022495208508,0.0036101083032489,0.0001609524595815,0.0072202166064982,0.0001013486341673,0.0108303249097472,0.0002717030805793,1.0,1.0,2.0,2.0,2.0
65,09:47:54,3,-0.0072202166064981,275.0,-0.0054151624548737,-0.0072202166064981,0.0001392302645404,-0.0108303249097472,0.0001981567483538,-0.0144404332129963,0.0001744929045939,-0.0180505415162454,0.0001337438295094,-0.0216606498194945,0.0001248020261993,-0.0036101083032491,3.959941465895289e-05,0.0,0.0001022495208508,0.0036101083032489,0.0001609524595815,0.0072202166064982,0.0001013486341673,0.0108303249097472,0.0002717030805793,1.0,1.0,2.0,2.0,2.0
65,09:47:57,3,-0.0072202166064981,6620.0,-0.0054151624548737,-0.0072202166064981,0.0001380167340911,-0.0108303249097472,0.0001981567483538,-0.0144404332129963,0.0001744929045939,-0.0180505415162454,0.0001385340812826,-0.0216606498194945,0.0001248020261993,-0.0036101083032491,4.036585494267456e-05,0.0,0.0001022495208508,0.0036101083032489,0.0001609524595815,0.0072202166064982,0.0001013486341673,0.0108303249097472,0.0002717030805793,1.0,2.0,2.0,2.0,2.0
65,09:48:00,3,-0.0036101083032491,5520.0,-0.0054151624548737,-0.0072202166064981,0.0001389109144221,-0.0108303249097472,0.0001978373982356,-0.0144404332129963,0.0001744929045939,-0.0180505415162454,0.0001389492364363,-0.0216606498194945,0.0001248020261993,-0.0036101083032491,3.972715470623984e-05,0.0,0.0001016108206144,0.0036101083032489,0.0001609524595815,0.0072202166064982,0.0001013486341673,0.0108303249097472,0.0002723417808157,1.0,2.0,2.0,2.0,2.0
65,09:48:03,3,-0.0036101083032491,72586.0,-0.0054151624548737,-0.0072202166064981,0.000141082495226,-0.0108303249097472,0.0001978373982356,-0.0144404332129963,0.0001744929045939,-0.0180505415162454,0.0001389492364363,-0.0216606498194945,0.0001248020261993,-0.0036101083032491,3.1519856668053634e-05,0.0,0.0001016108206144,0.0036101083032489,0.0001609524595815,0.0072202166064982,0.0001013486341673,0.0108303249097472,0.0002723417808157,1.0,2.0,2.0,2.0,2.0
65,09:48:06,3,-0.0036101083032491,161724.0,-0.0054151624548737,-0.0072202166064981,0.0001262646497407,-0.0108303249097472,0.0001946438970534,-0.0144404332129963,0.0001744929045939,-0.0180505415162454,0.0001392685865545,-0.0216606498194945,0.0001251213763175,-0.0036101083032491,3.084922141979717e-05,0.0,0.0001055068920566,0.0036101083032489,0.0001609524595815,0.0072202166064982,0.0001013486341673,0.0108303249097472,0.0002723417808157,1.0,2.0,2.0,2.0,2.0
65,09:48:09,3,-0.0072202166064981,275.0,-0.0054151624548737,-0.0072202166064981,0.0001295220209465,-0.0108303249097472,0.0001949632471716,-0.0144404332129963,0.0001744929045939,-0.0180505415162454,0.0001392685865545,-0.0216606498194945,0.0001251213763175,-0.0036101083032491,3.084922141979717e-05,0.0,0.0001055068920566,0.0036101083032489,0.0001609524595815,0.0072202166064982,0.0001013486341673,0.0108303249097472,0.0002723417808157,1.0,2.0,2.0,2.0,2.0
65,09:48:12,3,-0.0036101083032491,27809.0,-0.0054151624548737,-0.0072202166064981,0.0001301287861712,-0.0108303249097472,0.0001917697459895,-0.0144404332129963,0.0001744929045939,-0.0180505415162454,0.0001392685865545,-0.0216606498194945,0.0001251213763175,-0.0036101083032491,2.9923106076966822e-05,0.0,0.0001055068920566,0.0036101083032489,0.0001609524595815,0.0072202166064982,0.0001013486341673,0.0108303249097472,0.0002726611309339,2.0,2.0,2.0,2.0,2.0
65,09:48:15,3,-0.0036101083032491,2208.0,-0.0054151624548737,-0.0072202166064981,0.0001301287861712,-0.0108303249097472,0.0001908436306466,-0.0144404332129963,0.0001744929045939,-0.0180505415162454,0.0001392685865545,-0.0216606498194945,0.0001267181269086,-0.0036101083032491,3.0050846124253766e-05,0.0,0.0001055068920566,0.0036101083032489,0.0001609524595815,0.0072202166064982,0.0001013486341673,0.0108303249097472,0.0002726930659458,2.0,2.0,2.0,2.0,2.0
65,09:48:18,3,-0.0036101083032491,73080.0,-0.0054151624548737,-0.0072202166064981,0.0001291388008047,-0.0108303249097472,0.0001914503958713,-0.0144404332129963,0.0001744929045939,-0.0180505415162454,0.0001392685865545,-0.0216606498194945,0.0001267181269086,-0.0036101083032491,2.577155454014112e-05,0.0,0.0001055068920566,0.0036101083032489,0.0001609524595815,0.0072202166064982,0.0001013486341673,0.0108303249097472,0.0002726930659458,2.0,2.0,2.0,2.0,2.0
65,09:48:21,3,-0.0036101083032491,9384.0,-0.0054151624548737,-0.0072202166064981,0.0001297775010411,-0.0108303249097472,0.0001924403812377,-0.0144404332129963,0.0001748122547121,-0.0180505415162454,0.0001392685865545,-0.0216606498194945,0.0001267181269086,-0.0036101083032491,2.2162898204284925e-05,0.0,0.0001055068920566,0.0036101083032489,0.0001609524595815,0.0072202166064982,0.0001013486341673,0.0108303249097472,0.0002726930659458,2.0,2.0,2.0,2.0,2.0
65,09:48:24,3,-0.0036101083032491,9659.0,-0.0054151624548737,-0.0072202166064981,0.0001304800713012,-0.0108303249097472,0.0001924403812377,-0.0144404332129963,0.0001748122547121,-0.0180505415162454,0.0001392685865545,-0.0216606498194945,0.0001242271959865,-0.0036101083032491,2.209902818064145e-05,0.0,0.0001055068920566,0.0036101083032489,0.0001609524595815,0.0072202166064982,0.0001013486341673,0.0108303249097472,0.0002726930659458,2.0,2.0,2.0,2.0,2.0
65,09:48:27,3,-0.0036101083032491,201751.0,-0.0018050541516246,-0.0036101083032491,5.428952009695155e-07,-0.0072202166064981,0.0001480443278032,-0.0108303249097472,0.0001924403812377,-0.0144404332129963,0.0001748122547121,-0.0180505415162454,0.0001392685865545,0.0,0.0001055068920566,0.0036101083032489,0.0001609524595815,0.0072202166064982,0.0001013486341673,0.0108303249097472,0.0002726930659458,0.0144404332129963,0.000139907286791,1.0,1.0,2.0,2.0,2.0
65,09:48:30,3,-0.0036101083032491,0.0,-0.0018050541516246,-0.0036101083032491,1.5009455556216016e-06,-0.0072202166064981,0.0001525152294582,-0.0108303249097472,0.0001924403812377,-0.0144404332129963,0.0001748122547121,-0.0180505415162454,0.0001392685865545,0.0,0.0001055707620802,0.0036101083032489,0.0001609524595815,0.0072202166064982,0.0001013486341673,0.0108303249097472,0.0002733317661822,0.0144404332129963,0.0001383105361999,1.0,1.0,2.0,2.0,2.0
65,09:48:33,3,-0.0036101083032491,0.0,-0.0018050541516246,-0.0036101083032491,2.8422160521345222e-06,-0.0072202166064981,0.0001563474308768,-0.0108303249097472,0.0001924403812377,-0.0144404332129963,0.0001748122547121,-0.0180505415162454,0.0001392685865545,0.0,0.0001055707620802,0.0036101083032489,0.0001609524595815,0.0072202166064982,0.0001013486341673,0.0108303249097472,0.0002733317661822,0.0144404332129963,0.0001367137856088,1.0,1.0,2.0,2.0,2.0
65,09:48:36,3,-0.0036101083032491,2760.0,-0.0018050541516246,-0.0036101083032491,1.2167239504081492e-05,-0.0072202166064981,0.0001563474308768,-0.0108303249097472,0.0001924403812377,-0.0144404332129963,0.0001748122547121,-0.0180505415162454,0.0001392685865545,0.0,0.0001055707620802,0.0036101083032489,0.0001609524595815,0.0072202166064982,0.0001013486341673,0.0108303249097472,0.0002733317661822,0.0144404332129963,0.0001367137856088,1.0,1.0,2.0,2.0,2.0
65,09:48:39,3,-0.0036101083032491,1270.0,-0.0018050541516246,-0.0036101083032491,1.2020338449701508e-05,-0.0072202166064981,0.0001616486428392,-0.0108303249097472,0.0001924403812377,-0.0144404332129963,0.0001748122547121,-0.0180505415162454,0.0001392685865545,0.0,0.0001075507328132,0.0036101083032489,0.0001609524595815,0.0072202166064982,0.0001013486341673,0.0108303249097472,0.0002733317661822,0.0144404332129963,0.0001367137856088,1.0,1.0,2.0,2.0,2.0
65,09:48:42,3,-0.0036101083032491,0.0,-0.0018050541516246,-0.0036101083032491,1.3617089040788316e-05,-0.0072202166064981,0.0001629260433121,-0.0108303249097472,0.0001924403812377,-0.0144404332129963,0.0001751316048304,-0.0180505415162454,0.0001392685865545,0.0,0.0001077423428841,0.0036101083032489,0.0001609524595815,0.0072202166064982,0.0001013486341673,0.0108303249097472,0.0002733317661822,0.0144404332129963,0.0001367137856088,1.0,2.0,2.0,2.0,2.0
65,09:48:45,3,-0.0036101083032491,1380.0,-0.0018050541516246,-0.0036101083032491,1.543738471462728e-05,-0.0072202166064981,0.0001630218483475,-0.0108303249097472,0.0001924403812377,-0.0144404332129963,0.0001751316048304,-0.0180505415162454,0.0001392685865545,0.0,0.0001077423428841,0.0036101083032489,0.0001609524595815,0.0072202166064982,0.0001013486341673,0.0108303249097472,0.0002109307530825,0.0144404332129963,0.0001367137856088,1.0,2.0,2.0,2.0,2.0
65,09:48:48,3,-0.0036101083032491,276.0,-0.0018050541516246,-0.0036101083032491,1.5405449702805544e-05,-0.0072202166064981,0.0001727300919414,-0.0108303249097472,0.0001927597313559,-0.0144404332129963,0.0001751316048304,-0.0180505415162454,0.0001392685865545,0.0,0.0001079339529551,0.0036101083032489,0.0001609524595815,0.0072202166064982,0.0001013486341673,0.0108303249097472,0.0002109307530825,0.0144404332129963,0.0001367137856088,1.0,2.0,2.0,2.0,2.0
65,09:48:51,3,0.0,739590.0,-0.0018050541516246,-0.0036101083032491,1.8758625944087844e-05,-0.0072202166064981,0.0001626066931939,-0.0108303249097472,0.0001896301001974,-0.0144404332129963,0.0001751316048304,-0.0180505415162454,0.0001392685865545,0.0,2.266747139106836e-05,0.0036101083032489,0.0001611121346406,0.0072202166064982,0.0001013486341673,0.0108303249097472,0.0002109307530825,0.0144404332129963,0.0001367137856088,1.0,2.0,2.0,2.0,2.0
65,09:48:54,3,0.0,48475.0,-0.0018050541516246,-0.0036101083032491,2.0131831452422504e-05,-0.0072202166064981,0.0001583593366216,-0.0108303249097472,0.000189534295162,-0.0144404332129963,0.0001757703050668,-0.0180505415162454,0.0001392685865545,0.0,1.861172488970786e-05,0.0036101083032489,0.0001611121346406,0.0072202166064982,0.0001015402442382,0.0108303249097472,0.0002109307530825,0.0144404332129963,0.0001367137856088,1.0,2.0,2.0,2.0,2.0
65,09:48:57,3,0.0,9972.0,-0.0018050541516246,-0.0036101083032491,2.0131831452422504e-05,-0.0072202166064981,0.0001583593366216,-0.0108303249097472,0.000189534295162,-0.0144404332129963,0.0001757703050668,-0.0180505415162454,0.0001394282616137,0.0,1.7653674535055773e-05,0.0036101083032489,0.0001611121346406,0.0072202166064982,0.0001015402442382,0.0108303249097472,0.0002109307530825,0.0144404332129963,0.0001367137856088,2.0,2.0,2.0,2.0,2.0
65,09:49:00,3,-0.0036101083032491,114550.0,-0.0018050541516246,-0.0036101083032491,2.4059837906496057e-05,-0.0072202166064981,0.0001583593366216,-0.0108303249097472,0.0001892788150674,-0.0144404332129963,0.0001757703050668,-0.0180505415162454,0.0001394282616137,0.0,1.733432441683841e-05,0.0036101083032489,0.0001611121346406,0.0072202166064982,0.0001015402442382,0.0108303249097472,0.0001698942628916,0.0144404332129963,0.0001367137856088,2.0,2.0,2.0,2.0,2.0
65,09:49:03,3,0.0,85870.0,-0.0018050541516246,-0.0036101083032491,2.5017888261148146e-05,-0.0072202166064981,0.0001578164414206,-0.0108303249097472,0.0001892788150674,-0.0144404332129963,0.0001757703050668,-0.0180505415162454,0.0001387895613772,0.0,9.063156355008736e-06,0.0036101083032489,0.0001611121346406,0.0072202166064982,0.0001015402442382,0.0108303249097472,0.0001698942628916,0.0144404332129963,0.0001367137856088,2.0,2.0,2.0,2.0,2.0
65,09:49:06,3,0.0,0.0,-0.0018050541516246,-0.0036101083032491,2.7381079135956625e-05,-0.0072202166064981,0.0001603073723427,-0.0108303249097472,0.0001892788150674,-0.0144404332129963,0.0001757703050668,-0.0180505415162454,0.0001387895613772,0.0,9.063156355008736e-06,0.0036101083032489,0.0001611121346406,0.0072202166064982,0.0001015402442382,0.0108303249097472,0.0001698942628916,0.0144404332129963,0.0001367137856088,2.0,2.0,2.0,2.0,2.0
65,09:49:09,3,0.0,34342.0,-0.0018050541516246,-0.0036101083032491,3.373614648848213e-05,-0.0072202166064981,0.0001571777411842,-0.0108303249097472,0.0001905562155402,-0.0144404332129963,0.0001757703050668,-0.0180505415162454,0.0001387895613772,0.0,5.933525196478587e-06,0.0036101083032489,0.0001617188998652,0.0072202166064982,0.0001015402442382,0.0108303249097472,0.0001702136130098,0.0144404332129963,0.0001367137856088,2.0,2.0,2.0,2.0,2.0
65,09:49:12,3,0.0,291610.0,0.0018050541516245,0.0,1.3993922180284803e-05,-0.0036101083032491,3.93567085691077e-05,-0.0072202166064981,0.0001601796322954,-0.0108303249097472,0.0001905562155402,-0.0144404332129963,0.0001757703050668,0.0036101083032489,0.0001361708904078,0.0072202166064982,0.0001015402442382,0.0108303249097472,0.0001711716633645,0.0144404332129963,0.0001367137856088,0.0180505415162455,4.29525909002352e-05,1.0,1.0,1.0,2.0,2.0
65,09:49:15,3,0.0,30470.0,0.0018050541516245,0.0,1.0704615962645975e-05,-0.0036101083032491,4.181570447938138e-05,-0.0072202166064981,0.0001598602821772,-0.0108303249097472,0.0001905562155402,-0.0144404332129963,0.0001757703050668,0.0036101083032489,0.0001361708904078,0.0072202166064982,0.0001041269801958,0.0108303249097472,0.0001711716633645,0.0144404332129963,0.0001367137856088,0.0180505415162455,4.870089302814771e-05,1.0,1.0,1.0,2.0,2.0
65,09:49:18,3,0.0,0.0,0.0018050541516245,0.0,1.0704615962645975e-05,-0.0036101083032491,5.4174554054393294e-05,-0.0072202166064981,0.0001663750245888,-0.0108303249097472,0.0001905562155402,-0.0144404332129963,0.0001764090053032,0.0036101083032489,0.0001333286743557,0.0072202166064982,0.0001052447056095,0.0108303249097472,0.000170532963128,0.0144404332129963,0.0001367137856088,0.0180505415162455,4.870089302814771e-05,1.0,1.0,1.0,2.0,2.0
65,09:49:21,3,0.0,0.0,0.0018050541516245,0.0,1.1694601329119796e-05,-0.0036101083032491,5.918835091040588e-05,-0.0072202166064981,0.000169568525771,-0.0108303249097472,0.000190236865422,-0.0144404332129963,0.0001764090053032,0.0036101083032489,0.0001330731942611,0.0072202166064982,0.0001052447056095,0.0108303249097472,0.000170532963128,0.0144404332129963,0.0001367137856088,0.0180505415162455,4.870089302814771e-05,1.0,1.0,1.0,2.0,2.0
65,09:49:24,3,0.0,396057.0,0.0018050541516245,0.0,5.652497092447308e-06,-0.0036101083032491,2.930356684762514e-05,-0.0072202166064981,0.0001727620269532,-0.0108303249097472,0.000190236865422,-0.0144404332129963,0.0001764090053032,0.0036101083032489,0.0001326580391074,0.0072202166064982,0.0001052447056095,0.0108303249097472,0.000170532963128,0.0144404332129963,0.0001367137856088,0.0180505415162455,0.0001111019061278,1.0,1.0,1.0,2.0,2.0
65,09:49:27,3,0.0,17234.0,0.0018050541516245,0.0,1.1752084350398924e-05,-0.0036101083032491,4.527107275849324e-05,-0.0072202166064981,0.000126041104658,-0.0108303249097472,0.0001900771903629,-0.0144404332129963,0.0001764090053032,0.0036101083032489,0.00013077387341,0.0072202166064982,0.0001052447056095,0.0108303249097472,0.000170532963128,0.0144404332129963,0.0001367137856088,0.0180505415162455,0.0001111019061278,1.0,1.0,1.0,2.0,2.0
65,09:49:30,3,0.0,277.0,0.0018050541516245,0.0,1.2582394657764064e-05,-0.0036101083032491,4.527107275849324e-05,-0.0072202166064981,0.000126041104658,-0.0108303249097472,0.0001900771903629,-0.0144404332129963,0.0001764090053032,0.0036101083032489,0.0001300074331262,0.0072202166064982,0.0001052447056095,0.0108303249097472,0.000170532963128,0.0144404332129963,0.0001367137856088,0.0180505415162455,0.0001111019061278,1.0,1.0,1.0,2.0,2.0
65,09:49:33,3,0.0,0.0,0.0018050541516245,0.0,1.2582394657764064e-05,-0.0036101083032491,4.891166410617117e-05,-0.0072202166064981,0.0001228476034758,-0.0108303249097472,0.0001900771903629,-0.0144404332129963,0.0001764090053032,0.0036101083032489,0.0001301990431972,0.0072202166064982,0.000105883405846,0.0108303249097472,0.000170532963128,0.0144404332129963,0.0001342547896985,0.0180505415162455,0.0001111019061278,1.0,1.0,1.0,2.0,2.0
65,09:49:36,3,0.0,15809.0,0.0018050541516245,0.0,1.203949945679455e-05,-0.0036101083032491,5.050841469725798e-05,-0.0072202166064981,0.0001265839998589,-0.0108303249097472,0.0001900771903629,-0.0144404332129963,0.0001764090053032,0.0036101083032489,0.0001295603429607,0.0072202166064982,0.000105883405846,0.0108303249097472,0.000170532963128,0.0144404332129963,0.0001342547896985,0.0180505415162455,0.0001111019061278,1.0,1.0,1.0,2.0,2.0
65,09:49:39,3,0.0,3047.0,0.0018050541516245,0.0,1.4562365390711708e-05,-0.0036101083032491,5.050841469725798e-05,-0.0072202166064981,0.0001259133646107,-0.0108303249097472,0.0001894384901265,-0.0144404332129963,0.0001764090053032,0.0036101083032489,0.0001327219091311,0.0072202166064982,0.000105883405846,0.0108303249097472,0.000170532963128,0.0144404332129963,0.0001342547896985,0.0180505415162455,0.0001111019061278,1.0,1.0,2.0,2.0,2.0
65,09:49:42,3,0.0,2770.0,0.0018050541516245,0.0,1.4690105437998654e-05,-0.0036101083032491,5.363804585578813e-05,-0.0072202166064981,0.0001272546351072,-0.0108303249097472,0.0001894384901265,-0.0144404332129963,0.0001764090053032,0.0036101083032489,0.0001350531649941,0.0072202166064982,0.0001063304960115,0.0108303249097472,0.000170532963128,0.0144404332129963,0.0001342547896985,0.0180505415162455,0.0001111338411396,1.0,1.0,2.0,2.0,2.0
65,09:49:45,3,0.0036101083032489,4448.0,0.0018050541516245,0.0,3.123244156165801e-05,-0.0036101083032491,5.427674609222285e-05,-0.0072202166064981,0.0001282126854619,-0.0108303249097472,0.0001894384901265,-0.0144404332129963,0.0001764090053032,0.0036101083032489,0.0001345422048049,0.0072202166064982,0.0001063304960115,0.0108303249097472,0.000170532963128,0.0144404332129963,0.0001342547896985,0.0180505415162455,0.0001111338411396,1.0,1.0,2.0,2.0,2.0
65,09:49:48,3,0.0,41550.0,0.0018050541516245,0.0,3.720428877232268e-05,-0.0036101083032491,5.427674609222285e-05,-0.0072202166064981,0.0001298094360529,-0.0108303249097472,0.0001894384901265,-0.0144404332129963,0.0001764090053032,0.0036101083032489,0.0001343825297458,0.0072202166064982,0.0001063304960115,0.0108303249097472,0.000170532963128,0.0144404332129963,0.0001342547896985,0.0180505415162455,0.0001111338411396,1.0,1.0,2.0,2.0,2.0
65,09:49:51,3,0.0036101083032489,8340.0,0.0018050541516245,0.0,4.60502870469436e-05,-0.0036101083032491,5.427674609222285e-05,-0.0072202166064981,0.0001341206626489,-0.0108303249097472,0.0001894384901265,-0.0144404332129963,0.0001764090053032,0.0036101083032489,0.0001336480244739,0.0072202166064982,0.0001063304960115,0.0108303249097472,0.000170532963128,0.0144404332129963,0.0001340951146394,0.0180505415162455,0.0001111338411396,1.0,1.0,2.0,2.0,2.0
65,09:49:54,3,0.0036101083032489,15562.0,0.0018050541516245,0.0,5.320372969501252e-05,-0.0036101083032491,5.453222618679674e-05,-0.0072202166064981,0.0001305439413248,-0.0108303249097472,0.0001880652846182,-0.0144404332129963,0.0001764090053032,0.0036101083032489,0.0001328815841902,0.0072202166064982,0.0001063304960115,0.0108303249097472,0.000170532963128,0.0144404332129963,0.0001340951146394,0.0180505415162455,0.0001111338411396,1.0,1.0,2.0,2.0,2.0
65,09:49:57,3,0.0036101083032489,10842.0,0.0018050541516245,0.0,5.457693520334717e-05,-0.0036101083032491,5.453222618679674e-05,-0.0072202166064981,0.0001345996878262,-0.0108303249097472,0.0001880652846182,-0.0144404332129963,0.0001758341750904,0.0036101083032489,0.0001376399009516,0.0072202166064982,0.0001095239971937,0.0108303249097472,0.000170532963128,0.0144404332129963,0.0001340951146394,0.0180505415162455,0.0001111338411396,1.0,1.0,2.0,2.0,2.0
65,09:50:00,3,0.0036101083032489,50317.0,0.0018050541516245,0.0,5.473661026245585e-05,-0.0036101083032491,5.121098495733618e-05,-0.0072202166064981,0.0001368351386537,-0.0108303249097472,0.0001880652846182,-0.0144404332129963,0.0001758341750904,0.0036101083032489,0.0001318915988237,0.0072202166064982,0.0001095239971937,0.0108303249097472,0.000170532963128,0.0144404332129963,0.0001340951146394,0.0180505415162455,0.0001111338411396,1.0,1.0,2.0,2.0,2.0
65,09:50:03,3,0.0,10279.0,0.0018050541516245,0.0,5.45130651797037e-05,-0.0036101083032491,5.121098495733618e-05,-0.0072202166064981,0.0001362922434528,-0.0108303249097472,0.0001880652846182,-0.0144404332129963,0.0001742374244993,0.0036101083032489,0.0001309335484691,0.0072202166064982,0.0001079911166262,0.0108303249097472,0.000170532963128,0.0144404332129963,0.0001340951146394,0.0180505415162455,0.0001111338411396,1.0,1.0,2.0,2.0,2.0
65,09:50:06,3,0.0036101083032489,1946.0,0.0018050541516245,0.0,5.521563543978189e-05,-0.0036101083032491,5.121098495733618e-05,-0.0072202166064981,0.0001378889940438,-0.0108303249097472,0.0001880652846182,-0.0144404332129963,0.0001742374244993,0.0036101083032489,0.0001319554688474,0.0072202166064982,0.0001079911166262,0.0108303249097472,0.0001689362125369,0.0144404332129963,0.0001340951146394,0.0180505415162455,0.0001111338411396,1.0,1.0,2.0,2.0,2.0
65,09:50:09,3,0.0036101083032489,71446.0,0.0018050541516245,0.0,5.53114404752471e-05,-0.0036101083032491,5.216903531198826e-05,-0.0072202166064981,0.0001378889940438,-0.0108303249097472,0.0001880652846182,-0.0144404332129963,0.0001742374244993,0.0036101083032489,0.0001237481708092,0.0072202166064982,0.0001079911166262,0.0108303249097472,0.0001691916926315,0.0144404332129963,0.0001340951146394,0.0180505415162455,0.0001111338411396,1.0,2.0,2.0,2.0,2.0
65,09:50:12,3,0.0036101083032489,13616.0,0.0018050541516245,0.0,6.150683276866393e-05,-0.0036101083032491,5.216903531198826e-05,-0.0072202166064981,0.0001378889940438,-0.0108303249097472,0.0001856701587315,-0.0144404332129963,0.0001742374244993,0.0036101083032489,0.0001231733405964,0.0072202166064982,0.0001079911166262,0.0108303249097472,0.0001691916926315,0.0144404332129963,0.0001340951146394,0.0180505415162455,0.0001127305917307,1.0,2.0,2.0,2.0,2.0
65,09:50:15,3,0.0036101083032489,44758.0,0.0018050541516245,0.0,6.182618288688129e-05,-0.0036101083032491,5.248838543020562e-05,-0.0072202166064981,0.000136611593571,-0.0108303249097472,0.0001843927582587,-0.0144404332129963,0.0001742374244993,0.0036101083032489,0.0001186705039295,0.0072202166064982,0.0001079911166262,0.0108303249097472,0.0001698942628916,0.0144404332129963,0.0001342547896985,0.0180505415162455,0.0001127305917307,1.0,2.0,2.0,2.0,2.0
65,09:50:18,3,0.0036101083032489,55600.0,0.0018050541516245,0.0,6.738287494386339e-05,-0.0036101083032491,5.568188661237924e-05,-0.0072202166064981,0.0001361325683936,-0.0108303249097472,0.0001843927582587,-0.0144404332129963,0.0001742374244993,0.0036101083032489,0.0001129222018016,0.0072202166064982,0.0001063943660351,0.0108303249097472,0.0001698942628916,0.0144404332129963,0.0001342547896985,0.0180505415162455,0.0001127305917307,1.0,2.0,2.0,2.0,2.0
65,09:50:21,3,0.0036101083032489,26960.0,0.0018050541516245,0.0,7.268408690627159e-05,-0.0036101083032491,5.762992233350515e-05,-0.0072202166064981,0.0001361964384173,-0.0108303249097472,0.0001833069678567,-0.0144404332129963,0.0001742374244993,0.0036101083032489,0.0001100161157258,0.0072202166064982,0.0001063943660351,0.0108303249097472,0.0001698942628916,0.0144404332129963,0.0001342547896985,0.0180505415162455,0.0001069822896028,1.0,2.0,2.0,2.0,2.0
65,09:50:24,3,0.0036101083032489,3335.0,0.0018050541516245,0.0,7.456825260375403e-05,-0.0036101083032491,5.762992233350515e-05,-0.0072202166064981,0.0001372502938074,-0.0108303249097472,0.0001833069678567,-0.0144404332129963,0.0001742374244993,0.0036101083032489,0.0001096648305958,0.0072202166064982,0.0001063943660351,0.0108303249097472,0.0001698942628916,0.0144404332129963,0.0001342547896985,0.0180505415162455,0.0001069822896028,2.0,2.0,2.0,2.0,2.0
65,09:50:27,3,0.0036101083032489,57824.0,0.0018050541516245,0.0,7.48876027219714e-05,-0.0036101083032491,5.769379235714862e-05,-0.0072202166064981,0.0001382722141857,-0.0108303249097472,0.0001827002026321,-0.0144404332129963,0.0001742374244993,0.0036101083032489,0.0001032778282314,0.0072202166064982,0.0001063943660351,0.0108303249097472,0.0001698942628916,0.0144404332129963,0.0001340951146394,0.0180505415162455,0.0001069822896028,2.0,2.0,2.0,2.0,2.0
65,09:50:30,3,0.0036101083032489,325502.0,0.0018050541516245,0.0,7.405729241460625e-05,-0.0036101083032491,5.769379235714862e-05,-0.0072202166064981,0.0001382722141857,-0.0108303249097472,0.0001827002026321,-0.0144404332129963,0.0001742374244993,0.0036101083032489,7.325891711906284e-05,0.0072202166064982,0.0001063943660351,0.0108303249097472,0.0001698942628916,0.0144404332129963,0.0001340951146394,0.0180505415162455,0.0001069822896028,2.0,2.0,2.0,2.0,2.0
65,09:50:33,3,0.0036101083032489,60325.0,0.0018050541516245,0.0,8.283942066558372e-05,-0.0036101083032491,5.769379235714862e-05,-0.0072202166064981,0.0001382722141857,-0.0108303249097472,0.0001794747664381,-0.0144404332129963,0.0001742374244993,0.0036101083032489,6.636095456556783e-05,0.0072202166064982,0.0001063943660351,0.0108303249097472,0.0001718103636009,0.0144404332129963,0.0001331370642848,0.0180505415162455,0.0001069822896028,2.0,2.0,2.0,2.0,2.0
65,09:50:36,3,0.0036101083032489,30024.0,0.0018050541516245,0.0,8.603292184775733e-05,-0.0036101083032491,5.465996623408368e-05,-0.0072202166064981,0.0001382722141857,-0.0108303249097472,0.0001794747664381,-0.0144404332129963,0.0003243319800615,0.0036101083032489,6.326325841885941e-05,0.0072202166064982,0.0001063943660351,0.0108303249097472,0.000173407114192,0.0144404332129963,0.0001331370642848,0.0180505415162455,0.0001069822896028,2.0,2.0,2.0,2.0,2.0
65,09:50:39,3,0.0036101083032489,889960.0,0.0054151624548737,0.0036101083032489,5.837720161013378e-05,0.0,8.663968707237032e-05,-0.0036101083032491,5.465996623408368e-05,-0.0072202166064981,0.0001382722141857,-0.0108303249097472,0.0001815505422065,0.0072202166064982,6.807235184909467e-05,0.0108303249097472,0.000173407114192,0.0144404332129963,0.0001331370642848,0.0180505415162455,0.0001069822896028,0.0216606498194946,6.208166298145518e-05,2.0,2.0,2.0,2.0,2.0
65,09:50:42,3,0.0036101083032489,38497.0,0.0054151624548737,0.0036101083032489,5.82175265510251e-05,0.0,9.2611534283035e-05,-0.0036101083032491,5.465996623408368e-05,-0.0072202166064981,0.0001382722141857,-0.0108303249097472,0.0001809118419701,0.0072202166064982,5.884313343261291e-05,0.0108303249097472,0.000173407114192,0.0144404332129963,0.0001331370642848,0.0180505415162455,0.0001069822896028,0.0216606498194946,6.208166298145518e-05,2.0,2.0,2.0,2.0,2.0
65,09:50:45,3,0.0072202166064982,7812.0,0.0054151624548737,0.0036101083032489,6.067652246129879e-05,0.0,9.206863908206548e-05,-0.0036101083032491,5.561801658873577e-05,-0.0072202166064981,0.0001570500011369,-0.0108303249097472,0.0001809118419701,0.0072202166064982,5.794895310160429e-05,0.0108303249097472,0.000173407114192,0.0144404332129963,0.0001340951146394,0.0180505415162455,0.0001066629394845,0.0216606498194946,6.208166298145518e-05,2.0,2.0,2.0,2.0,2.0
65,09:50:48,3,0.0072202166064982,503480.0,0.0090252707581226,0.0072202166064982,2.7668813592470464e-05,0.0036101083032489,6.56264492936679e-05,0.0,9.206863908206548e-05,-0.0036101083032491,5.450029117497501e-05,-0.0072202166064981,0.0001573054812315,0.0108303249097472,0.0001726726089201,0.0144404332129963,0.0001340951146394,0.0180505415162455,0.0001066629394845,0.0216606498194946,6.208166298145518e-05,0.0252707581227435,4.1100360214574494e-05,2.0,2.0,2.0,2.0,2.0
65,09:50:51,3,0.0072202166064982,6417.0,0.0090252707581226,0.0072202166064982,4.162441375856918e-05,0.0036101083032489,6.56264492936679e-05,0.0,7.23328017762325e-05,-0.0036101083032491,5.450029117497501e-05,-0.0072202166064981,0.0001573054812315,0.0108303249097472,0.0001708203782344,0.0144404332129963,0.000134893489935,0.0180505415162455,0.0001066629394845,0.0216606498194946,6.208166298145518e-05,0.0252707581227435,4.1100360214574494e-05,2.0,2.0,2.0,2.0,2.0
65,09:50:54,3,0.0108303249097472,8400.0,0.0090252707581226,0.0072202166064982,4.219924397136044e-05,0.0036101083032489,6.56264492936679e-05,0.0,7.01292859605327e-05,-0.0036101083032491,5.450029117497501e-05,-0.0072202166064981,0.0001572416112078,0.0108303249097472,0.0001698942628916,0.0144404332129963,0.000134893489935,0.0180505415162455,0.000107301639721,0.0216606498194946,6.208166298145518e-05,0.0252707581227435,4.1100360214574494e-05,2.0,2.0,2.0,2.0,2.0
65,09:50:57,3,0.0144404332129963,2677384.0,0.0162454873646209,0.0144404332129963,1.708523132462887e-05,0.0072202166064982,4.232698401864738e-05,0.0036101083032489,6.613740948281568e-05,0.0,6.38700236434724e-05,-0.0036101083032491,5.469190124590542e-05,0.0180505415162455,0.000107301639721,0.0216606498194946,6.16665078277726e-05,0.0252707581227435,4.1100360214574494e-05,0.0288808664259927,0.0001650720761065,0.0324909747292418,0.0001229753435231,1.0,2.0,2.0,2.0,2.0
65,09:51:00,3,0.0180505415162455,156592.0,0.0162454873646209,0.0144404332129963,1.0698228960281629e-05,0.0108303249097472,1.8713916927537416e-05,0.0072202166064982,9.070852692857772e-05,0.0036101083032489,7.000154591324576e-05,0.0,6.514742411634185e-05,0.0180505415162455,9.593277551249556e-05,0.0216606498194946,6.134715770955525e-05,0.0252707581227435,4.1100360214574494e-05,0.0288808664259927,0.0001650720761065,0.0324909747292418,0.0001229753435231,1.0,2.0,2.0,2.0,2.0
65,09:51:03,3,0.0180505415162455,185771.0,0.0162454873646209,0.0144404332129963,8.558583168225302e-06,0.0108303249097472,1.5839765863581157e-05,0.0072202166064982,9.01656317276082e-05,0.0036101083032489,7.169410153979778e-05,0.0,6.505161908087665e-05,0.0180505415162455,7.725079359677988e-05,0.0216606498194946,6.134715770955525e-05,0.0252707581227435,4.1100360214574494e-05,0.0288808664259927,0.0001666688266976,0.0324909747292418,0.0001229753435231,1.0,2.0,2.0,1.0,2.0
65,09:51:06,3,0.0180505415162455,64135.0,0.0162454873646209,0.0144404332129963,3.4170462649257737e-06,0.0108303249097472,2.3663843759906528e-05,0.0072202166064982,7.713614690433984e-05,0.0036101083032489,7.169410153979778e-05,0.0,5.454500019152543e-05,0.0180505415162455,7.511114780472354e-05,0.0216606498194946,6.134715770955525e-05,0.0252707581227435,4.1100360214574494e-05,0.0288808664259927,0.0001666688266976,0.0324909747292418,0.0001229753435231,2.0,2.0,2.0,1.0,2.0
65,09:51:09,3,0.0180505415162455,245123.0,0.0162454873646209,0.0144404332129963,4.6625117259734856e-06,0.0108303249097472,1.4849780497107336e-05,0.0072202166064982,7.48048910413531e-05,0.0036101083032489,7.169410153979778e-05,0.0,5.454500019152543e-05,0.0180505415162455,5.428952009695154e-05,0.0216606498194946,6.134715770955525e-05,0.0252707581227435,4.1100360214574494e-05,0.0288808664259927,0.0001663494765794,0.0324909747292418,0.0001229753435231,2.0,2.0,2.0,1.0,2.0
65,09:51:12,3,0.0180505415162455,155450.0,0.0162454873646209,0.0144404332129963,2.5867359575606325e-06,0.0108303249097472,1.590363588722463e-05,0.0072202166064982,7.48048910413531e-05,0.0036101083032489,6.738287494386339e-05,0.0,5.3139859671369045e-05,0.0180505415162455,4.3846771231243805e-05,0.0216606498194946,5.975040711846844e-05,0.0252707581227435,4.1100360214574494e-05,0.0288808664259927,0.000165870451402,0.0324909747292418,0.0001229753435231,2.0,2.0,2.0,1.0,2.0
65,09:51:15,3,0.0180505415162455,84267.0,0.0162454873646209,0.0144404332129963,1.9608097258546027e-05,0.0108303249097472,2.5132854303706396e-05,0.0072202166064982,7.48048910413531e-05,0.0036101083032489,6.738287494386339e-05,0.0,5.3139859671369045e-05,0.0180505415162455,5.358694983687335e-05,0.0216606498194946,5.975040711846844e-05,0.0252707581227435,4.5794806952369714e-05,0.0288808664259927,0.000165870451402,0.0324909747292418,0.0001229753435231,2.0,2.0,2.0,2.0,2.0
65,09:51:18,3,0.0180505415162455,230658.0,0.0162454873646209,0.0144404332129963,1.9033267045754778e-05,0.0108303249097472,2.6282514729288896e-05,0.0072202166064982,7.48048910413531e-05,0.0036101083032489,6.738287494386339e-05,0.0,4.7710907661673885e-05,0.0180505415162455,6.131522269773351e-06,0.0216606498194946,5.975040711846844e-05,0.0252707581227435,4.5794806952369714e-05,0.0288808664259927,0.000165870451402,0.0324909747292418,0.0001218256830975,2.0,2.0,2.0,2.0,2.0
65,09:51:21,3,0.0180505415162455,239600.0,0.01985559566787,0.0180505415162455,3.8322014186083444e-07,0.0144404332129963,1.5839765863581157e-05,0.0108303249097472,2.6761539906614937e-05,0.0072202166064982,7.799839222352672e-05,0.0036101083032489,6.738287494386339e-05,0.0216606498194946,6.058071742583358e-05,0.0252707581227435,4.649737721244792e-05,0.0288808664259927,0.0001655511012838,0.0324909747292418,0.0001224643833339,0.036101083032491,0.0001451765637416,2.0,2.0,1.0,1.0,2.0
65,09:51:24,3,0.0180505415162455,0.0,0.01985559566787,0.0180505415162455,4.138777532097012e-05,0.0144404332129963,1.5839765863581157e-05,0.0108303249097472,2.6282514729288896e-05,0.0072202166064982,7.799839222352672e-05,0.0036101083032489,6.664836967196345e-05,0.0216606498194946,6.058071742583358e-05,0.0252707581227435,4.681672733066527e-05,0.0288808664259927,0.0001653914262247,0.0324909747292418,0.0001224643833339,0.036101083032491,0.0001451765637416,2.0,2.0,2.0,1.0,2.0
65,09:51:27,3,0.0180505415162455,123844.0,0.01985559566787,0.0180505415162455,4.231389066380047e-05,0.0144404332129963,1.9033267045754778e-05,0.0108303249097472,2.6282514729288896e-05,0.0072202166064982,7.799839222352672e-05,0.0036101083032489,6.664836967196345e-05,0.0216606498194946,5.029764361923452e-05,0.0252707581227435,4.972281340644327e-05,0.0288808664259927,0.0001658065813784,0.0324909747292418,0.0001224643833339,0.036101083032491,0.0001451765637416,2.0,2.0,1.0,2.0,2.0
65,09:51:30,3,0.0180505415162455,61867.0,0.01985559566787,0.0180505415162455,3.790685903240088e-05,0.0144404332129963,2.136452290874152e-05,0.0108303249097472,2.800700536766265e-05,0.0072202166064982,7.799839222352672e-05,0.0036101083032489,6.310358335975073e-05,0.0216606498194946,4.777477768531736e-05,0.0252707581227435,5.004216352466063e-05,0.0288808664259927,0.0001658065813784,0.0324909747292418,0.0001224643833339,0.036101083032491,0.0001451765637416,2.0,2.0,1.0,2.0,2.0
65,09:51:33,3,0.0216606498194946,429862.0,0.023465703971119,0.0216606498194946,0.0002405983790649,0.0180505415162455,3.745976886689656e-05,0.0144404332129963,2.6793474918436675e-05,0.0108303249097472,2.8326355485880014e-05,0.0072202166064982,7.694453683340942e-05,0.0252707581227435,5.004216352466063e-05,0.0288808664259927,0.0001661259314966,0.0324909747292418,0.000122272773263,0.036101083032491,0.0001451765637416,0.0397111913357399,7.999720461344919e-05,2.0,2.0,1.0,1.0,2.0
65,09:51:36,3,0.0252707581227435,386916.0,0.023465703971119,0.0216606498194946,0.0002562784698694,0.0180505415162455,3.848168924519212e-05,0.0144404332129963,2.6793474918436675e-05,0.0108303249097472,2.947601591146252e-05,0.0072202166064982,7.70084068570529e-05,0.0252707581227435,2.11729128378111e-05,0.0288808664259927,0.0001677226820877,0.0324909747292418,0.000122272773263,0.036101083032491,0.0001454959138598,0.0397111913357399,7.999720461344919e-05,2.0,2.0,0.0,1.0,2.0
65,09:51:39,3,0.0252707581227435,181474.0,0.0270758122743681,0.0252707581227435,1.1177254137607672e-06,0.0216606498194946,0.0002917582680033,0.0180505415162455,4.493256163318284e-05,0.0144404332129963,9.2611534283035e-06,0.0108303249097472,3.2541777046349193e-05,0.0288808664259927,0.0001680420322059,0.0324909747292418,0.000122272773263,0.036101083032491,0.0001454959138598,0.0397111913357399,8.031655473166655e-05,0.0433212996389891,0.0001763132002678,0.0,1.0,0.0,0.0,2.0
65,09:51:42,3,0.0252707581227435,19083.0,0.0270758122743681,0.0252707581227435,2.110904281416763e-05,0.0216606498194946,0.0002963249746938,0.0180505415162455,4.349548610120471e-05,0.0144404332129963,9.2611534283035e-06,0.0108303249097472,3.2541777046349193e-05,0.0288808664259927,0.0001663494765794,0.0324909747292418,0.000122272773263,0.036101083032491,0.0001454959138598,0.0397111913357399,8.031655473166655e-05,0.0433212996389891,0.0001747164496767,1.0,1.0,0.0,0.0,1.0
65,09:51:45,3,0.0252707581227435,312785.0,0.0270758122743681,0.0252707581227435,3.678913361864011e-05,0.0216606498194946,0.0002702021350237,0.0180505415162455,4.892443811089986e-05,0.0144404332129963,9.2611534283035e-06,0.0108303249097472,3.2541777046349193e-05,0.0288808664259927,0.0001626769502199,0.0324909747292418,0.000122272773263,0.036101083032491,0.0001454959138598,0.0397111913357399,8.031655473166655e-05,0.0433212996389891,0.0001747164496767,1.0,0.0,0.0,0.0,1.0
65,09:51:48,3,0.0252707581227435,348192.0,0.0270758122743681,0.0252707581227435,3.3276282318249126e-05,0.0216606498194946,0.0002698827849054,0.0180505415162455,4.783864770896083e-05,0.0144404332129963,6.067652246129878e-06,0.0108303249097472,3.2445972010883985e-05,0.0288808664259927,0.0001428453078786,0.0324909747292418,0.0001238056538305,0.036101083032491,0.0001454959138598,0.0397111913357399,8.095525496810128e-05,0.0433212996389891,0.0001734390492038,2.0,0.0,0.0,0.0,0.0
65,09:51:51,3,0.0252707581227435,974041.0,0.0270758122743681,0.0252707581227435,3.602269333491844e-05,0.0216606498194946,0.0002695314997754,0.0180505415162455,4.783864770896083e-05,0.0144404332129963,6.067652246129878e-06,0.0108303249097472,2.7911200332197443e-05,0.0288808664259927,3.608656335856191e-05,0.0324909747292418,0.0001238056538305,0.036101083032491,0.0001445378635051,0.0397111913357399,8.095525496810128e-05,0.0433212996389891,0.0001734390492038,1.0,0.0,0.0,1.0,0.0
65,09:51:54,3,0.0252707581227435,519325.0,0.023465703971119,0.0216606498194946,0.0002631444974111,0.0180505415162455,4.751929759074347e-05,0.0144404332129963,6.067652246129878e-06,0.0108303249097472,3.672526359499663e-05,0.0072202166064982,3.402388094499597e-05,0.0252707581227435,3.755557390236177e-05,0.0288808664259927,3.139211662076669e-05,0.0324909747292418,0.0001422640906634,0.036101083032491,0.0001445378635051,0.0397111913357399,8.095525496810128e-05,2.0,1.0,0.0,2.0,1.0
65,09:51:57,3,0.0288808664259927,601525.0,0.0270758122743681,0.0252707581227435,1.194369442132934e-05,0.0216606498194946,0.0002643580278603,0.0180505415162455,4.81579978271782e-05,0.0144404332129963,7.025702600781964e-06,0.0108303249097472,3.672526359499663e-05,0.0288808664259927,4.854121796903903e-06,0.0324909747292418,0.0001457130719402,0.036101083032491,0.0001442185133869,0.0397111913357399,8.066783986170565e-05,0.0433212996389891,0.0001734390492038,1.0,0.0,0.0,1.0,1.0
65,09:52:00,3,0.0252707581227435,389003.0,0.0270758122743681,0.0252707581227435,1.96719672821895e-05,0.0216606498194946,0.0002623780571273,0.0180505415162455,1.842650182114179e-05,0.0144404332129963,5.428952009695155e-06,0.0108303249097472,3.672526359499663e-05,0.0288808664259927,2.347223368897611e-05,0.0324909747292418,0.0001457769419638,0.036101083032491,0.0001450488236943,0.0397111913357399,8.226459045279246e-05,0.0433212996389891,0.0001734390492038,0.0,0.0,0.0,1.0,0.0
65,09:52:03,3,0.0288808664259927,388940.0,0.0306859205776173,0.0288808664259927,5.907977187021197e-05,0.0252707581227435,8.331844584290975e-05,0.0216606498194946,0.0002623780571273,0.0180505415162455,1.9608097258546027e-05,0.0144404332129963,5.428952009695155e-06,0.0324909747292418,0.0001424237657225,0.036101083032491,0.0001450488236943,0.0397111913357399,8.402101610298795e-05,0.0433212996389891,0.0001734390492038,0.0469314079422382,0.0001638266106455,0.0,0.0,0.0,0.0,0.0
65,09:52:06,3,0.0288808664259927,534660.0,0.0270758122743681,0.0252707581227435,8.79490225570615e-05,0.0216606498194946,3.653365352406621e-05,0.0180505415162455,1.9608097258546027e-05,0.0144404332129963,5.428952009695155e-06,0.0108303249097472,3.950360962348768e-05,0.0288808664259927,2.0534212601376378e-05,0.0324909747292418,0.0001426153757935,0.036101083032491,0.0001450488236943,0.0397111913357399,8.331844584290975e-05,0.0433212996389891,0.0001735029192274,0.0,0.0,0.0,1.0,1.0
65,09:52:09,3,0.0288808664259927,147474.0,0.0270758122743681,0.0252707581227435,8.775741248613109e-05,0.0216606498194946,3.672526359499663e-05,0.0180505415162455,1.925681212850693e-05,0.0144404332129963,5.428952009695155e-06,0.0108303249097472,3.950360962348768e-05,0.0288808664259927,2.6889279953901884e-05,0.0324909747292418,0.0001435414911363,0.036101083032491,0.0001450488236943,0.0397111913357399,8.488326142217482e-05,0.0433212996389891,0.0001739500093929,0.0,0.0,0.0,1.0,0.0
65,09:52:12,3,0.0288808664259927,84180.0,0.0270758122743681,0.0252707581227435,8.641614198961816e-05,0.0216606498194946,3.672526359499663e-05,0.0180505415162455,1.7660061537420122e-05,0.0144404332129963,5.428952009695155e-06,0.0108303249097472,3.027439120700592e-05,0.0288808664259927,6.805351019211985e-05,0.0324909747292418,0.0001436372961718,0.036101083032491,0.0001450488236943,0.0397111913357399,8.488326142217482e-05,0.0433212996389891,0.0001739500093929,0.0,0.0,0.0,2.0,0.0
65,09:52:15,3,0.0252707581227435,845072.0,0.023465703971119,0.0216606498194946,3.66933285831749e-05,0.0180505415162455,1.7660061537420122e-05,0.0144404332129963,5.428952009695155e-06,0.0108303249097472,3.027439120700592e-05,0.0072202166064982,3.5652566547904514e-05,0.0252707581227435,1.9192942104863457e-05,0.0288808664259927,0.0001079722749692,0.0324909747292418,0.0001440843863373,0.036101083032491,0.0001456875239307,0.0397111913357399,8.526648156403566e-05,0.0,0.0,0.0,2.0,1.0
65,09:52:18,3,0.0252707581227435,186048.0,0.023465703971119,0.0216606498194946,2.104517279052416e-05,0.0180505415162455,1.7979411655637484e-05,0.0144404332129963,5.428952009695155e-06,0.0108303249097472,3.027439120700592e-05,0.0072202166064982,3.5652566547904514e-05,0.0252707581227435,3.844975423337039e-05,0.0288808664259927,0.0001402905069328,0.0324909747292418,0.0001450105016801,0.036101083032491,0.0001456875239307,0.0397111913357399,8.564970170589649e-05,1.0,0.0,0.0,2.0,1.0
65,09:52:21,3,0.0216606498194946,338968.0,0.01985559566787,0.0180505415162455,9.612438558342598e-06,0.0144404332129963,5.588627068803836e-06,0.0108303249097472,3.027439120700592e-05,0.0072202166064982,3.763253728085216e-05,0.0036101083032489,6.176231286323782e-05,0.0216606498194946,1.8202956738389635e-06,0.0252707581227435,4.426192638492638e-05,0.0288808664259927,0.0001698623278798,0.0324909747292418,0.0001448188916092,0.036101083032491,0.0001456875239307,1.0,1.0,1.0,2.0,2.0
65,09:52:24,3,0.0252707581227435,116439.0,0.023465703971119,0.0216606498194946,3.19350118217362e-07,0.0180505415162455,6.067652246129878e-06,0.0144404332129963,5.588627068803836e-06,0.0108303249097472,3.0817286407975434e-05,0.0072202166064982,5.360004319172026e-05,0.0252707581227435,4.7157793256921415e-05,0.0288808664259927,0.0001632198454208,0.0324909747292418,0.0001650656891041,0.036101083032491,0.0001457513939544,0.0397111913357399,8.564970170589649e-05,1.0,0.0,0.0,2.0,1.0
65,09:52:27,3,0.0180505415162455,14967.0,0.01985559566787,0.0180505415162455,3.6118498370383646e-05,0.0144404332129963,5.939912198842933e-06,0.0108303249097472,3.0817286407975434e-05,0.0072202166064982,5.360004319172026e-05,0.0036101083032489,6.176231286323782e-05,0.0216606498194946,1.3412704965129205e-06,0.0252707581227435,4.891421890711691e-05,0.0288808664259927,0.0001634753255154,0.0324909747292418,0.0001634689385131,0.036101083032491,0.0001449530186588,1.0,1.0,2.0,2.0,2.0
65,09:52:30,3,0.0180505415162455,80529.0,0.01985559566787,0.0180505415162455,3.595882331127497e-05,0.0144404332129963,6.482807399812449e-06,0.0108303249097472,3.0817286407975434e-05,0.0072202166064982,5.360004319172026e-05,0.0036101083032489,6.176231286323782e-05,0.0216606498194946,6.38700236434724e-07,0.0252707581227435,5.316157547940782e-05,0.0288808664259927,0.0001548528723235,0.0324909747292418,0.0001634050684894,0.036101083032491,0.0001449530186588,1.0,1.0,2.0,2.0,1.0
65,09:52:33,3,0.0216606498194946,42400.0,0.023465703971119,0.0216606498194946,1.756425650195491e-06,0.0180505415162455,3.4362072720188155e-05,0.0144404332129963,9.67630858198607e-06,0.0108303249097472,3.0817286407975434e-05,0.0072202166064982,5.360004319172026e-05,0.0252707581227435,6.066630325751583e-05,0.0288808664259927,0.0001580463735057,0.0324909747292418,0.0001635966785603,0.036101083032491,0.0001449530186588,0.0397111913357399,8.558583168225303e-05,0.0,0.0,1.0,2.0,0.0
65,09:52:36,3,0.0216606498194946,92117.0,0.01985559566787,0.0180505415162455,2.985923605332335e-05,0.0144404332129963,1.1592409291290242e-05,0.0108303249097472,2.7719590261267025e-05,0.0072202166064982,5.360004319172026e-05,0.0036101083032489,6.176231286323782e-05,0.0216606498194946,1.5328805674433378e-06,0.0252707581227435,6.944843150849329e-05,0.0288808664259927,0.0001140718622272,0.0324909747292418,0.0001642673138086,0.036101083032491,0.0001449849536706,1.0,0.0,2.0,2.0,1.0
65,09:52:39,3,0.0252707581227435,91673.0,0.023465703971119,0.0216606498194946,1.0219203782955583e-06,0.0180505415162455,2.960375595874946e-05,0.0144404332129963,1.0730163972103364e-05,0.0108303249097472,2.7719590261267025e-05,0.0072202166064982,5.685741439753735e-05,0.0252707581227435,7.552630295840612e-05,0.0288808664259927,0.0001163073130547,0.0324909747292418,0.0001642673138086,0.036101083032491,0.0001449849536706,0.0397111913357399,8.593711681229213e-05,0.0,0.0,1.0,2.0,0.0
65,09:52:42,3,0.0216606498194946,56059.0,0.01985559566787,0.0180505415162455,4.371903118395687e-05,0.0144404332129963,1.2326914563190174e-05,0.0108303249097472,3.822620915061824e-05,0.0072202166064982,5.717676451575472e-05,0.0036101083032489,6.185811789870302e-05,0.0216606498194946,9.58050354652086e-07,0.0252707581227435,8.497906645764004e-05,0.0288808664259927,0.0001192453341423,0.0324909747292418,0.0001714526914685,0.036101083032491,0.0001449849536706,1.0,0.0,2.0,2.0,1.0
65,09:52:45,3,0.0216606498194946,92583.0,0.01985559566787,0.0180505415162455,4.37509661957786e-05,0.0144404332129963,1.2326914563190174e-05,0.0108303249097472,4.113229522639623e-05,0.0072202166064982,5.717676451575472e-05,0.0036101083032489,6.195392293416824e-05,0.0216606498194946,1.2901744775981426e-05,0.0252707581227435,8.842804773438754e-05,0.0288808664259927,0.0001215765900053,0.0324909747292418,0.0001741671674733,0.036101083032491,0.0001453043037888,1.0,0.0,2.0,2.0,1.0
65,09:52:48,3,0.0180505415162455,206831.0,0.01985559566787,0.0180505415162455,3.653365352406621e-05,0.0144404332129963,1.2326914563190174e-05,0.0108303249097472,4.2250020640157e-05,0.0072202166064982,5.717676451575472e-05,0.0036101083032489,6.195392293416824e-05,0.0216606498194946,1.2933679787803164e-05,0.0252707581227435,9.724211099718674e-05,0.0288808664259927,0.0001230136655373,0.0324909747292418,0.0001749016727452,0.036101083032491,0.0001453043037888,0.0,1.0,2.0,2.0,2.0
65,09:52:51,3,0.0180505415162455,24043.0,0.01985559566787,0.0180505415162455,3.6310108441314064e-05,0.0144404332129963,1.312528985873358e-05,0.0108303249097472,4.3782901207600335e-05,0.0072202166064982,5.717676451575472e-05,0.0036101083032489,6.460452891537234e-05,0.0216606498194946,4.0972620167287546e-05,0.0252707581227435,0.0001079403399574,0.0288808664259927,0.0001236523657737,0.0324909747292418,0.0001749016727452,0.036101083032491,0.0001453043037888,0.0,1.0,2.0,2.0,2.0
65,09:52:54,3,0.0180505415162455,76643.0,0.01985559566787,0.0180505415162455,3.5192383027553296e-05,0.0144404332129963,1.4083340213385666e-05,0.0108303249097472,4.263324078201783e-05,0.0072202166064982,5.717676451575472e-05,0.0036101083032489,6.460452891537234e-05,0.0216606498194946,6.090006754405094e-05,0.0252707581227435,0.0001048745788225,0.0288808664259927,0.0001164669881138,0.0324909747292418,0.0001749655427689,0.036101083032491,0.0001453043037888,0.0,1.0,2.0,2.0,2.0
65,09:52:57,3,0.0180505415162455,141070.0,0.01985559566787,0.0180505415162455,2.171580803878062e-05,0.0144404332129963,3.100889647890585e-05,0.0108303249097472,3.9248129528913793e-05,0.0072202166064982,5.717676451575472e-05,0.0036101083032489,6.524322915180707e-05,0.0216606498194946,6.339099846614637e-05,0.0252707581227435,0.0001060561742599,0.0288808664259927,0.0001162115080192,0.0324909747292418,0.0001756042430053,0.036101083032491,0.0001453043037888,0.0,2.0,2.0,2.0,2.0
65,09:53:00,3,0.0180505415162455,87812.0,0.01985559566787,0.0180505415162455,1.9448422199437348e-05,0.0144404332129963,3.6437848488601005e-05,0.0108303249097472,4.132390529732665e-05,0.0072202166064982,5.717676451575472e-05,0.0036101083032489,6.524322915180707e-05,0.0216606498194946,5.9686537094824965e-05,0.0252707581227435,0.0001056090840944,0.0288808664259927,0.0001171695583739,0.0324909747292418,0.0001763387482772,0.036101083032491,0.0001453043037888,0.0,2.0,2.0,2.0,2.0
65,09:53:03,3,0.0144404332129963,194574.0,0.0162454873646209,0.0144404332129963,3.659752354770969e-05,0.0108303249097472,4.193067052193964e-05,0.0072202166064982,5.717676451575472e-05,0.0036101083032489,6.524322915180707e-05,0.0,3.809846910333129e-05,0.0180505415162455,2.3344493641689163e-05,0.0216606498194946,6.198585794598996e-05,0.0252707581227435,0.000105864564189,0.0288808664259927,0.0001186705039295,0.0324909747292418,0.0001763387482772,2.0,2.0,2.0,2.0,2.0
65,09:53:06,3,0.0180505415162455,144666.0,0.0162454873646209,0.0144404332129963,3.979102472988331e-05,0.0108303249097472,4.193067052193964e-05,0.0072202166064982,5.717676451575472e-05,0.0036101083032489,6.52751641636288e-05,0.0,3.809846910333129e-05,0.0180505415162455,1.0315008818420792e-05,0.0216606498194946,6.032523733125969e-05,0.0252707581227435,0.0001060242392481,0.0288808664259927,0.0001205866046388,0.0324909747292418,0.0001763387482772,2.0,2.0,2.0,2.0,2.0
65,09:53:09,3,0.0180505415162455,52734.0,0.0162454873646209,0.0144404332129963,3.979102472988331e-05,0.0108303249097472,4.598641702330013e-05,0.0072202166064982,5.717676451575472e-05,0.0036101083032489,6.910736558223715e-05,0.0,3.809846910333129e-05,0.0180505415162455,4.854121796903903e-06,0.0216606498194946,6.473226896265929e-05,0.0252707581227435,0.0001066629394845,0.0288808664259927,0.0001253129863884,0.0324909747292418,0.0001764984233363,2.0,2.0,2.0,2.0,2.0
65,09:53:12,3,0.0180505415162455,24534.0,0.0162454873646209,0.0144404332129963,4.617802709423055e-05,0.0108303249097472,4.7583167614386944e-05,0.0072202166064982,5.8166749882228536e-05,0.0036101083032489,6.910736558223715e-05,0.0,3.809846910333129e-05,0.0180505415162455,9.58050354652086e-06,0.0216606498194946,6.476420397448101e-05,0.0252707581227435,0.0001066629394845,0.0288808664259927,0.0001244188060574,0.0324909747292418,0.0001892404930532,2.0,2.0,2.0,2.0,2.0
65,09:53:15,3,0.0216606498194946,204840.0,0.0180505415162455,0.0144404332129963,4.614609208240881e-05,0.0108303249097472,4.917991820547375e-05,0.0072202166064982,5.8166749882228536e-05,0.0036101083032489,6.910736558223715e-05,0.0,3.809846910333129e-05,0.0216606498194946,5.179858917485612e-05,0.0252707581227435,0.0001067268095082,0.0288808664259927,0.0001184788938586,0.0324909747292418,0.0001886017928168,0.036101083032491,0.0001419511275476,2.0,2.0,2.0,2.0,2.0
65,09:53:18,3,0.0180505415162455,362505.0,0.01985559566787,0.0180505415162455,1.44665603552465e-05,0.0144404332129963,4.7325132718867314e-05,0.0108303249097472,5.007409853648237e-05,0.0072202166064982,5.8166749882228536e-05,0.0036101083032489,6.910736558223715e-05,0.0216606498194946,1.5871700875402892e-05,0.0252707581227435,9.97649769311039e-05,0.0288808664259927,0.0001232691456319,0.0324909747292418,0.0001888892079232,0.036101083032491,0.0001419511275476,2.0,2.0,2.0,2.0,2.0
65,09:53:21,3,0.0216606498194946,33109.0,0.01985559566787,0.0180505415162455,2.2258703239750134e-05,0.0144404332129963,5.677789621810123e-05,0.0108303249097472,5.1351499009351815e-05,0.0072202166064982,5.8166749882228536e-05,0.0036101083032489,6.645675960103304e-05,0.0216606498194946,1.219917451590323e-05,0.0252707581227435,9.820016135183882e-05,0.0288808664259927,0.000123428820691,0.0324909747292418,0.0001923701242117,0.036101083032491,0.000142589827784,2.0,2.0,2.0,2.0,2.0
65,09:53:24,3,0.0216606498194946,123669.0,0.01985559566787,0.0180505415162455,2.219483321610666e-05,0.0144404332129963,5.965204728205749e-05,0.0108303249097472,5.1351499009351815e-05,0.0072202166064982,5.8166749882228536e-05,0.0036101083032489,7.431277250918015e-05,0.0216606498194946,3.1935011821736204e-06,0.0252707581227435,9.820016135183882e-05,0.0288808664259927,0.000125025571282,0.0324909747292418,0.0001926894743299,0.036101083032491,0.000142589827784,2.0,2.0,2.0,2.0,2.0
65,09:53:27,3,0.0216606498194946,28300.0,0.023465703971119,0.0216606498194946,1.277400472869448e-06,0.0180505415162455,3.1679531727162314e-05,0.0144404332129963,5.997139740027485e-05,0.0108303249097472,5.1351499009351815e-05,0.0072202166064982,5.8166749882228536e-05,0.0252707581227435,9.820016135183882e-05,0.0288808664259927,0.0001289855127479,0.0324909747292418,0.0001856637717292,0.036101083032491,0.000142589827784,0.0397111913357399,0.0001110380361041,1.0,2.0,2.0,1.0,1.0
65,09:53:30,3,0.0216606498194946,112068.0,0.023465703971119,0.0216606498194946,1.009146373566864e-05,0.0180505415162455,3.247790702270572e-05,0.0144404332129963,6.259006836965722e-05,0.0108303249097472,5.652497092447308e-05,0.0072202166064982,5.8166749882228536e-05,0.0252707581227435,9.823209636366056e-05,0.0288808664259927,0.000130582263339,0.0324909747292418,0.0001694727207355,0.036101083032491,0.000142589827784,0.0397111913357399,0.0001112935161987,1.0,2.0,2.0,0.0,1.0
65,09:53:33,3,0.0216606498194946,56419.0,0.023465703971119,0.0216606498194946,1.3029484823268371e-05,0.0180505415162455,3.493690293297941e-05,0.0144404332129963,6.294135349969632e-05,0.0108303249097472,5.652497092447308e-05,0.0072202166064982,5.8166749882228536e-05,0.0252707581227435,9.516633522877387e-05,0.0288808664259927,0.0001307419383981,0.0324909747292418,0.0001687062804518,0.036101083032491,0.0001430688529613,0.0397111913357399,0.0001112935161987,1.0,2.0,2.0,0.0,1.0
65,09:53:36,3,0.0216606498194946,52355.0,0.023465703971119,0.0216606498194946,7.121507636247173e-06,0.0180505415162455,3.6054628346740176e-05,0.0144404332129963,6.718871007198723e-05,0.0108303249097472,5.7962046456451206e-05,0.0072202166064982,5.8166749882228536e-05,0.0252707581227435,9.516633522877387e-05,0.0288808664259927,0.0001294645379253,0.0324909747292418,0.0001695046557474,0.036101083032491,0.0001440907733396,0.0397111913357399,0.0001102715958204,2.0,2.0,2.0,0.0,1.0
65,09:53:39,3,0.0252707581227435,179927.0,0.023465703971119,0.0216606498194946,5.013796856012584e-06,0.0180505415162455,3.6310108441314064e-05,0.0144404332129963,6.718871007198723e-05,0.0108303249097472,6.0740392484942256e-05,0.0072202166064982,5.9124800236880624e-05,0.0252707581227435,8.031655473166655e-05,0.0288808664259927,0.0001306461333627,0.0324909747292418,0.0001701433559838,0.036101083032491,0.0001440907733396,0.0397111913357399,0.0001102715958204,2.0,2.0,2.0,0.0,1.0
65,09:53:42,3,0.0252707581227435,67396.0,0.023465703971119,0.0216606498194946,2.861377059227564e-05,0.0180505415162455,3.694880867774879e-05,0.0144404332129963,6.958383595861745e-05,0.0108303249097472,5.163891411574744e-05,0.0072202166064982,5.9124800236880624e-05,0.0252707581227435,8.584131177682691e-05,0.0288808664259927,0.0001290493827716,0.0324909747292418,0.0001717401065749,0.036101083032491,0.0001440907733396,0.0397111913357399,0.0001102715958204,2.0,2.0,2.0,0.0,1.0
65,09:53:45,3,0.0252707581227435,306305.0,0.023465703971119,0.0216606498194946,5.029764361923452e-05,0.0180505415162455,3.841781922154865e-05,0.0144404332129963,6.958383595861745e-05,0.0108303249097472,5.163891411574744e-05,0.0072202166064982,5.9124800236880624e-05,0.0252707581227435,7.364213726092368e-05,0.0288808664259927,0.0001290493827716,0.0324909747292418,0.000173336857166,0.036101083032491,0.0001440907733396,0.0397111913357399,0.0001109102960568,2.0,2.0,2.0,0.0,1.0
65,09:53:48,3,0.0252707581227435,97261.0,0.023465703971119,0.0216606498194946,5.291631458861689e-05,0.0180505415162455,3.995069978899199e-05,0.0144404332129963,7.530020307470823e-05,0.0108303249097472,5.323566470683425e-05,0.0072202166064982,5.957189040238493e-05,0.0252707581227435,6.907543057041541e-05,0.0288808664259927,0.0001273248921332,0.0324909747292418,0.0001749336077571,0.036101083032491,0.0001440907733396,0.0397111913357399,0.0001109102960568,2.0,2.0,1.0,1.0,2.0
65,09:53:51,3,0.0252707581227435,641828.0,0.0270758122743681,0.0252707581227435,7.900721924697536e-05,0.0216606498194946,5.253309444675605e-05,0.0180505415162455,3.3404022365536066e-05,0.0144404332129963,7.530020307470823e-05,0.0108303249097472,5.323566470683425e-05,0.0288808664259927,0.0001283468125115,0.0324909747292418,0.0001750294127925,0.036101083032491,0.0001450488236943,0.0397111913357399,0.0001109102960568,0.0433212996389891,0.0001911629807649,1.0,2.0,0.0,0.0,1.0
65,09:53:54,3,0.0252707581227435,33228.0,0.0270758122743681,0.0252707581227435,8.762967243884415e-05,0.0216606498194946,5.492822033338627e-05,0.0180505415162455,3.33401523418926e-05,0.0144404332129963,7.530020307470823e-05,0.0108303249097472,8.232846047643593e-05,0.0288808664259927,0.0001274206971687,0.0324909747292418,0.0001750294127925,0.036101083032491,0.0001450488236943,0.0397111913357399,0.0001110699711159,0.0433212996389891,0.0001911629807649,1.0,2.0,0.0,0.0,1.0
65,09:53:57,3,0.0288808664259927,113152.0,0.0270758122743681,0.0252707581227435,8.245620052372288e-05,0.0216606498194946,5.812172151555989e-05,0.0180505415162455,3.187114179809273e-05,0.0144404332129963,7.105284650241731e-05,0.0108303249097472,8.252007054736635e-05,0.0288808664259927,0.0001236204307619,0.0324909747292418,0.0001759874631472,0.036101083032491,0.0001450488236943,0.0397111913357399,0.0001110699711159,0.0433212996389891,0.0002147629545011,2.0,2.0,1.0,0.0,1.0
65,09:54:00,3,0.0288808664259927,13083.0,0.0270758122743681,0.0252707581227435,0.0002291337098209,0.0216606498194946,2.059808262501985e-05,0.0180505415162455,5.278857454132994e-05,0.0144404332129963,7.105284650241731e-05,0.0108303249097472,7.932656936519273e-05,0.0288808664259927,0.0001233010806437,0.0324909747292418,0.0001759874631472,0.036101083032491,0.0001450488236943,0.0397111913357399,0.0001180956737167,0.0433212996389891,0.0002213735019482,2.0,1.0,0.0,0.0,1.0
65,09:54:03,3,0.0288808664259927,453333.0,0.0270758122743681,0.0252707581227435,0.000219265791168,0.0216606498194946,2.059808262501985e-05,0.0180505415162455,4.531578177504367e-05,0.0144404332129963,7.185122179796072e-05,0.0108303249097472,7.884754418786668e-05,0.0288808664259927,8.418069116209663e-05,0.0324909747292418,0.0001750294127925,0.036101083032491,0.0001450488236943,0.0397111913357399,0.0001187024389413,0.0433212996389891,0.0002117929984017,2.0,2.0,0.0,0.0,1.0
65,09:54:06,3,0.0288808664259927,439745.0,0.0270758122743681,0.0252707581227435,0.0002215331770073,0.0216606498194946,2.059808262501985e-05,0.0180505415162455,4.327194101845255e-05,0.0144404332129963,7.185122179796072e-05,0.0108303249097472,7.948624442430141e-05,0.0288808664259927,3.995069978899199e-05,0.0324909747292418,0.0001750294127925,0.036101083032491,0.0001450488236943,0.0397111913357399,0.0001218959401235,0.0433212996389891,0.0002149545645721,2.0,2.0,1.0,0.0,1.0
65,09:54:09,3,0.0288808664259927,174951.0,0.0270758122743681,0.0252707581227435,0.0002193935312153,0.0216606498194946,2.5611879481032437e-05,0.0180505415162455,4.327194101845255e-05,0.0144404332129963,7.185122179796072e-05,0.0108303249097472,7.948624442430141e-05,0.0288808664259927,3.247790702270572e-05,0.0324909747292418,0.0001750294127925,0.036101083032491,0.0001450488236943,0.0397111913357399,0.0001242910660101,0.0433212996389891,0.0002165513151631,2.0,2.0,0.0,0.0,1.0
65,09:54:12,3,0.0288808664259927,304095.0,0.0306859205776173,0.0288808664259927,2.48773742091325e-05,0.0252707581227435,0.0002193935312153,0.0216606498194946,4.9563138347334585e-05,0.0180505415162455,4.327194101845255e-05,0.0144404332129963,6.706097002470029e-05,0.0324909747292418,0.0001588702968107,0.036101083032491,0.0001456875239307,0.0397111913357399,0.0001254726614476,0.0433212996389891,0.0002189464410498,0.0469314079422382,0.0003546063712685,1.0,0.0,0.0,0.0,0.0
65,09:54:15,3,0.0324909747292418,102305.0,0.0306859205776173,0.0288808664259927,4.1100360214574494e-05,0.0252707581227435,0.0002177648456124,0.0216606498194946,4.317613598298734e-05,0.0180505415162455,4.624189711787402e-05,0.0144404332129963,6.28455484642311e-05,0.0324909747292418,0.0001498326884652,0.036101083032491,0.0001456875239307,0.0397111913357399,0.0001254726614476,0.0433212996389891,0.000219265791168,0.0469314079422382,0.0003552770065168,0.0,0.0,0.0,0.0,0.0
65,09:54:18,3,0.0324909747292418,208966.0,0.0306859205776173,0.0288808664259927,3.857749428065733e-05,0.0252707581227435,0.000217828715636,0.0216606498194946,4.387870624306554e-05,0.0180505415162455,4.624189711787402e-05,0.0144404332129963,6.472971416171354e-05,0.0324909747292418,0.0001305439413248,0.036101083032491,0.0001456875239307,0.0397111913357399,0.0001317957937883,0.0433212996389891,0.0002191061161089,0.0469314079422382,0.0003520835053346,0.0,0.0,0.0,0.0,0.0
65,09:54:21,3,0.0324909747292418,57589.0,0.0306859205776173,0.0288808664259927,4.809412780353472e-05,0.0252707581227435,0.000217828715636,0.0216606498194946,4.627383212969576e-05,0.0180505415162455,4.624189711787402e-05,0.0144404332129963,6.527260936268306e-05,0.0324909747292418,0.0001293623458874,0.036101083032491,0.0001456875239307,0.0397111913357399,0.000145272368777,0.0433212996389891,0.0002205431916409,0.0469314079422382,0.0003549576563985,1.0,0.0,0.0,0.0,0.0
65,09:54:24,3,0.0288808664259927,54754.0,0.0306859205776173,0.0288808664259927,4.4549341491322006e-05,0.0252707581227435,0.0002147629545011,0.0216606498194946,4.627383212969576e-05,0.0180505415162455,4.767897264985215e-05,0.0144404332129963,6.527260936268306e-05,0.0324909747292418,0.0001341206626489,0.036101083032491,0.0001465178342381,0.0397111913357399,0.0001481784548528,0.0433212996389891,0.0002246947431777,0.0469314079422382,0.0003549576563985,1.0,0.0,0.0,0.0,0.0
65,09:54:27,3,0.0324909747292418,491042.0,0.0306859205776173,0.0288808664259927,9.2611534283035e-07,0.0252707581227435,0.0002145394094184,0.0216606498194946,4.636963716516097e-05,0.0180505415162455,4.573093692872624e-05,0.0144404332129963,6.527260936268306e-05,0.0324909747292418,0.000160505369416,0.036101083032491,0.0001458791340016,0.0397111913357399,0.0001473800795573,0.0433212996389891,0.0002249502232723,0.0469314079422382,0.0003552770065168,0.0,0.0,0.0,0.0,0.0
65,09:54:30,3,0.0288808664259927,219746.0,0.0270758122743681,0.0252707581227435,0.0002143477993474,0.0216606498194946,4.879669806361292e-05,0.0180505415162455,4.573093692872624e-05,0.0144404332129963,5.888560699833582e-05,0.0108303249097472,8.625646693050948e-05,0.0288808664259927,1.7436516454667966e-05,0.0324909747292418,0.0001510526059168,0.036101083032491,0.0001461984841199,0.0397111913357399,0.0001672436569104,0.0433212996389891,0.0002300598251637,1.0,0.0,0.0,0.0,1.0
65,09:54:33,3,0.0324909747292418,384697.0,0.0288808664259927,0.0252707581227435,0.0002075137068176,0.0216606498194946,4.5603196881439297e-05,0.0180505415162455,4.5699001916904505e-05,0.0144404332129963,5.888560699833582e-05,0.0108303249097472,8.625646693050948e-05,0.0324909747292418,0.000148689415042,0.036101083032491,0.0001465178342381,0.0397111913357399,0.0001653275562011,0.0433212996389891,0.0002328381711922,0.0469314079422382,0.0003530734907011,0.0,0.0,0.0,0.0,0.0
65,09:54:36,3,0.0324909747292418,151309.0,0.0306859205776173,0.0288808664259927,4.1515515368257066e-07,0.0252707581227435,0.0002075137068176,0.0216606498194946,4.5603196881439297e-05,0.0180505415162455,4.5699001916904505e-05,0.0144404332129963,5.8662061915583664e-05,0.0324909747292418,0.0001389492364363,0.036101083032491,0.0001463900941908,0.0397111913357399,0.0001666049566739,0.0433212996389891,0.000248103106843,0.0469314079422382,0.0003565863420015,0.0,0.0,0.0,0.0,0.0
65,09:54:39,3,0.0324909747292418,142179.0,0.0306859205776173,0.0288808664259927,5.620562080625572e-06,0.0252707581227435,0.0002103239878579,0.0216606498194946,4.5603196881439297e-05,0.0180505415162455,4.5699001916904505e-05,0.0144404332129963,5.674596120627949e-05,0.0324909747292418,0.0001424301527249,0.036101083032491,0.0001463900941908,0.0397111913357399,0.0001666049566739,0.0433212996389891,0.0002427699598688,0.0469314079422382,0.0003575443923561,0.0,0.0,0.0,0.0,0.0
65,09:54:42,3,0.0288808664259927,290957.0,0.0270758122743681,0.0252707581227435,0.0001941648718761,0.0216606498194946,4.5603196881439297e-05,0.0180505415162455,4.5699001916904505e-05,0.0144404332129963,5.224312453941469e-05,0.0108303249097472,8.402101610298795e-05,0.0288808664259927,8.047622979077522e-06,0.0324909747292418,0.0001498071404557,0.036101083032491,0.0001489448951365,0.0397111913357399,0.0001669243067922,0.0433212996389891,0.0002481989118785,1.0,0.0,0.0,0.0,1.0
65,09:54:45,3,0.0288808664259927,1183019.0,0.0270758122743681,0.0252707581227435,8.443617125667052e-05,0.0216606498194946,4.719994747252611e-05,0.0180505415162455,4.5699001916904505e-05,0.0144404332129963,5.224312453941469e-05,0.0108303249097472,8.258394057100982e-05,0.0288808664259927,1.245465461047712e-05,0.0324909747292418,0.0001525854864842,0.036101083032491,0.0001494239203139,0.0397111913357399,0.000170532963128,0.0433212996389891,0.0002497956624696,0.0,0.0,0.0,0.0,1.0
65,09:54:48,3,0.0252707581227435,902090.0,0.023465703971119,0.0216606498194946,4.477288657407416e-05,0.0180505415162455,4.5699001916904505e-05,0.0144404332129963,5.224312453941469e-05,0.0108303249097472,8.258394057100982e-05,0.0072202166064982,5.439841848726367e-05,0.0252707581227435,4.279291584112651e-06,0.0288808664259927,2.8326355485880014e-05,0.0324909747292418,0.0001505097107158,0.036101083032491,0.0001497432704321,0.0397111913357399,0.0001731196990856,1.0,1.0,1.0,2.0,2.0
65,09:54:51,3,0.0252707581227435,327112.0,0.023465703971119,0.0216606498194946,3.59907583230967e-05,0.0180505415162455,4.5699001916904505e-05,0.0144404332129963,5.19876444448408e-05,0.0108303249097472,8.322264080744454e-05,0.0072202166064982,5.631451919656784e-05,0.0252707581227435,6.961832577138492e-06,0.0288808664259927,8.255200555918808e-05,0.0324909747292418,0.0001534157967916,0.036101083032491,0.0001503819706685,0.0397111913357399,0.0001731196990856,2.0,1.0,1.0,2.0,2.0
65,09:54:54,3,0.0252707581227435,312937.0,0.023465703971119,0.0216606498194946,2.966762598239293e-05,0.0180505415162455,4.5699001916904505e-05,0.0144404332129963,5.19876444448408e-05,0.0108303249097472,8.354199092566191e-05,0.0072202166064982,5.6250649172924365e-05,0.0252707581227435,1.26143296695858e-05,0.0288808664259927,9.12063937628786e-05,0.0324909747292418,0.0001550444823945,0.036101083032491,0.0001503819706685,0.0397111913357399,0.0001731196990856,1.0,1.0,1.0,2.0,2.0
65,09:54:57,3,0.0288808664259927,425986.0,0.0270758122743681,0.0252707581227435,2.2993208511650068e-06,0.0216606498194946,2.8645705604097372e-05,0.0180505415162455,4.5699001916904505e-05,0.0144404332129963,5.19876444448408e-05,0.0108303249097472,8.418069116209663e-05,0.0288808664259927,7.092766125607611e-05,0.0324909747292418,0.0001587489437658,0.036101083032491,0.0001503819706685,0.0397111913357399,0.0001736306592747,0.0433212996389891,0.0003148153465386,0.0,0.0,0.0,1.0,1.0
65,09:55:00,3,0.0252707581227435,238258.0,0.023465703971119,0.0216606498194946,2.11729128378111e-05,0.0180505415162455,4.659318224791312e-05,0.0144404332129963,5.518114562701442e-05,0.0108303249097472,8.874739785260491e-05,0.0072202166064982,5.6186779149280895e-05,0.0252707581227435,8.9098682982644e-06,0.0288808664259927,0.0001109422310687,0.0324909747292418,0.0001645930509292,0.036101083032491,0.0001503819706685,0.0397111913357399,0.0001749080597476,1.0,0.0,1.0,2.0,2.0
65,09:55:03,3,0.0252707581227435,233117.0,0.023465703971119,0.0216606498194946,2.9891171065145087e-05,0.0180505415162455,4.659318224791312e-05,0.0144404332129963,5.661822115899255e-05,0.0108303249097472,8.874739785260491e-05,0.0072202166064982,5.6186779149280895e-05,0.0252707581227435,1.5328805674433378e-06,0.0288808664259927,0.0001261752317076,0.0324909747292418,0.000164624985941,0.036101083032491,0.0001503819706685,0.0397111913357399,0.0001749080597476,1.0,0.0,1.0,2.0,2.0
65,09:55:06,3,0.0288808664259927,565581.0,0.0270758122743681,0.0252707581227435,4.343161607756124e-06,0.0216606498194946,3.183920678627099e-05,0.0180505415162455,4.7551232602565206e-05,0.0144404332129963,5.661822115899255e-05,0.0108303249097472,9.27073393185002e-05,0.0288808664259927,8.814063262799192e-05,0.0324909747292418,0.0001644333758701,0.036101083032491,0.0001509887358931,0.0397111913357399,0.0001741735544757,0.0433212996389891,0.0003161566170351,0.0,0.0,0.0,1.0,1.0
65,09:55:09,3,0.0252707581227435,188021.0,0.023465703971119,0.0216606498194946,3.324434730642739e-05,0.0180505415162455,4.933959326458244e-05,0.0144404332129963,5.661822115899255e-05,0.0108303249097472,9.545375033516952e-05,0.0072202166064982,5.6186779149280895e-05,0.0252707581227435,4.74554275671e-05,0.0288808664259927,8.932222806539615e-05,0.0324909747292418,0.0001608885895579,0.036101083032491,0.0001509887358931,0.0397111913357399,0.000176089655185,1.0,0.0,1.0,2.0,2.0
65,09:55:12,3,0.0252707581227435,92300.0,0.023465703971119,0.0216606498194946,3.6437848488601005e-05,0.0180505415162455,5.0361513642878e-05,0.0144404332129963,5.981172234116617e-05,0.0108303249097472,9.545375033516952e-05,0.0072202166064982,5.6186779149280895e-05,0.0252707581227435,5.447091096409901e-05,0.0288808664259927,8.935416307721789e-05,0.0324909747292418,0.0001583657236239,0.036101083032491,0.0001509887358931,0.0397111913357399,0.0001784847810716,1.0,0.0,1.0,2.0,2.0
65,09:55:15,3,0.0252707581227435,171820.0,0.023465703971119,0.0216606498194946,3.7044613713214e-05,0.0180505415162455,5.0361513642878e-05,0.0144404332129963,5.981172234116617e-05,0.0108303249097472,9.554955537063472e-05,0.0072202166064982,5.6186779149280895e-05,0.0252707581227435,5.089418964006456e-05,0.0288808664259927,9.903047165920395e-05,0.0324909747292418,0.0001621659900307,0.036101083032491,0.0001509887358931,0.0397111913357399,0.0001733113091565,0.0,0.0,1.0,2.0,2.0
65,09:55:18,3,0.0252707581227435,123256.0,0.023465703971119,0.0216606498194946,4.030198491903109e-05,0.0180505415162455,6.664836967196345e-05,0.0144404332129963,6.00991374475618e-05,0.0108303249097472,9.567729541792166e-05,0.0072202166064982,5.6186779149280895e-05,0.0252707581227435,9.164326472459996e-05,0.0288808664259927,0.000107652924851,0.0324909747292418,0.0001653594912129,0.036101083032491,0.0001509887358931,0.0397111913357399,0.0001733113091565,0.0,1.0,1.0,2.0,2.0
65,09:55:21,3,0.0252707581227435,521929.0,0.023465703971119,0.0216606498194946,2.1747743050602358e-05,0.0180505415162455,6.664836967196345e-05,0.0144404332129963,6.00991374475618e-05,0.0108303249097472,9.567729541792166e-05,0.0072202166064982,5.6186779149280895e-05,0.0252707581227435,6.347658429782861e-05,0.0288808664259927,0.0001079722749692,0.0324909747292418,0.0001666049566739,0.036101083032491,0.0001509887358931,0.0397111913357399,0.0001733113091565,0.0,1.0,1.0,2.0,2.0
65,09:55:24,3,0.0216606498194946,61296.0,0.023465703971119,0.0216606498194946,2.158806799149367e-05,0.0180505415162455,6.824512026305027e-05,0.0144404332129963,6.00991374475618e-05,0.0108303249097472,9.567729541792166e-05,0.0072202166064982,5.6186779149280895e-05,0.0252707581227435,7.478157848272323e-05,0.0288808664259927,0.000111964151447,0.0324909747292418,0.0001642098307873,0.036101083032491,0.0001516274361296,0.0397111913357399,0.000171075858329,0.0,1.0,1.0,2.0,2.0
65,09:55:27,3,0.0216606498194946,50501.0,0.023465703971119,0.0216606498194946,2.059808262501985e-05,0.0180505415162455,6.824512026305027e-05,0.0144404332129963,6.26539383933007e-05,0.0108303249097472,9.625212563071292e-05,0.0072202166064982,5.6186779149280895e-05,0.0252707581227435,9.774285198255157e-05,0.0288808664259927,0.0001163711830784,0.0324909747292418,0.0001606331094633,0.036101083032491,0.0001516274361296,0.0397111913357399,0.0001728003489674,0.0,1.0,1.0,2.0,2.0
65,09:55:30,3,0.0216606498194946,213463.0,0.01985559566787,0.0180505415162455,6.881995047584151e-05,0.0144404332129963,6.26539383933007e-05,0.0108303249097472,9.634793066617812e-05,0.0072202166064982,5.6186779149280895e-05,0.0036101083032489,9.954143184835174e-05,0.0216606498194946,1.63187910409072e-05,0.0252707581227435,9.704028172247336e-05,0.0288808664259927,0.0001401627668856,0.0324909747292418,0.000135525803169,0.036101083032491,0.0001516274361296,1.0,2.0,2.0,2.0,2.0
65,09:55:33,3,0.0216606498194946,44714.0,0.01985559566787,0.0180505415162455,4.547545683415236e-05,0.0144404332129963,6.076977269581825e-05,0.0108303249097472,9.6603410760752e-05,0.0072202166064982,5.6186779149280895e-05,0.0036101083032489,9.992465199021258e-05,0.0216606498194946,2.305707853529354e-05,0.0252707581227435,9.886057739631232e-05,0.0288808664259927,0.0001385979513063,0.0324909747292418,0.0001378889940438,0.036101083032491,0.0001513080860113,2.0,2.0,2.0,2.0,2.0
65,09:55:36,3,0.0216606498194946,201213.0,0.01985559566787,0.0180505415162455,5.026570860741279e-05,0.0144404332129963,6.108912281403562e-05,0.0108303249097472,9.724211099718674e-05,0.0072202166064982,5.682547938571562e-05,0.0036101083032489,9.992465199021258e-05,0.0216606498194946,1.4722040449820387e-05,0.0252707581227435,0.0001277298280831,0.0288808664259927,0.0001385979513063,0.0324909747292418,0.0001388470443985,0.036101083032491,0.0001513080860113,2.0,2.0,2.0,2.0,2.0
65,09:55:39,3,0.0180505415162455,76053.0,0.01985559566787,0.0180505415162455,4.79025177326043e-05,0.0144404332129963,6.412294893710056e-05,0.0108303249097472,0.0001009785073803,0.0072202166064982,5.682547938571562e-05,0.0036101083032489,9.992465199021258e-05,0.0216606498194946,9.293088440125234e-06,0.0252707581227435,0.0001309233292653,0.0288808664259927,0.0001385979513063,0.0324909747292418,0.0001388470443985,0.036101083032491,0.0001506693857749,2.0,2.0,2.0,2.0,2.0
65,09:55:42,3,0.0216606498194946,63392.0,0.01985559566787,0.0180505415162455,4.822186785082167e-05,0.0144404332129963,6.380359881888319e-05,0.0108303249097472,0.0001011381824394,0.0072202166064982,5.682547938571562e-05,0.0036101083032489,0.0001057368241417,0.0216606498194946,7.632467825394952e-06,0.0252707581227435,0.0001341168304475,0.0288808664259927,0.0001426856328195,0.0324909747292418,0.0001746142576388,0.036101083032491,0.000156928648092,2.0,2.0,2.0,2.0,2.0
65,09:55:45,3,0.0216606498194946,35918.0,0.01985559566787,0.0180505415162455,4.592254699965666e-05,0.0144404332129963,6.603904964640473e-05,0.0108303249097472,0.0001011381824394,0.0072202166064982,5.682547938571562e-05,0.0036101083032489,0.0001050981239053,0.0216606498194946,6.802157518029812e-06,0.0252707581227435,0.0001373103316296,0.0288808664259927,0.0001453681738125,0.0324909747292418,0.0001746142576388,0.036101083032491,0.000156928648092,2.0,2.0,2.0,2.0,2.0
65,09:55:48,3,0.0216606498194946,91051.0,0.023465703971119,0.0216606498194946,1.245465461047712e-05,0.0180505415162455,4.582674196419145e-05,0.0144404332129963,6.667774988283946e-05,0.0108303249097472,0.0001010423774039,0.0072202166064982,5.682547938571562e-05,0.0252707581227435,0.0001376296817479,0.0288808664259927,0.0001420149975712,0.0324909747292418,0.0001730175070478,0.036101083032491,0.000156928648092,0.0397111913357399,0.0001768560954687,1.0,1.0,2.0,2.0,2.0
65,09:55:51,3,0.0216606498194946,39059.0,0.023465703971119,0.0216606498194946,8.877933286442664e-06,0.0180505415162455,5.0585058725630144e-05,0.0144404332129963,7.367151747179968e-05,0.0108303249097472,0.0001010423774039,0.0072202166064982,5.682547938571562e-05,0.0252707581227435,0.0001374700066887,0.0288808664259927,0.0001421746726303,0.0324909747292418,0.00017656229336,0.036101083032491,0.000156928648092,0.0397111913357399,0.0001779418858707,1.0,1.0,2.0,2.0,2.0
65,09:55:54,3,0.0216606498194946,269179.0,0.023465703971119,0.0216606498194946,0.0001240036509038,0.0180505415162455,5.275663952950821e-05,0.0144404332129963,7.43102177082344e-05,0.0108303249097472,0.0001085790401939,0.0072202166064982,5.682547938571562e-05,0.0252707581227435,0.0001360648661686,0.0288808664259927,0.0001423343476894,0.0324909747292418,0.0001658640643997,0.036101083032491,0.000156928648092,0.0397111913357399,0.0001788999362253,1.0,1.0,2.0,2.0,2.0
65,09:55:57,3,0.0216606498194946,49525.0,0.023465703971119,0.0216606498194946,0.0001215765900053,0.0180505415162455,5.5918205699860095e-05,0.0144404332129963,7.17554167624955e-05,0.0108303249097472,0.0001104951409032,0.0072202166064982,5.682547938571562e-05,0.0252707581227435,0.0001369909815114,0.0288808664259927,0.0001423343476894,0.0324909747292418,0.0001668221147543,0.036101083032491,0.0001572479982102,0.0397111913357399,0.0001788999362253,1.0,1.0,2.0,2.0,2.0
65,09:56:00,3,0.0252707581227435,7930.0,0.023465703971119,0.0216606498194946,0.0001229817305255,0.0180505415162455,5.82175265510251e-05,0.0144404332129963,7.60666433584299e-05,0.0108303249097472,0.0001096648305958,0.0072202166064982,5.69851544448243e-05,0.0252707581227435,0.0001367993714405,0.0288808664259927,0.0001420149975712,0.0324909747292418,0.0001668221147543,0.036101083032491,0.0001572479982102,0.0397111913357399,0.0001795386364618,1.0,1.0,2.0,2.0,2.0
65,09:56:03,3,0.0252707581227435,52534.0,0.023465703971119,0.0216606498194946,0.0001280913324169,0.0180505415162455,7.124701137429347e-05,0.0144404332129963,7.60666433584299e-05,0.0108303249097472,0.0001138163821326,0.0072202166064982,5.714482950393298e-05,0.0252707581227435,0.0001597287099285,0.0288808664259927,0.0001327857791547,0.0324909747292418,0.0001668221147543,0.036101083032491,0.0001559705977373,0.0397111913357399,0.00017985798658,1.0,1.0,2.0,2.0,2.0
65,09:56:06,3,0.0216606498194946,89250.0,0.023465703971119,0.0216606498194946,0.0001292409928425,0.0180505415162455,7.284376196538028e-05,0.0144404332129963,7.629018844118205e-05,0.0108303249097472,0.0001138163821326,0.0072202166064982,5.714482950393298e-05,0.0252707581227435,0.0001573974540655,0.0288808664259927,0.0001329773892257,0.0324909747292418,0.0001668221147543,0.036101083032491,0.0001559705977373,0.0397111913357399,0.0001808160369346,1.0,1.0,2.0,2.0,2.0
65,09:56:09,3,0.0216606498194946,50540.0,0.023465703971119,0.0216606498194946,0.0001294964729371,0.0180505415162455,8.833224269892234e-05,0.0144404332129963,7.629018844118205e-05,0.0108303249097472,0.0001138163821326,0.0072202166064982,5.714482950393298e-05,0.0252707581227435,0.0001557368334508,0.0288808664259927,0.0001297838880435,0.0324909747292418,0.0001668221147543,0.036101083032491,0.0001559705977373,0.0397111913357399,0.0001810395820174,1.0,1.0,2.0,2.0,2.0
65,09:56:12,3,0.0252707581227435,7373.0,0.023465703971119,0.0216606498194946,0.0001296561479962,0.0180505415162455,8.746999737973545e-05,0.0144404332129963,7.629018844118205e-05,0.0108303249097472,0.0001138163821326,0.0072202166064982,5.7240634539398186e-05,0.0252707581227435,0.0001550023281789,0.0288808664259927,0.0001321470789183,0.0324909747292418,0.0001670456598371,0.036101083032491,0.0001563218828673,0.0397111913357399,0.0001811992570765,1.0,1.0,2.0,2.0,2.0
65,09:56:15,3,0.0252707581227435,78942.0,0.023465703971119,0.0216606498194946,0.0001324983640483,0.0180505415162455,7.370600728456716e-05,0.0144404332129963,7.629018844118205e-05,0.0108303249097472,0.0001140718622272,0.0072202166064982,5.7240634539398186e-05,0.0252707581227435,0.0001480404956017,0.0288808664259927,0.0001309654834809,0.0324909747292418,0.0001670456598371,0.036101083032491,0.0001563218828673,0.0397111913357399,0.0001811992570765,1.0,1.0,2.0,2.0,2.0
65,09:56:18,3,0.0252707581227435,40606.0,0.023465703971119,0.0216606498194946,0.0001410250122047,0.0180505415162455,7.565404300569306e-05,0.0144404332129963,7.692888867761677e-05,0.0108303249097472,0.0001148063674991,0.0072202166064982,5.7240634539398186e-05,0.0252707581227435,0.0001368313064523,0.0288808664259927,0.0001299435631026,0.0324909747292418,0.0001670456598371,0.036101083032491,0.0001563218828673,0.0397111913357399,0.0001843608232468,1.0,2.0,2.0,2.0,2.0
65,09:56:21,3,0.0216606498194946,56616.0,0.023465703971119,0.0216606498194946,0.0001413124273111,0.0180505415162455,7.309924205995417e-05,0.0144404332129963,7.692888867761677e-05,0.0108303249097472,0.0001152534576646,0.0072202166064982,5.7240634539398186e-05,0.0252707581227435,0.0001415896232137,0.0288808664259927,0.0001381827961526,0.0324909747292418,0.0001670456598371,0.036101083032491,0.0001563218828673,0.0397111913357399,0.0001851911335542,1.0,2.0,2.0,2.0,2.0
65,09:56:24,3,0.0252707581227435,94856.0,0.023465703971119,0.0216606498194946,0.0001480507148055,0.0180505415162455,7.309924205995417e-05,0.0144404332129963,7.692888867761677e-05,0.0108303249097472,0.0001152534576646,0.0072202166064982,5.7240634539398186e-05,0.0252707581227435,0.0001312107443717,0.0288808664259927,0.0001253449214003,0.0324909747292418,0.0001655766492933,0.036101083032491,0.0001563218828673,0.0397111913357399,0.000184871783436,1.0,2.0,2.0,2.0,2.0
65,09:56:27,3,0.0252707581227435,170032.0,0.023465703971119,0.0216606498194946,0.0001498710104794,0.0180505415162455,7.309924205995417e-05,0.0144404332129963,7.718436877219067e-05,0.0108303249097472,0.0001180637387049,0.0072202166064982,5.7336439574863394e-05,0.0252707581227435,0.0001151154984135,0.0288808664259927,0.0001253768564121,0.0324909747292418,0.0001658959994115,0.036101083032491,0.0001563218828673,0.0397111913357399,0.000184871783436,1.0,2.0,2.0,2.0,2.0
65,09:56:30,3,0.0252707581227435,44836.0,0.023465703971119,0.0216606498194946,0.0001492961802666,0.0180505415162455,7.364213726092368e-05,0.0144404332129963,7.814241912684275e-05,0.0108303249097472,0.0001208420847334,0.0072202166064982,5.7336439574863394e-05,0.0252707581227435,0.0001126245674914,0.0288808664259927,0.0001253768564121,0.0324909747292418,0.0001658959994115,0.036101083032491,0.0001563218828673,0.0397111913357399,0.000184871783436,1.0,2.0,2.0,2.0,2.0
65,09:56:33,3,0.0252707581227435,45120.0,0.023465703971119,0.0216606498194946,0.0001499987505266,0.0180505415162455,9.752952610358236e-05,0.0144404332129963,7.814241912684275e-05,0.0108303249097472,0.0001224388353245,0.0072202166064982,5.7336439574863394e-05,0.0252707581227435,0.0001074510955763,0.0288808664259927,0.0001262710367431,0.0324909747292418,0.0001656085843051,0.036101083032491,0.0001563218828673,0.0397111913357399,0.000184871783436,2.0,2.0,2.0,2.0,2.0
65,09:56:36,3,0.0252707581227435,151160.0,0.023465703971119,0.0216606498194946,0.0001482423248764,0.0180505415162455,9.689082586714763e-05,0.0144404332129963,7.846176924506011e-05,0.0108303249097472,0.0001232052756082,0.0072202166064982,5.7336439574863394e-05,0.0252707581227435,0.0001002657179164,0.0288808664259927,0.0001388853664127,0.0324909747292418,0.0001656085843051,0.036101083032491,0.0001563218828673,0.0397111913357399,0.0001855104836724,2.0,2.0,2.0,2.0,2.0
65,09:56:39,3,0.0252707581227435,70138.0,0.023465703971119,0.0216606498194946,0.0001488490901011,0.0180505415162455,9.593277551249556e-05,0.0144404332129963,7.846176924506011e-05,0.0108303249097472,0.0001233649506673,0.0072202166064982,5.7336439574863394e-05,0.0252707581227435,0.0001077065756709,0.0288808664259927,0.0001392047165309,0.0324909747292418,0.0001656085843051,0.036101083032491,0.0001537670819216,0.0397111913357399,0.0001855104836724,2.0,2.0,2.0,2.0,2.0
65,09:56:42,3,0.0252707581227435,410073.0,0.023465703971119,0.0216606498194946,0.000154054497028,0.0180505415162455,9.599664553613902e-05,0.0144404332129963,7.558761818110385e-05,0.0108303249097472,0.0001234926907146,0.0072202166064982,5.7336439574863394e-05,0.0252707581227435,6.251853394317652e-05,0.0288808664259927,0.0001402905069328,0.0324909747292418,0.0001657682593642,0.036101083032491,0.0001537670819216,0.0397111913357399,0.0001864046640034,2.0,2.0,2.0,2.0,2.0
65,09:56:45,3,0.0252707581227435,486726.0,0.023465703971119,0.0216606498194946,0.0001524577464369,0.0180505415162455,9.63159956543564e-05,0.0144404332129963,7.686501865397331e-05,0.0108303249097472,0.0001234926907146,0.0072202166064982,5.7336439574863394e-05,0.0252707581227435,1.6276636825302508e-05,0.0288808664259927,0.00017197003866,0.0324909747292418,0.0001664069596007,0.036101083032491,0.0001537670819216,0.0397111913357399,0.0001880014145945,2.0,2.0,2.0,2.0,2.0
65,09:56:48,3,0.0252707581227435,152133.0,0.0270758122743681,0.0252707581227435,1.636094525651189e-05,0.0216606498194946,0.0001530964466734,0.0180505415162455,9.63159956543564e-05,0.0144404332129963,7.686501865397331e-05,0.0108303249097472,0.0001234926907146,0.0288808664259927,0.0001722893887782,0.0324909747292418,0.0001659279344233,0.036101083032491,0.0001531283816852,0.0397111913357399,0.000192216836155,0.0433212996389891,0.0003071509437014,1.0,1.0,1.0,1.0,2.0
65,09:56:51,3,0.0252707581227435,4260.0,0.0270758122743681,0.0252707581227435,3.437229192397111e-05,0.0216606498194946,0.0001532241867206,0.0180505415162455,9.599664553613902e-05,0.0144404332129963,7.686501865397331e-05,0.0108303249097472,0.000152809031567,0.0288808664259927,0.000175738370055,0.0324909747292418,0.0001659279344233,0.036101083032491,0.0001531283816852,0.0397111913357399,0.000192216836155,0.0433212996389891,0.0003071509437014,1.0,1.0,1.0,1.0,2.0
65,09:56:54,3,0.0252707581227435,3124.0,0.0270758122743681,0.0252707581227435,3.814062331893598e-05,0.0216606498194946,0.00015549157256,0.0180505415162455,9.45595700041609e-05,0.0144404332129963,7.686501865397331e-05,0.0108303249097472,0.0001534477318034,0.0288808664259927,0.0001773670556579,0.0324909747292418,0.0001659279344233,0.036101083032491,0.0001531283816852,0.0397111913357399,0.0001926000562968,0.0433212996389891,0.0003060012832758,1.0,1.0,1.0,1.0,2.0
65,09:56:57,3,0.0252707581227435,92300.0,0.0270758122743681,0.0252707581227435,3.529840726680146e-05,0.0216606498194946,0.0001526812915197,0.0180505415162455,9.465537503962613e-05,0.0144404332129963,7.686501865397331e-05,0.0108303249097472,0.0001534477318034,0.0288808664259927,0.000138470211259,0.0324909747292418,0.0001659279344233,0.036101083032491,0.0001531283816852,0.0397111913357399,0.0001926000562968,0.0433212996389891,0.0003060012832758,1.0,1.0,1.0,1.0,2.0
65,09:57:00,3,0.0288808664259927,178930.0,0.0270758122743681,0.0252707581227435,1.8692201119498635e-05,0.0216606498194946,0.0001458791340016,0.0180505415162455,9.465537503962613e-05,0.0144404332129963,7.686501865397331e-05,0.0108303249097472,0.0001524577464369,0.0288808664259927,0.0001383424712117,0.0324909747292418,0.0001659279344233,0.036101083032491,0.0001531283816852,0.0397111913357399,0.0001926958613323,0.0433212996389891,0.0003075980338669,1.0,1.0,1.0,1.0,2.0
65,09:57:03,3,0.0288808664259927,314764.0,0.0270758122743681,0.0252707581227435,1.3550664216199106e-05,0.0216606498194946,0.0001490726351838,0.0180505415162455,9.48150500987348e-05,0.0144404332129963,7.686501865397331e-05,0.0108303249097472,0.0001500306855385,0.0288808664259927,0.0001083554951111,0.0324909747292418,0.0001662472845415,0.036101083032491,0.0001531283816852,0.0397111913357399,0.0001926958613323,0.0433212996389891,0.0003075980338669,1.0,1.0,1.0,1.0,2.0
65,09:57:06,3,0.0252707581227435,19374.0,0.0270758122743681,0.0252707581227435,1.7574475705737868e-05,0.0216606498194946,0.0001810076470056,0.0180505415162455,9.48150500987348e-05,0.0144404332129963,7.379925751908662e-05,0.0108303249097472,0.0001500306855385,0.0288808664259927,0.0001063755243782,0.0324909747292418,0.0001662472845415,0.036101083032491,0.0001537670819216,0.0397111913357399,0.0001938135867461,0.0433212996389891,0.0003075980338669,1.0,1.0,1.0,1.0,2.0
65,09:57:09,3,0.0252707581227435,23005.0,0.0270758122743681,0.0252707581227435,4.178121466661391e-05,0.0216606498194946,0.0001810076470056,0.0180505415162455,9.48150500987348e-05,0.0144404332129963,7.379925751908662e-05,0.0108303249097472,0.0001500306855385,0.0288808664259927,0.0001125453686621,0.0324909747292418,0.0001662472845415,0.036101083032491,0.0001537670819216,0.0397111913357399,0.0001938135867461,0.0433212996389891,0.0003075980338669,1.0,1.0,1.0,1.0,2.0
65,09:57:12,3,0.0252707581227435,106708.0,0.0270758122743681,0.0252707581227435,4.6795011522626496e-05,0.0216606498194946,0.0001792512213554,0.0180505415162455,9.465537503962613e-05,0.0144404332129963,7.379925751908662e-05,0.0108303249097472,0.0001500306855385,0.0288808664259927,0.0001097670226336,0.0324909747292418,0.0001662472845415,0.036101083032491,0.0001537670819216,0.0397111913357399,0.0001938135867461,0.0433212996389891,0.0003075980338669,1.0,1.0,1.0,1.0,2.0
65,09:57:15,3,0.0288808664259927,161870.0,0.0270758122743681,0.0252707581227435,5.3661039064299775e-05,0.0216606498194946,0.0001777183407879,0.0180505415162455,9.465537503962613e-05,0.0144404332129963,7.379925751908662e-05,0.0108303249097472,0.0001224707703363,0.0288808664259927,9.692914788133372e-05,0.0324909747292418,0.0001660876094824,0.036101083032491,0.0001563218828673,0.0397111913357399,0.0001926958613323,0.0433212996389891,0.0003065761134886,1.0,1.0,1.0,2.0,2.0
65,09:57:18,3,0.0288808664259927,23344.0,0.0270758122743681,0.0252707581227435,8.390349525948396e-05,0.0216606498194946,0.0001802731417337,0.0180505415162455,9.465537503962613e-05,0.0144404332129963,7.379925751908662e-05,0.0108303249097472,0.0001239397808801,0.0288808664259927,9.485337211292087e-05,0.0324909747292418,0.000165448909246,0.036101083032491,0.0001563218828673,0.0397111913357399,0.0001948035721125,0.0433212996389891,0.0003065761134886,1.0,1.0,2.0,2.0,2.0
65,09:57:21,3,0.0288808664259927,90060.0,0.0270758122743681,0.0252707581227435,8.422284537770132e-05,0.0216606498194946,0.0001802731417337,0.0180505415162455,9.465537503962613e-05,0.0144404332129963,7.284120716443454e-05,0.0108303249097472,0.0001240036509038,0.0288808664259927,0.0001220939371968,0.0324909747292418,0.0001718359116103,0.036101083032491,0.0001563218828673,0.0397111913357399,0.0001948035721125,0.0433212996389891,0.0003078535139615,1.0,1.0,2.0,2.0,2.0
65,09:57:24,3,0.0288808664259927,91541.0,0.0270758122743681,0.0252707581227435,7.799551807246277e-05,0.0216606498194946,0.0001835943829631,0.0180505415162455,9.465537503962613e-05,0.0144404332129963,7.284120716443454e-05,0.0108303249097472,0.0001240036509038,0.0288808664259927,0.000120624926653,0.0324909747292418,0.0001725384818704,0.036101083032491,0.0001563218828673,0.0397111913357399,0.0001948035721125,0.0433212996389891,0.0003094502645526,1.0,1.0,2.0,2.0,2.0
65,09:57:27,3,0.0288808664259927,95475.0,0.0270758122743681,0.0252707581227435,8.35841451412666e-05,0.0216606498194946,0.000183083422774,0.0180505415162455,9.465537503962613e-05,0.0144404332129963,7.0605756336913e-05,0.0108303249097472,0.0001319874038592,0.0288808664259927,0.0001150362995842,0.0324909747292418,0.0001748378027216,0.036101083032491,0.0001563218828673,0.0397111913357399,0.0001982206183775,0.0433212996389891,0.0003094502645526,1.0,1.0,2.0,2.0,2.0
65,09:57:30,3,0.0252707581227435,83208.0,0.0270758122743681,0.0252707581227435,9.31965836996092e-05,0.0216606498194946,0.0001824447225375,0.0180505415162455,9.465537503962613e-05,0.0144404332129963,7.0605756336913e-05,0.0108303249097472,0.0001326261040956,0.0288808664259927,0.0001061264312859,0.0324909747292418,0.0001746781276625,0.036101083032491,0.0001563218828673,0.0397111913357399,0.0001979012682592,0.0433212996389891,0.0003094502645526,1.0,1.0,1.0,2.0,2.0
65,09:57:33,3,0.0252707581227435,280999.0,0.0270758122743681,0.0252707581227435,9.923230093391734e-05,0.0216606498194946,0.0001820295673838,0.0180505415162455,9.427215489776528e-05,0.0144404332129963,7.070156137237822e-05,0.0108303249097472,0.0001320512738828,0.0288808664259927,7.84707110483702e-05,0.0324909747292418,0.0001746781276625,0.036101083032491,0.0001563218828673,0.0397111913357399,0.0001979012682592,0.0433212996389891,0.0003094502645526,1.0,1.0,1.0,2.0,2.0
65,09:57:36,3,0.0288808664259927,11085.0,0.0270758122743681,0.0252707581227435,0.0001021703220215,0.0216606498194946,0.0001827960076676,0.0180505415162455,9.459150501598264e-05,0.0144404332129963,7.076543139602169e-05,0.0108303249097472,0.0001416317774294,0.0288808664259927,8.083390192317868e-05,0.0324909747292418,0.0001746781276625,0.036101083032491,0.0001563218828673,0.0397111913357399,0.0001979012682592,0.0433212996389891,0.0003105679899663,1.0,1.0,2.0,2.0,2.0
65,09:57:39,3,0.0288808664259927,147302.0,0.0270758122743681,0.0252707581227435,0.0001023938671042,0.0216606498194946,0.0001846482383532,0.0180505415162455,9.459150501598264e-05,0.0144404332129963,7.028640621869564e-05,0.0108303249097472,0.0001416317774294,0.0288808664259927,6.694217178072343e-05,0.0324909747292418,0.0001763068132654,0.036101083032491,0.0001563218828673,0.0397111913357399,0.0001979012682592,0.0433212996389891,0.0003105679899663,1.0,1.0,1.0,2.0,2.0
65,09:57:42,3,0.0252707581227435,125551.0,0.0270758122743681,0.0252707581227435,9.166370313216586e-05,0.0216606498194946,0.0001806244268637,0.0180505415162455,9.682695584350416e-05,0.0144404332129963,7.124445657334773e-05,0.0108303249097472,0.0001419511275476,0.0288808664259927,7.40636794169706e-05,0.0324909747292418,0.0001766261633836,0.036101083032491,0.0001563218828673,0.0397111913357399,0.000199370278803,0.0433212996389891,0.0003105679899663,1.0,1.0,1.0,2.0,2.0
65,09:57:45,3,0.0288808664259927,51270.0,0.0270758122743681,0.0252707581227435,8.751215159534015e-05,0.0216606498194946,0.000180752166911,0.0180505415162455,9.558149038245646e-05,0.0144404332129963,7.124445657334773e-05,0.0108303249097472,0.0001419511275476,0.0288808664259927,8.916894000865182e-05,0.0324909747292418,0.000175668113029,0.036101083032491,0.0001563218828673,0.0397111913357399,0.0001809118419701,0.0433212996389891,0.0003108873400846,1.0,1.0,1.0,2.0,2.0
65,09:57:48,3,0.0288808664259927,73530.0,0.0270758122743681,0.0252707581227435,8.792730674902272e-05,0.0216606498194946,0.0001806563618755,0.0180505415162455,9.564536040609993e-05,0.0144404332129963,7.124445657334773e-05,0.0108303249097472,0.0001421108026067,0.0288808664259927,8.441062324721313e-05,0.0324909747292418,0.000175668113029,0.036101083032491,0.0001563218828673,0.0397111913357399,0.0001809118419701,0.0433212996389891,0.00031098314512,1.0,2.0,1.0,2.0,2.0
65,09:57:51,3,0.0288808664259927,123120.0,0.0270758122743681,0.0252707581227435,6.257090736256417e-05,0.0216606498194946,0.0001838498630577,0.0180505415162455,9.404860981501312e-05,0.0144404332129963,7.092510645513037e-05,0.0108303249097472,0.0001421108026067,0.0288808664259927,7.099791828208393e-05,0.0324909747292418,0.000175668113029,0.036101083032491,0.0001563218828673,0.0397111913357399,0.0001834666429158,0.0433212996389891,0.00031098314512,1.0,2.0,1.0,2.0,2.0
65,09:57:54,3,0.0288808664259927,299819.0,0.0270758122743681,0.0252707581227435,7.218334592090677e-05,0.0216606498194946,0.0001841692131759,0.0180505415162455,9.414441485047832e-05,0.0144404332129963,7.012673115958696e-05,0.0108303249097472,0.0001459430040253,0.0288808664259927,7.045502308111441e-05,0.0324909747292418,0.0001680037101917,0.036101083032491,0.0001563218828673,0.0397111913357399,0.0001834666429158,0.0433212996389891,0.00031098314512,1.0,2.0,1.0,2.0,2.0
65,09:57:57,3,0.0288808664259927,35340.0,0.0270758122743681,0.0252707581227435,7.199173584997635e-05,0.0216606498194946,0.0001841692131759,0.0180505415162455,9.494279014602172e-05,0.0144404332129963,7.012673115958696e-05,0.0108303249097472,0.0001510845409286,0.0288808664259927,6.754893700533641e-05,0.0324909747292418,0.0001681633852508,0.036101083032491,0.0001570883231511,0.0397111913357399,0.000183785993034,0.0433212996389891,0.0003111108851673,1.0,2.0,1.0,2.0,2.0
65,09:58:00,3,0.0288808664259927,51828.0,0.0270758122743681,0.0252707581227435,7.065046535346344e-05,0.0216606498194946,0.0001837540580222,0.0180505415162455,9.590084050067382e-05,0.0144404332129963,7.012673115958696e-05,0.0108303249097472,0.0001510845409286,0.0288808664259927,0.0001031909649993,0.0324909747292418,0.0001689298255346,0.036101083032491,0.0001571521931747,0.0397111913357399,0.0001857020937433,0.0433212996389891,0.0003120370005101,1.0,1.0,1.0,2.0,2.0
65,09:58:03,3,0.0288808664259927,23369.0,0.0270758122743681,0.0252707581227435,8.061418904184514e-05,0.0216606498194946,0.0001991467337203,0.0180505415162455,9.590084050067382e-05,0.0144404332129963,6.983931605319134e-05,0.0108303249097472,0.0001469329893918,0.0288808664259927,0.0001144959591842,0.0324909747292418,0.0001689298255346,0.036101083032491,0.0001571521931747,0.0397111913357399,0.000186660144098,0.0433212996389891,0.0003120370005101,2.0,1.0,1.0,2.0,2.0
65,09:58:06,3,0.0288808664259927,6839.0,0.0270758122743681,0.0252707581227435,8.150836937285375e-05,0.0216606498194946,0.000198667708543,0.0180505415162455,9.590084050067382e-05,0.0144404332129963,6.983931605319134e-05,0.0108303249097472,0.0001501264905739,0.0288808664259927,0.0001170507601299,0.0324909747292418,0.0001700156159365,0.036101083032491,0.0001571521931747,0.0397111913357399,0.0001860214438616,0.0433212996389891,0.0003120370005101,2.0,2.0,1.0,2.0,2.0
65,09:58:09,3,0.0288808664259927,234250.0,0.0270758122743681,0.0252707581227435,9.137628802577024e-05,0.0216606498194946,0.0001974861131056,0.0180505415162455,9.644373570164334e-05,0.0144404332129963,7.17554167624955e-05,0.0108303249097472,0.000151723241165,0.0288808664259927,6.211998499564126e-05,0.0324909747292418,0.0001684188653454,0.036101083032491,0.0001571521931747,0.0397111913357399,0.0001882568946891,0.0433212996389891,0.0003120370005101,2.0,1.0,1.0,2.0,2.0
65,09:58:12,3,0.0288808664259927,477012.0,0.0270758122743681,0.0252707581227435,8.971566741103994e-05,0.0216606498194946,0.0001974861131056,0.0180505415162455,9.644373570164334e-05,0.0144404332129963,7.17554167624955e-05,0.0108303249097472,0.000151723241165,0.0288808664259927,1.6740333196954117e-05,0.0324909747292418,0.0001684188653454,0.036101083032491,0.0001571521931747,0.0397111913357399,0.0001882568946891,0.0433212996389891,0.0003120370005101,2.0,1.0,1.0,2.0,2.0
65,09:58:15,3,0.0288808664259927,104310.0,0.0270758122743681,0.0252707581227435,9.060984774204856e-05,0.0216606498194946,0.0001978054632238,0.0180505415162455,9.644373570164334e-05,0.0144404332129963,7.17554167624955e-05,0.0108303249097472,0.0001533199917561,0.0288808664259927,5.084053882020404e-06,0.0324909747292418,0.0001684188653454,0.036101083032491,0.0001571521931747,0.0397111913357399,0.0001886081798191,0.0433212996389891,0.0003120370005101,1.0,1.0,2.0,2.0,2.0
65,09:58:18,3,0.0288808664259927,126597.0,0.0306859205776173,0.0288808664259927,1.947397020889473e-05,0.0252707581227435,0.0001010845316195,0.0216606498194946,0.0001979651382829,0.0180505415162455,9.67630858198607e-05,0.0144404332129963,7.17554167624955e-05,0.0324909747292418,0.0001684827353691,0.036101083032491,0.0001571521931747,0.0397111913357399,0.0001886081798191,0.0433212996389891,0.0003120370005101,0.0469314079422382,0.0003815275862342,0.0,0.0,1.0,2.0,2.0
65,09:58:21,3,0.0288808664259927,77815.0,0.0306859205776173,0.0288808664259927,1.2671812690864926e-05,0.0252707581227435,0.0001003180913358,0.0216606498194946,0.0002043521406472,0.0180505415162455,9.67630858198607e-05,0.0144404332129963,7.17554167624955e-05,0.0324909747292418,0.000133194547306,0.036101083032491,0.0001581102435294,0.0397111913357399,0.000197773528212,0.0433212996389891,0.0003121328055456,0.0469314079422382,0.0003830924018135,1.0,0.0,1.0,2.0,2.0
65,09:58:24,3,0.0288808664259927,73245.0,0.0306859205776173,0.0288808664259927,5.614175078261224e-06,0.0252707581227435,0.0001071202488538,0.0216606498194946,0.0002043521406472,0.0180505415162455,9.740178605629542e-05,0.0144404332129963,7.17554167624955e-05,0.0324909747292418,0.0001371225537601,0.036101083032491,0.0001581102435294,0.0397111913357399,0.000197773528212,0.0433212996389891,0.0003121328055456,0.0469314079422382,0.0003830924018135,0.0,0.0,1.0,2.0,2.0
65,09:58:27,3,0.0288808664259927,75525.0,0.0306859205776173,0.0288808664259927,8.648001201326164e-06,0.0252707581227435,0.0001073118589248,0.0216606498194946,0.0002043521406472,0.0180505415162455,9.740178605629542e-05,0.0144404332129963,7.17554167624955e-05,0.0324909747292418,0.0001380806041148,0.036101083032491,0.0001581102435294,0.0397111913357399,0.0001981567483538,0.0433212996389891,0.0003121328055456,0.0469314079422382,0.0003830924018135,0.0,0.0,1.0,2.0,2.0
65,09:58:30,3,0.0288808664259927,241358.0,0.0270758122743681,0.0252707581227435,0.0001232793648356,0.0216606498194946,0.0002049908408837,0.0180505415162455,9.740178605629542e-05,0.0144404332129963,7.17554167624955e-05,0.0108303249097472,0.0001552680274772,0.0288808664259927,2.590568158979241e-05,0.0324909747292418,0.0001406034700487,0.036101083032491,0.0001582699185885,0.0397111913357399,0.0001981567483538,0.0433212996389891,0.0003124521556638,1.0,1.0,2.0,2.0,2.0
65,09:58:33,3,0.0288808664259927,54720.0,0.0270758122743681,0.0252707581227435,0.0001224809895401,0.0216606498194946,0.0002049908408837,0.0180505415162455,9.740178605629542e-05,0.0144404332129963,7.17554167624955e-05,0.0108303249097472,0.0001568647780683,0.0288808664259927,2.450054106963601e-05,0.0324909747292418,0.0001486510930278,0.036101083032491,0.0001582699185885,0.0397111913357399,0.0001981567483538,0.0433212996389891,0.0003252261603925,1.0,1.0,2.0,2.0,2.0
65,09:58:36,3,0.0288808664259927,306049.0,0.0306859205776173,0.0288808664259927,2.069388766048506e-06,0.0252707581227435,0.0001193513583816,0.0216606498194946,0.0002053101910019,0.0180505415162455,9.740178605629542e-05,0.0144404332129963,6.983931605319134e-05,0.0324909747292418,0.0001467349923185,0.036101083032491,0.0001585892687067,0.0397111913357399,0.0001989870586612,0.0433212996389891,0.0003252261603925,0.0469314079422382,0.0003843698022864,0.0,0.0,1.0,2.0,2.0
65,09:58:39,3,0.0288808664259927,104253.0,0.0270758122743681,0.0252707581227435,0.0001193513583816,0.0216606498194946,0.0002053101910019,0.0180505415162455,9.740178605629542e-05,0.0144404332129963,6.983931605319134e-05,0.0108303249097472,0.0001568647780683,0.0288808664259927,2.009350943823642e-05,0.0324909747292418,0.0001464475772121,0.036101083032491,0.0001585892687067,0.0397111913357399,0.0002696273048109,0.0433212996389891,0.0003264077558299,1.0,1.0,2.0,2.0,2.0
65,09:58:42,3,0.0288808664259927,62985.0,0.0270758122743681,0.0252707581227435,0.0001131559660881,0.0216606498194946,0.0002053101910019,0.0180505415162455,9.740178605629542e-05,0.0144404332129963,6.983931605319134e-05,0.0108303249097472,0.0001575034783048,0.0288808664259927,3.503909497080896e-05,0.0324909747292418,0.0001464475772121,0.036101083032491,0.0001585892687067,0.0397111913357399,0.0002696273048109,0.0433212996389891,0.0003264077558299,1.0,1.0,2.0,2.0,2.0
65,09:58:45,3,0.0288808664259927,119130.0,0.0270758122743681,0.0252707581227435,0.0001072160538893,0.0216606498194946,0.0002053101910019,0.0180505415162455,9.740178605629542e-05,0.0144404332129963,6.983931605319134e-05,0.0108303249097472,0.0001575034783048,0.0288808664259927,3.797711605840869e-05,0.0324909747292418,0.0001496410783942,0.036101083032491,0.0001710119883053,0.0397111913357399,0.0002713837304611,0.0433212996389891,0.0003264077558299,1.0,2.0,2.0,2.0,2.0
65,09:58:48,3,0.0288808664259927,207430.0,0.0270758122743681,0.0252707581227435,0.0001059386534164,0.0216606498194946,0.0002053101910019,0.0180505415162455,9.740178605629542e-05,0.0144404332129963,6.983931605319134e-05,0.0108303249097472,0.0001575034783048,0.0288808664259927,1.9869964355484264e-05,0.0324909747292418,0.0001502797786307,0.036101083032491,0.0001710119883053,0.0397111913357399,0.0002713837304611,0.0433212996389891,0.000328004506421,1.0,2.0,2.0,2.0,2.0
65,09:58:51,3,0.0288808664259927,6270.0,0.0270758122743681,0.0252707581227435,0.0001334346985949,0.0216606498194946,0.0002053101910019,0.0180505415162455,0.0001004356121793,0.0144404332129963,7.667340858304289e-05,0.0108303249097472,0.0001575034783048,0.0288808664259927,3.915871149581293e-05,0.0324909747292418,0.0001502797786307,0.036101083032491,0.0001710119883053,0.0397111913357399,0.0002707769652365,0.0433212996389891,0.000328004506421,1.0,2.0,2.0,2.0,2.0
65,09:58:54,3,0.0288808664259927,272941.0,0.0270758122743681,0.0252707581227435,0.0001374904450963,0.0216606498194946,0.0002047353607891,0.0180505415162455,0.0001004356121793,0.0144404332129963,7.667340858304289e-05,0.0108303249097472,0.0001613356797234,0.0288808664259927,2.520311132971421e-05,0.0324909747292418,0.0001502797786307,0.036101083032491,0.0001710119883053,0.0397111913357399,0.0002707769652365,0.0433212996389891,0.0003296012570121,1.0,2.0,2.0,2.0,2.0
65,09:58:57,3,0.0288808664259927,72075.0,0.0270758122743681,0.0252707581227435,0.0001368517448599,0.0216606498194946,0.0002042244006,0.0180505415162455,0.0001004356121793,0.0144404332129963,7.667340858304289e-05,0.0108303249097472,0.0001613356797234,0.0288808664259927,2.0317054520988573e-05,0.0324909747292418,0.0001502797786307,0.036101083032491,0.0001575034783048,0.0397111913357399,0.0002634638475293,0.0433212996389891,0.0003293777119293,1.0,2.0,2.0,2.0,2.0
65,09:59:00,3,0.0288808664259927,67800.0,0.0270758122743681,0.0252707581227435,0.0001376820551672,0.0216606498194946,0.0002042244006,0.0180505415162455,0.0001004356121793,0.0144404332129963,7.667340858304289e-05,0.0108303249097472,0.0001613356797234,0.0288808664259927,1.3674572062067442e-05,0.0324909747292418,0.000150215908607,0.036101083032491,0.0001575034783048,0.0397111913357399,0.0002930037334644,0.0433212996389891,0.0003284835315983,2.0,2.0,2.0,2.0,2.0
65,09:59:03,3,0.0288808664259927,77520.0,0.0270758122743681,0.0252707581227435,0.0001425042419523,0.0216606498194946,0.0002043202056354,0.0180505415162455,0.0001004356121793,0.0144404332129963,7.667340858304289e-05,0.0108303249097472,0.0001613356797234,0.0288808664259927,3.325073430879173e-05,0.0324909747292418,0.0001508546088435,0.036101083032491,0.0001575034783048,0.0397111913357399,0.0002930037334644,0.0433212996389891,0.0003364672845538,2.0,2.0,2.0,2.0,2.0
65,09:59:06,3,0.0288808664259927,90915.0,0.0270758122743681,0.0252707581227435,0.0001368198098481,0.0216606498194946,0.0002027234550443,0.0180505415162455,0.0001004356121793,0.0144404332129963,7.667340858304289e-05,0.0108303249097472,0.0001631240403854,0.0288808664259927,2.992949307933117e-05,0.0324909747292418,0.0001508546088435,0.036101083032491,0.0001575034783048,0.0397111913357399,0.0002976023751667,0.0433212996389891,0.0003364672845538,2.0,2.0,2.0,2.0,2.0
65,09:59:09,3,0.0288808664259927,1450753.0,0.0270758122743681,0.0252707581227435,0.000136468524718,0.0216606498194946,0.0002027234550443,0.0180505415162455,0.0001004356121793,0.0144404332129963,7.667340858304289e-05,0.0108303249097472,0.0001630601703617,0.0288808664259927,7.185377659890646e-06,0.0324909747292418,3.554366815759239e-05,0.036101083032491,0.0001573438032456,0.0397111913357399,0.0002982410754031,0.0433212996389891,0.0003364672845538,2.0,2.0,2.0,2.0,2.0
65,09:59:12,3,0.0288808664259927,148945.0,0.0270758122743681,0.0252707581227435,0.0001329556734176,0.0216606498194946,0.0002000728490631,0.0180505415162455,0.0001004356121793,0.0144404332129963,7.683308364215157e-05,0.0108303249097472,0.0001630601703617,0.0288808664259927,1.7244906383737549e-06,0.0324909747292418,3.2445972010883985e-05,0.036101083032491,0.0001580783085175,0.0397111913357399,0.0002988797756396,0.0433212996389891,0.0003364672845538,2.0,2.0,2.0,2.0,2.0
65,09:59:15,3,0.0288808664259927,178125.0,0.0306859205776173,0.0288808664259927,2.126871787327631e-05,0.0252707581227435,0.0001520208754752,0.0216606498194946,0.0002004241341932,0.0180505415162455,0.0001004356121793,0.0144404332129963,7.683308364215157e-05,0.0324909747292418,3.276532212910134e-05,0.036101083032491,0.0001592918389668,0.0397111913357399,0.000299518475876,0.0433212996389891,0.0003366269596129,0.0469314079422382,0.0004301007392151,1.0,1.0,2.0,2.0,2.0
65,09:59:18,3,0.0288808664259927,171570.0,0.0306859205776173,0.0288808664259927,1.6638141159124563e-05,0.0252707581227435,0.0001526595757116,0.0216606498194946,0.0002004241341932,0.0180505415162455,0.0001003717421557,0.0144404332129963,7.549181314563865e-05,0.0324909747292418,2.96356909705712e-05,0.036101083032491,0.0001592918389668,0.0397111913357399,0.0003012429665144,0.0433212996389891,0.0003366269596129,0.0469314079422382,0.0004301007392151,1.0,1.0,2.0,2.0,2.0
65,09:59:21,3,0.0288808664259927,48735.0,0.0306859205776173,0.0288808664259927,5.524757045160363e-06,0.0252707581227435,0.0001510628251205,0.0216606498194946,0.0002004241341932,0.0180505415162455,0.0001003717421557,0.0144404332129963,7.549181314563865e-05,0.0324909747292418,2.96356909705712e-05,0.036101083032491,0.0001592918389668,0.0397111913357399,0.000300604266278,0.0433212996389891,0.0003371059847902,0.0469314079422382,0.0004316974898062,1.0,2.0,2.0,2.0,2.0
65,09:59:24,3,0.0288808664259927,208857.0,0.0306859205776173,0.0288808664259927,8.430843120938358e-06,0.0252707581227435,0.0001510628251205,0.0216606498194946,0.0002004241341932,0.0180505415162455,7.648435331305821e-05,0.0144404332129963,7.405473761366052e-05,0.0324909747292418,1.5201065627146432e-05,0.036101083032491,0.0001602818243332,0.0397111913357399,0.000300604266278,0.0433212996389891,0.0003371059847902,0.0469314079422382,0.0004316974898062,2.0,1.0,2.0,2.0,2.0
65,09:59:27,3,0.0288808664259927,66814.0,0.0306859205776173,0.0288808664259927,8.941803310086137e-06,0.0252707581227435,0.0001511266951442,0.0216606498194946,0.0002004241341932,0.0180505415162455,7.648435331305821e-05,0.0144404332129963,7.405473761366052e-05,0.0324909747292418,1.8298761773854845e-05,0.036101083032491,0.0001602818243332,0.0397111913357399,0.0003001252411006,0.0433212996389891,0.0003379362950976,0.0469314079422382,0.0004316974898062,2.0,2.0,2.0,2.0,2.0
65,09:59:30,3,0.0324909747292418,45730.0,0.0306859205776173,0.0288808664259927,9.00567333372961e-06,0.0252707581227435,0.0001505199299196,0.0216606498194946,0.0002004241341932,0.0180505415162455,7.849625905782759e-05,0.0144404332129963,7.405473761366052e-05,0.0324909747292418,3.027439120700592e-05,0.036101083032491,0.0001602818243332,0.0397111913357399,0.0003002210461361,0.0433212996389891,0.0003379362950976,0.0469314079422382,0.0004316974898062,1.0,2.0,2.0,2.0,2.0
65,09:59:33,3,0.0288808664259927,17680.0,0.0306859205776173,0.0288808664259927,1.0794033995746836e-05,0.0252707581227435,0.0001515418502979,0.0216606498194946,0.0002004241341932,0.0180505415162455,7.849625905782759e-05,0.0144404332129963,7.341603737722579e-05,0.0324909747292418,3.5224318039375035e-05,0.036101083032491,0.0001602818243332,0.0397111913357399,0.0003440039473437,0.0433212996389891,0.0003379362950976,0.0469314079422382,0.0004316336197825,1.0,2.0,2.0,2.0,2.0
65,09:59:36,3,0.0324909747292418,194716.0,0.0306859205776173,0.0288808664259927,1.4306885296137818e-05,0.0252707581227435,0.0001515418502979,0.0216606498194946,0.0002004241341932,0.0180505415162455,7.849625905782759e-05,0.0144404332129963,7.341603737722579e-05,0.0324909747292418,6.030320217310269e-05,0.036101083032491,0.0001598666691796,0.0397111913357399,0.0003440039473437,0.0433212996389891,0.0003379362950976,0.0469314079422382,0.0004319529699008,2.0,2.0,2.0,2.0,2.0
65,09:59:39,3,0.0324909747292418,658977.0,0.0342960288808664,0.0324909747292418,2.809291054946312e-05,0.0288808664259927,3.4489812767475097e-06,0.0252707581227435,0.0001515418502979,0.0216606498194946,0.0002004241341932,0.0180505415162455,8.807676260434845e-05,0.036101083032491,0.0001598666691796,0.0397111913357399,0.0003440039473437,0.0433212996389891,0.0003369782447429,0.0469314079422382,0.0004319529699008,0.0505415162454874,3.790685903240088e-05,0.0,1.0,1.0,1.0,1.0
65,09:59:42,3,0.0324909747292418,52624.0,0.0342960288808664,0.0324909747292418,2.48994093672895e-05,0.0288808664259927,2.85818355804539e-05,0.0252707581227435,0.0001540647162318,0.0216606498194946,0.0002004241341932,0.0180505415162455,8.807676260434845e-05,0.036101083032491,0.0001244826760811,0.0397111913357399,0.0003440039473437,0.0433212996389891,0.0003267271059481,0.0469314079422382,0.0004159854639899,0.0505415162454874,3.790685903240088e-05,1.0,0.0,1.0,1.0,1.0
65,09:59:45,3,0.0324909747292418,260744.0,0.0306859205776173,0.0288808664259927,3.011471614789724e-05,0.0252707581227435,0.0001541285862554,0.0216606498194946,0.0002004241341932,0.0180505415162455,8.775741248613109e-05,0.0144404332129963,7.341603737722579e-05,0.0324909747292418,8.082751492081433e-07,0.036101083032491,0.0001343186597222,0.0397111913357399,0.0003440039473437,0.0433212996389891,0.0003283238565392,0.0469314079422382,0.0004159854639899,2.0,2.0,2.0,2.0,2.0
65,09:59:48,3,0.0288808664259927,9995.0,0.0306859205776173,0.0288808664259927,2.96356909705712e-05,0.0252707581227435,0.000153841171149,0.0216606498194946,0.0001987635135784,0.0180505415162455,8.775741248613109e-05,0.0144404332129963,6.706097002470029e-05,0.0324909747292418,1.383105361999395e-06,0.036101083032491,0.0001328177141666,0.0397111913357399,0.0003440039473437,0.0433212996389891,0.0003283238565392,0.0469314079422382,0.0004158577239426,2.0,2.0,2.0,2.0,2.0
65,09:59:51,3,0.0324909747292418,896826.0,0.0342960288808664,0.0324909747292418,6.067652246129879e-07,0.0288808664259927,3.212662189266662e-05,0.0252707581227435,0.0001474222337729,0.0216606498194946,0.0001987635135784,0.0180505415162455,8.775741248613109e-05,0.036101083032491,4.3696996025799866e-05,0.0397111913357399,0.000345377152852,0.0433212996389891,0.0003281641814801,0.0469314079422382,0.0004158577239426,0.0505415162454874,3.822620915061824e-05,1.0,1.0,1.0,2.0,1.0
65,09:59:54,3,0.0324909747292418,22022.0,0.0306859205776173,0.0288808664259927,3.375530749557516e-05,0.0252707581227435,0.0001469112735837,0.0216606498194946,0.0001987635135784,0.0180505415162455,8.775741248613109e-05,0.0144404332129963,6.674161990648292e-05,0.0324909747292418,3.928006454073553e-06,0.036101083032491,5.212783914673822e-05,0.0397111913357399,0.0003460797231121,0.0433212996389891,0.0003281641814801,0.0469314079422382,0.0004159535289781,2.0,2.0,2.0,2.0,2.0
65,09:59:57,3,0.0324909747292418,297001.0,0.0342960288808664,0.0324909747292418,6.38700236434724e-07,0.0288808664259927,3.809846910333129e-05,0.0252707581227435,0.0001468474035601,0.0216606498194946,0.0001979651382829,0.0180505415162455,7.49834077574366e-05,0.036101083032491,3.108266635621406e-05,0.0397111913357399,0.0003460797231121,0.0433212996389891,0.0003281641814801,0.0469314079422382,0.0004159535289781,0.0505415162454874,3.822620915061824e-05,0.0,1.0,1.0,2.0,1.0
65,10:00:00,3,0.036101083032491,248742.0,0.0342960288808664,0.0324909747292418,1.820295673838964e-05,0.0288808664259927,3.96952196944181e-05,0.0252707581227435,0.0001360533695643,0.0216606498194946,0.0001979651382829,0.0180505415162455,7.49834077574366e-05,0.036101083032491,2.632434959477537e-05,0.0397111913357399,0.0003460797231121,0.0433212996389891,0.0003281641814801,0.0469314079422382,0.0004162728790963,0.0505415162454874,3.822620915061824e-05,1.0,1.0,0.0,2.0,1.0
65,10:00:03,3,0.036101083032491,38640.0,0.0342960288808664,0.0324909747292418,1.4817845485285598e-05,0.0288808664259927,4.11961652500397e-05,0.0252707581227435,0.0001362130446234,0.0216606498194946,0.0001960490375736,0.0180505415162455,7.49834077574366e-05,0.036101083032491,3.4276167538387686e-05,0.0397111913357399,0.0003480277588332,0.0433212996389891,0.0003283238565392,0.0469314079422382,0.0004162728790963,0.0505415162454874,3.9343934564379e-05,1.0,1.0,1.0,1.0,0.0
65,10:00:06,3,0.036101083032491,283264.0,0.0342960288808664,0.0324909747292418,2.245031331068055e-05,0.0288808664259927,5.709980113726433e-05,0.0252707581227435,0.0001361491745998,0.0216606498194946,0.0001960490375736,0.0180505415162455,7.495147274561487e-05,0.036101083032491,2.3993093731788623e-05,0.0397111913357399,0.0003834756219554,0.0433212996389891,0.0003283238565392,0.0469314079422382,0.0004162728790963,0.0505415162454874,3.9343934564379e-05,1.0,1.0,1.0,2.0,0.0
65,10:00:09,3,0.0324909747292418,95109.0,0.0342960288808664,0.0324909747292418,1.7212971371915813e-05,0.0288808664259927,5.349114480140814e-05,0.0252707581227435,0.0001383846254273,0.0216606498194946,0.0001960490375736,0.0180505415162455,7.495147274561487e-05,0.036101083032491,0.0001035457629806,0.0397111913357399,0.0003831562718371,0.0433212996389891,0.0003305593073667,0.0469314079422382,0.0004162728790963,0.0505415162454874,3.9343934564379e-05,1.0,1.0,1.0,2.0,0.0
65,10:00:12,3,0.0324909747292418,194334.0,0.0306859205776173,0.0288808664259927,5.888816179928156e-05,0.0252707581227435,0.0001347440340796,0.0216606498194946,0.0001973583730583,0.0180505415162455,7.495147274561487e-05,0.0144404332129963,6.817869543846106e-05,0.0324909747292418,7.56859780175148e-06,0.036101083032491,0.0001041205931934,0.0397111913357399,0.0003834756219554,0.0433212996389891,0.0003181685227799,0.0469314079422382,0.0004156341788598,2.0,2.0,2.0,2.0,1.0
65,10:00:15,3,0.036101083032491,172245.0,0.0342960288808664,0.0324909747292418,6.355067352525504e-06,0.0288808664259927,5.642916588900787e-05,0.0252707581227435,0.0001347440340796,0.0216606498194946,0.0001909713706939,0.0180505415162455,7.495147274561487e-05,0.036101083032491,9.805294094734062e-05,0.0397111913357399,0.0003834436869435,0.0433212996389891,0.0002709047052837,0.0469314079422382,0.0004157299838953,0.0505415162454874,3.9343934564379e-05,1.0,1.0,1.0,2.0,0.0
65,10:00:18,3,0.0324909747292418,7737.0,0.0342960288808664,0.0324909747292418,9.484698511055652e-06,0.0288808664259927,8.006107463709267e-05,0.0252707581227435,0.0001332750235358,0.0216606498194946,0.0001909713706939,0.0180505415162455,7.495147274561487e-05,0.036101083032491,0.0001030028677797,0.0397111913357399,0.0003836352970145,0.0433212996389891,0.0002705853551655,0.0469314079422382,0.0004157299838953,0.0505415162454874,3.963134967077463e-05,1.0,1.0,1.0,2.0,0.0
65,10:00:21,3,0.0324909747292418,86881.0,0.0342960288808664,0.0324909747292418,1.203949945679455e-05,0.0288808664259927,9.347377960222188e-05,0.0252707581227435,0.0001328279333703,0.0216606498194946,0.0001909713706939,0.0180505415162455,7.87836741642232e-05,0.036101083032491,0.0001033860879215,0.0397111913357399,0.0003836352970145,0.0433212996389891,0.0002671363738888,0.0469314079422382,0.0004157299838953,0.0505415162454874,3.9248129528913793e-05,1.0,1.0,1.0,1.0,0.0
65,10:00:24,3,0.036101083032491,67445.0,0.0342960288808664,0.0324909747292418,1.4338820307959555e-05,0.0288808664259927,9.781694120997798e-05,0.0252707581227435,0.0001371072249544,0.0216606498194946,0.0001854466136488,0.0180505415162455,8.050816480259697e-05,0.036101083032491,9.888325125470576e-05,0.0397111913357399,0.0003485067840106,0.0433212996389891,0.0002652522081913,0.0469314079422382,0.0004146122584816,0.0505415162454874,3.9248129528913793e-05,1.0,1.0,1.0,1.0,0.0
65,10:00:27,3,0.036101083032491,156827.0,0.0342960288808664,0.0324909747292418,1.4849780497107336e-05,0.0288808664259927,9.781694120997798e-05,0.0252707581227435,0.0001405562062312,0.0216606498194946,0.0001854466136488,0.0180505415162455,8.210491539368377e-05,0.036101083032491,9.648812536807554e-05,0.0397111913357399,0.0003478680837741,0.0433212996389891,0.0002661144535105,0.0469314079422382,0.000412919702855,0.0505415162454874,3.9248129528913793e-05,1.0,1.0,1.0,1.0,0.0
65,10:00:30,3,0.036101083032491,92988.0,0.0342960288808664,0.0324909747292418,2.114097782598937e-05,0.0288808664259927,0.0001004036771675,0.0252707581227435,0.0001425042419523,0.0216606498194946,0.0001854466136488,0.0180505415162455,8.210491539368377e-05,0.036101083032491,0.0001345865944714,0.0397111913357399,0.0003596840381482,0.0433212996389891,0.0002666892837233,0.0469314079422382,0.0004129516378668,0.0505415162454874,3.9248129528913793e-05,1.0,0.0,1.0,2.0,0.0
65,10:00:33,3,0.036101083032491,303209.0,0.0342960288808664,0.0324909747292418,3.22862969517753e-05,0.0288808664259927,0.0001004356121793,0.0252707581227435,0.0001425042419523,0.0216606498194946,0.0001854466136488,0.0180505415162455,8.52984165758574e-05,0.036101083032491,0.000112615306338,0.0397111913357399,0.0003593327530181,0.0433212996389891,0.0002666892837233,0.0469314079422382,0.0004130474429023,0.0505415162454874,3.9248129528913793e-05,1.0,1.0,1.0,1.0,0.0
65,10:00:36,3,0.036101083032491,334272.0,0.0342960288808664,0.0324909747292418,3.506464298026635e-05,0.0288808664259927,0.0001004356121793,0.0252707581227435,0.0001421848918341,0.0216606498194946,0.0001848079134123,0.0180505415162455,8.434036622120531e-05,0.036101083032491,9.22088337839629e-05,0.0397111913357399,0.0003589814678881,0.0433212996389891,0.0002666892837233,0.0469314079422382,0.0004146441934934,0.0505415162454874,4.882863307543465e-05,1.0,1.0,1.0,1.0,0.0
65,10:00:39,3,0.036101083032491,146514.0,0.0342960288808664,0.0324909747292418,2.9124730781423416e-05,0.0288808664259927,0.0001004356121793,0.0252707581227435,0.0001427597220469,0.0216606498194946,0.0001848079134123,0.0180505415162455,8.434036622120531e-05,0.036101083032491,0.0002295613196292,0.0397111913357399,0.0003589814678881,0.0433212996389891,0.0002666892837233,0.0469314079422382,0.0004136861431387,0.0505415162454874,4.563513189326104e-05,1.0,1.0,1.0,1.0,0.0
65,10:00:42,3,0.0324909747292418,85119.0,0.0342960288808664,0.0324909747292418,3.5320123074840244e-05,0.0288808664259927,0.000100499482203,0.0252707581227435,0.0001427597220469,0.0216606498194946,0.0001848079134123,0.0180505415162455,8.341425087837496e-05,0.036101083032491,0.0002268149086125,0.0397111913357399,0.0003589814678881,0.0433212996389891,0.0002673279839597,0.0469314079422382,0.0004136861431387,0.0505415162454874,4.563513189326104e-05,1.0,1.0,1.0,1.0,0.0
65,10:00:45,3,0.036101083032491,201858.0,0.0342960288808664,0.0324909747292418,2.264192338161097e-05,0.0288808664259927,9.644373570164334e-05,0.0252707581227435,0.0001427597220469,0.0216606498194946,0.0001848079134123,0.0180505415162455,8.341425087837496e-05,0.036101083032491,0.0002197253359881,0.0397111913357399,0.0003585982477462,0.0433212996389891,0.0002673279839597,0.0469314079422382,0.0004121213275595,0.0505415162454874,4.486869160953936e-05,0.0,1.0,1.0,1.0,0.0
65,10:00:48,3,0.0324909747292418,292887.0,0.0342960288808664,0.0324909747292418,2.0534212601376378e-05,0.0288808664259927,9.67630858198607e-05,0.0252707581227435,0.0001427597220469,0.0216606498194946,0.0001848079134123,0.0180505415162455,8.341425087837496e-05,0.036101083032491,0.0002164679647823,0.0397111913357399,0.0003566182770133,0.0433212996389891,0.0002673279839597,0.0469314079422382,0.0004121213275595,0.0505415162454874,4.521997673957846e-05,1.0,1.0,1.0,1.0,0.0
65,10:00:51,3,0.036101083032491,66010.0,0.0342960288808664,0.0324909747292418,2.15241979678502e-05,0.0288808664259927,9.67630858198607e-05,0.0252707581227435,0.0001425042419523,0.0216606498194946,0.0001848079134123,0.0180505415162455,8.341425087837496e-05,0.036101083032491,0.0002138812288247,0.0397111913357399,0.0003566182770133,0.0433212996389891,0.0002673279839597,0.0469314079422382,0.0004139735582451,0.0505415162454874,4.521997673957846e-05,1.0,1.0,2.0,1.0,0.0
65,10:00:54,3,0.036101083032491,76833.0,0.0342960288808664,0.0324909747292418,2.1747743050602358e-05,0.0288808664259927,0.0001112935161987,0.0252707581227435,0.0001425042419523,0.0216606498194946,0.0001848079134123,0.0180505415162455,8.510680650492698e-05,0.036101083032491,0.0002108154676898,0.0397111913357399,0.0003570014971551,0.0433212996389891,0.0002676792690897,0.0469314079422382,0.0004155703088362,0.0505415162454874,4.521997673957846e-05,1.0,1.0,2.0,1.0,0.0
65,10:00:57,3,0.0324909747292418,253392.0,0.0342960288808664,0.0324909747292418,1.4849780497107336e-05,0.0288808664259927,0.0001120280214706,0.0252707581227435,0.0001425042419523,0.0216606498194946,0.0001848079134123,0.0180505415162455,8.510680650492698e-05,0.036101083032491,0.0002090271070278,0.0397111913357399,0.0003549576563985,0.0433212996389891,0.0002677112041016,0.0469314079422382,0.0004173267344864,0.0505415162454874,4.521997673957846e-05,1.0,1.0,2.0,1.0,0.0
65,10:01:00,3,0.0324909747292418,396982.0,0.0306859205776173,0.0288808664259927,0.0001176166485394,0.0252707581227435,0.0001456977431345,0.0216606498194946,0.0001897897752565,0.0180505415162455,8.510680650492698e-05,0.0144404332129963,6.945609591133051e-05,0.0324909747292418,1.916100709304172e-06,0.036101083032491,0.0002042049202427,0.0397111913357399,0.000354702176304,0.0433212996389891,0.0002689886045744,0.0469314079422382,0.0004177099546283,2.0,2.0,2.0,2.0,0.0
65,10:01:03,3,0.036101083032491,191926.0,0.0342960288808664,0.0324909747292418,3.365950246010996e-05,0.0288808664259927,0.0001179359986576,0.0252707581227435,0.0001504879949078,0.0216606498194946,0.0001003398071438,0.0180505415162455,8.510680650492698e-05,0.036101083032491,0.0002075261614722,0.0397111913357399,0.000354702176304,0.0433212996389891,0.0002705853551655,0.0469314079422382,0.0004421083036601,0.0505415162454874,4.521997673957846e-05,1.0,1.0,1.0,0.0,0.0
65,10:01:06,3,0.0324909747292418,225300.0,0.0342960288808664,0.0324909747292418,1.548848073354206e-05,0.0288808664259927,0.0001182553487758,0.0252707581227435,0.0001488912443167,0.0216606498194946,0.0001003398071438,0.0180505415162455,8.392521106752275e-05,0.036101083032491,0.0002005643288951,0.0397111913357399,0.0003584705076989,0.0433212996389891,0.0002721821057566,0.0469314079422382,0.0004437050542512,0.0505415162454874,4.521997673957846e-05,1.0,1.0,2.0,0.0,0.0
65,10:01:09,3,0.036101083032491,95055.0,0.0342960288808664,0.0324909747292418,2.4717699150023826e-05,0.0288808664259927,0.000117872128634,0.0252707581227435,0.0001487315692576,0.0216606498194946,0.0001003398071438,0.0180505415162455,8.121073506267516e-05,0.036101083032491,0.0001875348440718,0.0397111913357399,0.0003575124573443,0.0433212996389891,0.0002731401561113,0.0469314079422382,0.0004468985554333,0.0505415162454874,4.598641702330013e-05,1.0,1.0,2.0,0.0,0.0
65,10:01:12,3,0.036101083032491,65628.0,0.0342960288808664,0.0324909747292418,5.907977187021197e-05,0.0288808664259927,0.000121097564828,0.0252707581227435,0.0001471028836546,0.0216606498194946,0.0001003398071438,0.0180505415162455,8.069977487352738e-05,0.036101083032491,0.0002002449787768,0.0397111913357399,0.0003566182770133,0.0433212996389891,0.0002795271584756,0.0469314079422382,0.0004472179055515,0.0505415162454874,4.598641702330013e-05,1.0,1.0,2.0,0.0,0.0
65,10:01:15,3,0.0324909747292418,73650.0,0.0342960288808664,0.0324909747292418,6.374228359618546e-05,0.0288808664259927,0.0001195008142369,0.0252707581227435,0.0001471028836546,0.0216606498194946,0.0001003398071438,0.0180505415162455,8.069977487352738e-05,0.036101083032491,0.0002083245367677,0.0397111913357399,0.0003566182770133,0.0433212996389891,0.0002795271584756,0.0469314079422382,0.0004482398259298,0.0505415162454874,4.598641702330013e-05,1.0,1.0,2.0,0.0,0.0
65,10:01:18,3,0.0324909747292418,65559.0,0.0342960288808664,0.0324909747292418,6.249681813513775e-05,0.0288808664259927,0.0001212572398871,0.0252707581227435,0.0001469751436074,0.0216606498194946,0.0001005314172148,0.0180505415162455,8.038042475531003e-05,0.036101083032491,0.0002171066650187,0.0397111913357399,0.0003566182770133,0.0433212996389891,0.0002811239090667,0.0469314079422382,0.0004475372556698,0.0505415162454874,4.598641702330013e-05,1.0,1.0,2.0,0.0,0.0
65,10:01:21,3,0.0324909747292418,63590.0,0.0342960288808664,0.0324909747292418,9.436795993323048e-05,0.0288808664259927,0.0001522022663423,0.0252707581227435,0.00014579354817,0.0216606498194946,0.0001005314172148,0.0180505415162455,8.038042475531003e-05,0.036101083032491,0.0002167234448769,0.0397111913357399,0.0003543508911739,0.0433212996389891,0.0002843174102489,0.0469314079422382,0.0004490701362372,0.0505415162454874,5.2373419387647374e-05,1.0,2.0,1.0,0.0,0.0
65,10:01:24,3,0.036101083032491,6600.0,0.0342960288808664,0.0324909747292418,9.775307118633452e-05,0.0288808664259927,0.0001522022663423,0.0252707581227435,0.00014579354817,0.0216606498194946,0.0001005314172148,0.0180505415162455,8.842804773438754e-05,0.036101083032491,0.0002176495602197,0.0397111913357399,0.0003543508911739,0.0433212996389891,0.0002852754606035,0.0469314079422382,0.000449102071249,0.0505415162454874,5.2373419387647374e-05,1.0,2.0,1.0,0.0,0.0
65,10:01:27,3,0.036101083032491,182781.0,0.0342960288808664,0.0324909747292418,9.037608345551346e-05,0.0288808664259927,0.0001522022663423,0.0252707581227435,0.00014579354817,0.0216606498194946,0.0001014894675694,0.0180505415162455,8.826837267527886e-05,0.036101083032491,0.0002097296772879,0.0397111913357399,0.0003527541405828,0.0433212996389891,0.0002874470414074,0.0469314079422382,0.0004524871825021,0.0505415162454874,5.2373419387647374e-05,1.0,2.0,1.0,0.0,0.0
65,10:01:30,3,0.036101083032491,66178.0,0.0342960288808664,0.0324909747292418,8.973738321907873e-05,0.0288808664259927,0.0001497752054439,0.0252707581227435,0.00014579354817,0.0216606498194946,0.0001011701174512,0.0180505415162455,8.826837267527886e-05,0.036101083032491,0.0002113902979026,0.0397111913357399,0.0003527541405828,0.0433212996389891,0.0002884370267739,0.0469314079422382,0.0004524871825021,0.0505415162454874,5.2373419387647374e-05,1.0,2.0,2.0,0.0,0.0
65,10:01:33,3,0.036101083032491,110765.0,0.0342960288808664,0.0324909747292418,9.548568534699125e-05,0.0288808664259927,0.0001500306855385,0.0252707581227435,0.00014579354817,0.0216606498194946,0.0001005314172148,0.0180505415162455,8.731032232062678e-05,0.036101083032491,0.0002040133101718,0.0397111913357399,0.0003533928408193,0.0433212996389891,0.000290033777365,0.0469314079422382,0.0004544352182233,0.0505415162454874,5.384242993144724e-05,1.0,1.0,1.0,0.0,0.0
65,10:01:36,3,0.0324909747292418,110386.0,0.0342960288808664,0.0324909747292418,9.39528047795479e-05,0.0288808664259927,0.0001500306855385,0.0252707581227435,0.0001449632378626,0.0216606498194946,0.0001005314172148,0.0180505415162455,8.731032232062678e-05,0.036101083032491,0.0001978179178784,0.0397111913357399,0.0003533928408193,0.0433212996389891,0.0002890118569867,0.0469314079422382,0.0004544352182233,0.0505415162454874,5.384242993144724e-05,2.0,2.0,1.0,0.0,0.0
65,10:01:39,3,0.036101083032491,32090.0,0.0342960288808664,0.0324909747292418,9.692276087896936e-05,0.0288808664259927,0.0001506693857749,0.0252707581227435,0.0001449632378626,0.0216606498194946,0.0001005314172148,0.0180505415162455,8.89070729117136e-05,0.036101083032491,0.0002096338722524,0.0397111913357399,0.0003531373607247,0.0433212996389891,0.0002906086075777,0.0469314079422382,0.00045823548463,0.0505415162454874,5.543918052253405e-05,2.0,2.0,1.0,0.0,0.0
65,10:01:42,3,0.036101083032491,149507.0,0.0342960288808664,0.0324909747292418,9.548568534699125e-05,0.0288808664259927,0.0001561302727964,0.0252707581227435,0.0001449632378626,0.0216606498194946,0.0001005314172148,0.0180505415162455,8.861965780531796e-05,0.036101083032491,0.0002011391591079,0.0397111913357399,0.0003534247758311,0.0433212996389891,0.0002906086075777,0.0469314079422382,0.0004585867697601,0.0505415162454874,5.543918052253405e-05,2.0,2.0,1.0,0.0,0.0
65,10:01:45,3,0.036101083032491,83321.0,0.0342960288808664,0.0324909747292418,0.0001788680012135,0.0288808664259927,0.0001570883231511,0.0252707581227435,0.0001449632378626,0.0216606498194946,0.0001007549622975,0.0180505415162455,8.86515928171397e-05,0.036101083032491,0.0002081648617086,0.0397111913357399,0.0003531054257129,0.0433212996389891,0.0002906086075777,0.0469314079422382,0.0004573093692872,0.0505415162454874,0.0001225027053481,2.0,2.0,1.0,0.0,0.0
65,10:01:48,3,0.0324909747292418,317797.0,0.0342960288808664,0.0324909747292418,0.0001450168886825,0.0288808664259927,0.0001580463735057,0.0252707581227435,0.0001513502402269,0.0216606498194946,0.0001007549622975,0.0180505415162455,8.86515928171397e-05,0.036101083032491,0.0002087716269333,0.0397111913357399,0.0003515725451454,0.0433212996389891,0.0002906086075777,0.0469314079422382,0.000453764582975,0.0505415162454874,0.0001225027053481,1.0,2.0,1.0,0.0,0.0
65,10:01:51,3,0.036101083032491,1902061.0,0.0379061371841156,0.036101083032491,1.7264386740948808e-05,0.0324909747292418,0.0001476674946637,0.0288808664259927,0.0001642098307873,0.0252707581227435,0.0001513502402269,0.0216606498194946,0.0001007549622975,0.0397111913357399,0.0003527541405828,0.0433212996389891,0.0002906086075777,0.0469314079422382,0.0004535091028804,0.0505415162454874,0.0001225027053481,0.0541516245487363,0.0001168182732439,1.0,0.0,0.0,0.0,0.0
65,10:01:54,3,0.036101083032491,14637.0,0.0379061371841156,0.036101083032491,2.1256263218665835e-05,0.0324909747292418,0.0001490087651602,0.0288808664259927,0.0001801773366982,0.0252707581227435,0.0001521486155225,0.0216606498194946,0.0001006591572621,0.0397111913357399,0.0003532331657602,0.0433212996389891,0.0002914069828733,0.0469314079422382,0.0004559680987907,0.0505415162454874,0.0001225027053481,0.0541516245487363,0.0001187343739532,1.0,0.0,0.0,0.0,0.0
65,10:01:57,3,0.0397111913357399,329550.0,0.0379061371841156,0.036101083032491,2.1256263218665835e-05,0.0324909747292418,0.0001501903605976,0.0288808664259927,0.0001795067014499,0.0252707581227435,0.000153489886019,0.0216606498194946,0.0001006591572621,0.0397111913357399,0.0003325392780997,0.0433212996389891,0.0002923650332279,0.0469314079422382,0.0004559680987907,0.0505415162454874,0.0001225027053481,0.0541516245487363,0.0001187343739532,1.0,0.0,0.0,0.0,0.0
65,10:02:00,3,0.0397111913357399,127861.0,0.0379061371841156,0.036101083032491,2.7068435370221824e-05,0.0324909747292418,0.0001719061686364,0.0288808664259927,0.0001804966868164,0.0252707581227435,0.000153489886019,0.0216606498194946,9.85195114700562e-05,0.0397111913357399,0.0003190307680991,0.0433212996389891,0.0002923650332279,0.0469314079422382,0.0004541478031169,0.0505415162454874,0.0001225027053481,0.0541516245487363,0.0001187343739532,1.0,1.0,0.0,0.0,0.0
65,10:02:03,3,0.036101083032491,322764.0,0.0342960288808664,0.0324909747292418,0.0001764090053032,0.0288808664259927,0.0001804966868164,0.0252707581227435,0.0001532024709126,0.0216606498194946,9.85195114700562e-05,0.0180505415162455,8.868352782896144e-05,0.036101083032491,5.505276687949104e-06,0.0397111913357399,0.0003186794829691,0.0433212996389891,0.0002917263329915,0.0469314079422382,0.0004539242580341,0.0505415162454874,0.0001225027053481,2.0,1.0,0.0,0.0,0.0
65,10:02:06,3,0.036101083032491,106699.0,0.0379061371841156,0.036101083032491,9.472243856445176e-06,0.0324909747292418,0.0001757703050668,0.0288808664259927,0.0001811353870528,0.0252707581227435,0.0001543521313382,0.0216606498194946,9.85195114700562e-05,0.0397111913357399,0.0003366908296365,0.0433212996389891,0.000290927957696,0.0469314079422382,0.0004555210086252,0.0505415162454874,0.0001225027053481,0.0541516245487363,0.0001201075794615,0.0,0.0,0.0,0.0,0.0
65,10:02:09,3,0.036101083032491,101026.0,0.0379061371841156,0.036101083032491,1.6945036622731446e-05,0.0324909747292418,0.0001760257851614,0.0288808664259927,0.0001804966868164,0.0252707581227435,0.000147933193962,0.0216606498194946,9.85195114700562e-05,0.0397111913357399,0.0003405230310551,0.0433212996389891,0.0002892034670576,0.0469314079422382,0.000455201658507,0.0505415162454874,0.0001225027053481,0.0541516245487363,0.0001201075794615,0.0,0.0,0.0,0.0,0.0
65,10:02:12,3,0.036101083032491,171683.0,0.0379061371841156,0.036101083032491,1.806276203649221e-05,0.0324909747292418,0.0001768241604569,0.0288808664259927,0.0001844566282823,0.0252707581227435,0.000147933193962,0.0216606498194946,9.85195114700562e-05,0.0397111913357399,0.000329792867083,0.0433212996389891,0.0002892034670576,0.0469314079422382,0.000455201658507,0.0505415162454874,0.0001161157029838,0.0541516245487363,0.0001201075794615,0.0,0.0,0.0,0.0,0.0
65,10:02:15,3,0.036101083032491,326108.0,0.0379061371841156,0.036101083032491,5.89552253241072e-06,0.0324909747292418,0.0001771754455869,0.0288808664259927,0.0001844246932705,0.0252707581227435,0.000147933193962,0.0216606498194946,9.85195114700562e-05,0.0397111913357399,0.0003250345503216,0.0433212996389891,0.0002908002176487,0.0469314079422382,0.0004370625717922,0.0505415162454874,0.0001161157029838,0.0541516245487363,0.0001201075794615,1.0,0.0,0.0,0.0,0.0
65,10:02:18,3,0.036101083032491,49116.0,0.0379061371841156,0.036101083032491,3.6920067167109226e-06,0.0324909747292418,0.0001774628606933,0.0288808664259927,0.0001847440433887,0.0252707581227435,0.000147933193962,0.0216606498194946,9.85195114700562e-05,0.0397111913357399,0.0003302080222367,0.0433212996389891,0.0002911195677669,0.0469314079422382,0.000436743221674,0.0505415162454874,0.0001161157029838,0.0541516245487363,0.0001201075794615,0.0,0.0,0.0,0.0,0.0
65,10:02:21,3,0.036101083032491,128480.0,0.0342960288808664,0.0324909747292418,0.0001774628606933,0.0288808664259927,0.0001849995234833,0.0252707581227435,0.000147933193962,0.0216606498194946,9.85195114700562e-05,0.0180505415162455,8.820450265163539e-05,0.036101083032491,4.59544820114784e-07,0.0397111913357399,0.000330335762284,0.0433212996389891,0.0002935146936535,0.0469314079422382,0.0004377012720287,0.0505415162454874,0.0001161157029838,1.0,1.0,0.0,0.0,0.0
65,10:02:24,3,0.036101083032491,61705.0,0.0342960288808664,0.0324909747292418,0.0001756745000313,0.0288808664259927,0.0001849995234833,0.0252707581227435,0.000147933193962,0.0216606498194946,9.85195114700562e-05,0.0180505415162455,8.820450265163539e-05,0.036101083032491,9.49715316566613e-06,0.0397111913357399,0.0003293777119293,0.0433212996389891,0.00029415339389,0.0469314079422382,0.0004377012720287,0.0505415162454874,0.0001161157029838,1.0,1.0,0.0,0.0,0.0
65,10:02:27,3,0.036101083032491,109347.0,0.0342960288808664,0.0324909747292418,0.0001775906007406,0.0288808664259927,0.0001822850474784,0.0252707581227435,0.000147933193962,0.0216606498194946,9.85195114700562e-05,0.0180505415162455,8.820450265163539e-05,0.036101083032491,5.664951747057785e-06,0.0397111913357399,0.0003309744625204,0.0433212996389891,0.0002876705864901,0.0469314079422382,0.0004332303703736,0.0505415162454874,0.0001161157029838,1.0,1.0,0.0,0.0,0.0
65,10:02:30,3,0.036101083032491,64403.0,0.0379061371841156,0.036101083032491,1.5523609246545969e-06,0.0324909747292418,8.063590484988391e-05,0.0288808664259927,0.0001667646317331,0.0252707581227435,0.000147933193962,0.0216606498194946,9.85195114700562e-05,0.0397111913357399,0.0003313576826623,0.0433212996389891,0.0002876386514783,0.0469314079422382,0.0004332303703736,0.0505415162454874,0.000116435053102,0.0541516245487363,0.0001197882293433,0.0,0.0,0.0,0.0,0.0
65,10:02:33,3,0.036101083032491,33180.0,0.0342960288808664,0.0324909747292418,8.063590484988391e-05,0.0288808664259927,0.0001664452816148,0.0252707581227435,0.0001484122191393,0.0216606498194946,9.883886158827356e-05,0.0180505415162455,8.820450265163539e-05,0.036101083032491,8.57103782283578e-06,0.0397111913357399,0.0003315173577214,0.0433212996389891,0.0002876386514783,0.0469314079422382,0.0004332303703736,0.0505415162454874,0.000116435053102,1.0,0.0,0.0,0.0,0.0
65,10:02:36,3,0.036101083032491,163827.0,0.0342960288808664,0.0324909747292418,7.90391542587971e-05,0.0288808664259927,0.0001664452816148,0.0252707581227435,0.0001484122191393,0.0216606498194946,9.57092304297434e-05,0.0180505415162455,8.71506472615181e-05,0.036101083032491,2.7269306594580543e-06,0.0397111913357399,0.0003343915087853,0.0433212996389891,0.0002876386514783,0.0469314079422382,0.0004332303703736,0.0505415162454874,0.000116435053102,1.0,0.0,0.0,0.0,0.0
65,10:02:39,3,0.0324909747292418,68210.0,0.0342960288808664,0.0324909747292418,7.97417245188753e-05,0.0288808664259927,0.0001664452816148,0.0252707581227435,0.0001432068122124,0.0216606498194946,9.567729541792166e-05,0.0180505415162455,8.71506472615181e-05,0.036101083032491,8.939855274365011e-05,0.0397111913357399,0.0003345831188563,0.0433212996389891,0.0002882773517148,0.0469314079422382,0.0004321126449599,0.0505415162454874,0.000116435053102,1.0,0.0,0.0,0.0,0.0
65,10:02:42,3,0.0324909747292418,74481.0,0.0342960288808664,0.0324909747292418,7.281182695355855e-05,0.0288808664259927,0.0001734709842156,0.0252707581227435,0.0001432068122124,0.0216606498194946,9.564536040609993e-05,0.0180505415162455,8.497906645764004e-05,0.036101083032491,0.0001505541003822,0.0397111913357399,0.0003349024689745,0.0433212996389891,0.0002882773517148,0.0469314079422382,0.00043351778548,0.0505415162454874,0.000116435053102,1.0,0.0,0.0,0.0,0.0
65,10:02:45,3,0.0324909747292418,181348.0,0.0342960288808664,0.0324909747292418,6.706352482564603e-05,0.0288808664259927,0.000174652579653,0.0252707581227435,0.0001432068122124,0.0216606498194946,0.0001018088176876,0.0180505415162455,8.497906645764004e-05,0.036101083032491,0.0001467218989636,0.0397111913357399,0.0003382556452158,0.0433212996389891,0.000289490882164,0.0469314079422382,0.0004351145360711,0.0505415162454874,0.000116435053102,1.0,0.0,0.0,0.0,0.0
65,10:02:48,3,0.036101083032491,134747.0,0.0342960288808664,0.0324909747292418,5.4353390120595015e-05,0.0288808664259927,0.0001899813853275,0.0252707581227435,0.0001432068122124,0.0216606498194946,0.0001018088176876,0.0180505415162455,8.501100146946178e-05,0.036101083032491,0.0001548653269782,0.0397111913357399,0.0003382556452158,0.0433212996389891,0.000289490882164,0.0469314079422382,0.0004552335935188,0.0505415162454874,0.000116435053102,0.0,0.0,0.0,0.0,0.0
65,10:02:51,3,0.0324909747292418,915677.0,0.0342960288808664,0.0324909747292418,4.11961652500397e-05,0.0288808664259927,0.0001955061423726,0.0252707581227435,0.0001447716277917,0.0216606498194946,0.0001018088176876,0.0180505415162455,8.501100146946178e-05,0.036101083032491,6.74272646102956e-05,0.0397111913357399,0.0003382556452158,0.0433212996389891,0.000289490882164,0.0469314079422382,0.0004552335935188,0.0505415162454874,0.000116435053102,0.0,0.0,0.0,0.0,0.0
65,10:02:54,3,0.0324909747292418,160674.0,0.0342960288808664,0.0324909747292418,2.877344565138432e-05,0.0288808664259927,0.0001955061423726,0.0252707581227435,0.0001447716277917,0.0216606498194946,0.0001020642977822,0.0180505415162455,8.48513264103531e-05,0.036101083032491,6.528761881823927e-05,0.0397111913357399,0.0003401717459251,0.0433212996389891,0.0002896505572231,0.0469314079422382,0.000458427094701,0.0505415162454874,0.0001161157029838,0.0,0.0,0.0,0.0,0.0
65,10:02:57,3,0.0324909747292418,244816.0,0.0342960288808664,0.0324909747292418,1.5967505910868102e-06,0.0288808664259927,0.0001819337623484,0.0252707581227435,0.0001415781266095,0.0216606498194946,0.0001020642977822,0.0180505415162455,8.48513264103531e-05,0.036101083032491,6.915175524866935e-05,0.0397111913357399,0.0003427265468708,0.0433212996389891,0.0002899699073413,0.0469314079422382,0.000458427094701,0.0505415162454874,0.0001161157029838,0.0,0.0,0.0,0.0,0.0
65,10:03:00,3,0.0324909747292418,67540.0,0.0342960288808664,0.0324909747292418,1.11133841139642e-05,0.0288808664259927,0.0001851272635306,0.0252707581227435,0.0001415781266095,0.0216606498194946,0.0001034694383024,0.0180505415162455,8.48513264103531e-05,0.036101083032491,7.081237586339963e-05,0.0397111913357399,0.0003433013770836,0.0433212996389891,0.0002899699073413,0.0469314079422382,0.000458427094701,0.0505415162454874,0.0001161157029838,0.0,0.0,0.0,0.0,0.0
65,10:03:03,3,0.0324909747292418,155933.0,0.0306859205776173,0.0288808664259927,0.0001839137330813,0.0252707581227435,0.000141673931645,0.0216606498194946,0.0001034694383024,0.0180505415162455,9.05996285382656e-05,0.0144404332129963,7.332023234176059e-05,0.0324909747292418,1.916100709304172e-06,0.036101083032491,7.78380784641816e-05,0.0397111913357399,0.0003439081423082,0.0433212996389891,0.0002931634085235,0.0469314079422382,0.000458427094701,1.0,1.0,0.0,0.0,0.0
65,10:03:06,3,0.0324909747292418,12298.0,0.0306859205776173,0.0288808664259927,0.0001841372781641,0.0252707581227435,0.0001418655417159,0.0216606498194946,0.0001034694383024,0.0180505415162455,9.069543357373082e-05,0.0144404332129963,7.332023234176059e-05,0.0324909747292418,5.588627068803836e-06,0.036101083032491,0.0001060366939027,0.0397111913357399,0.0003473890585968,0.0433212996389891,0.0002931314735117,0.0469314079422382,0.0004581077445828,1.0,1.0,0.0,0.0,0.0
65,10:03:09,3,0.0324909747292418,17446.0,0.0306859205776173,0.0288808664259927,0.0001835624479513,0.0252707581227435,0.0001418655417159,0.0216606498194946,0.0001045871637161,0.0180505415162455,9.069543357373082e-05,0.0144404332129963,7.332023234176059e-05,0.0324909747292418,1.5871700875402892e-05,0.036101083032491,0.0001083360147539,0.0397111913357399,0.0003506144947908,0.0433212996389891,0.000299518475876,0.0469314079422382,0.0004622592961196,1.0,1.0,0.0,1.0,0.0
65,10:03:12,3,0.0324909747292418,61762.0,0.0306859205776173,0.0288808664259927,0.0001831153577858,0.0252707581227435,0.0001450590428981,0.0216606498194946,0.0001045871637161,0.0180505415162455,9.101478369194818e-05,0.0144404332129963,7.332023234176059e-05,0.0324909747292418,1.823489175021137e-05,0.036101083032491,0.0001134456166454,0.0397111913357399,0.0003532970357838,0.0433212996389891,0.000299518475876,0.0469314079422382,0.0004658040824318,1.0,1.0,0.0,1.0,0.0
65,10:03:15,3,0.0288808664259927,147025.0,0.0306859205776173,0.0288808664259927,0.0001736945292984,0.0252707581227435,0.0001454103280281,0.0216606498194946,0.0001045871637161,0.0180505415162455,9.08551086328395e-05,0.0144404332129963,7.332023234176059e-05,0.0324909747292418,1.1592409291290242e-05,0.036101083032491,0.0001166391178275,0.0397111913357399,0.0004139096882215,0.0433212996389891,0.000299518475876,0.0469314079422382,0.0004674008330229,1.0,1.0,0.0,1.0,0.0
65,10:03:18,3,0.0324909747292418,8008.0,0.0306859205776173,0.0288808664259927,0.0001739819444048,0.0252707581227435,0.0001470709486428,0.0216606498194946,0.0001045871637161,0.0180505415162455,9.08551086328395e-05,0.0144404332129963,7.332023234176059e-05,0.0324909747292418,1.2933679787803164e-05,0.036101083032491,0.0001186829585841,0.0397111913357399,0.0004144525834224,0.0433212996389891,0.0003001571761124,0.0469314079422382,0.0004670814829047,1.0,1.0,0.0,1.0,0.0
65,10:03:21,3,0.0324909747292418,41400.0,0.0306859205776173,0.0288808664259927,0.0001801773366982,0.0252707581227435,0.0001470709486428,0.0216606498194946,0.0001045871637161,0.0180505415162455,9.08551086328395e-05,0.0144404332129963,7.332023234176059e-05,0.0324909747292418,1.2678199693229273e-05,0.036101083032491,0.0001256128561494,0.0397111913357399,0.0004167838392854,0.0433212996389891,0.0003033506772946,0.0469314079422382,0.0004683588833775,1.0,1.0,0.0,0.0,0.0
65,10:03:24,3,0.0288808664259927,35936.0,0.0306859205776173,0.0288808664259927,0.0001775906007406,0.0252707581227435,0.000147390298761,0.0216606498194946,0.0001045871637161,0.0180505415162455,9.08551086328395e-05,0.0144404332129963,7.332023234176059e-05,0.0324909747292418,1.2582394657764064e-05,0.036101083032491,0.0001313611582774,0.0397111913357399,0.0004149635436116,0.0433212996389891,0.0003043087276493,0.0469314079422382,0.0004683588833775,1.0,1.0,0.0,0.0,0.0
65,10:03:27,3,0.0324909747292418,82368.0,0.0306859205776173,0.0288808664259927,0.0001788999362253,0.0252707581227435,0.0001474222337729,0.0216606498194946,0.0001045871637161,0.0180505415162455,9.149380886927424e-05,0.0144404332129963,7.332023234176059e-05,0.0324909747292418,2.439834903180646e-05,0.036101083032491,0.0001318721184665,0.0397111913357399,0.0004159535289781,0.0433212996389891,0.0003043087276493,0.0469314079422382,0.0004683588833775,1.0,1.0,0.0,0.0,0.0
65,10:03:30,3,0.0288808664259927,5138.0,0.0306859205776173,0.0288808664259927,0.0001785805861071,0.0252707581227435,0.0001474222337729,0.0216606498194946,0.0001045871637161,0.0180505415162455,9.149380886927424e-05,0.0144404332129963,6.945609591133051e-05,0.0324909747292418,3.219049191631009e-05,0.036101083032491,0.0001318401834547,0.0397111913357399,0.0004143887133988,0.0433212996389891,0.0003038297024719,0.0469314079422382,0.0004683588833775,1.0,0.0,0.0,0.0,0.0
65,10:03:33,3,0.0324909747292418,13689.0,0.0306859205776173,0.0288808664259927,0.0001786125211189,0.0252707581227435,0.0001474222337729,0.0216606498194946,0.0001042678135979,0.0180505415162455,9.149380886927424e-05,0.0144404332129963,6.948803092315225e-05,0.0324909747292418,3.3531762412823014e-05,0.036101083032491,0.0001370455903816,0.0397111913357399,0.0004143887133988,0.0433212996389891,0.0003073425537723,0.0469314079422382,0.0004683588833775,1.0,0.0,0.0,1.0,0.0
65,10:03:36,3,0.0288808664259927,586292.0,0.0306859205776173,0.0288808664259927,0.0001145828224163,0.0252707581227435,0.0001483802841275,0.0216606498194946,0.0001042678135979,0.0180505415162455,9.149380886927424e-05,0.0144404332129963,7.076543139602169e-05,0.0324909747292418,5.959073205935976e-05,0.036101083032491,0.0001360556050152,0.0397111913357399,0.0004133667930205,0.0433212996389891,0.0003073425537723,0.0469314079422382,0.0004645266819589,1.0,0.0,0.0,0.0,0.0
65,10:03:39,3,0.0324909747292418,52163.0,0.0306859205776173,0.0288808664259927,0.0001034375032906,0.0252707581227435,0.0001483802841275,0.0216606498194946,0.0001042678135979,0.0180505415162455,9.149380886927424e-05,0.0144404332129963,6.802157518029812e-05,0.0324909747292418,7.514308281654528e-05,0.036101083032491,0.0001359597999797,0.0397111913357399,0.0004133667930205,0.0433212996389891,0.0003073425537723,0.0469314079422382,0.0004637283066634,1.0,0.0,0.0,1.0,0.0
65,10:03:42,3,0.0324909747292418,97766.0,0.0306859205776173,0.0288808664259927,9.398473979136964e-05,0.0252707581227435,0.0001483802841275,0.0216606498194946,0.0001045232936925,0.0180505415162455,9.963723688381696e-05,0.0144404332129963,6.802157518029812e-05,0.0324909747292418,7.574984804115828e-05,0.036101083032491,0.0001330856489157,0.0397111913357399,0.0004151232186707,0.0433212996389891,0.0003073425537723,0.0469314079422382,0.0004651015121717,1.0,0.0,0.0,0.0,0.0
65,10:03:45,3,0.0324909747292418,69840.0,0.0306859205776173,0.0288808664259927,8.702290721423116e-05,0.0252707581227435,0.0001483802841275,0.0216606498194946,0.0001045232936925,0.0180505415162455,9.963723688381696e-05,0.0144404332129963,6.802157518029812e-05,0.0324909747292418,9.16534839283829e-05,0.036101083032491,0.0001371733304289,0.0397111913357399,0.0004151232186707,0.0433212996389891,0.0003076619038906,0.0469314079422382,0.0004663789126446,0.0,0.0,0.0,0.0,0.0
65,10:03:48,3,0.0288808664259927,69954.0,0.0306859205776173,0.0288808664259927,8.044429477895349e-05,0.0252707581227435,0.0001498492946713,0.0216606498194946,0.0001045232936925,0.0180505415162455,0.0001013297925103,0.0144404332129963,6.802157518029812e-05,0.0324909747292418,0.0001056090840944,0.036101083032491,0.0001021281678059,0.0397111913357399,0.0004166241642263,0.0433212996389891,0.0003140489062549,0.0469314079422382,0.0004663789126446,0.0,0.0,0.0,0.0,0.0
65,10:03:51,3,0.0288808664259927,309050.0,0.0306859205776173,0.0288808664259927,4.9658943382799794e-05,0.0252707581227435,0.0001498492946713,0.0216606498194946,0.0001045232936925,0.0180505415162455,0.0001013297925103,0.0144404332129963,6.802157518029812e-05,0.0324909747292418,0.0001062477843309,0.036101083032491,0.0001056090840944,0.0397111913357399,0.0004169435143445,0.0433212996389891,0.0003150069566096,0.0469314079422382,0.0004633450865215,0.0,0.0,0.0,0.0,0.0
65,10:03:54,3,0.0288808664259927,128326.0,0.0306859205776173,0.0288808664259927,4.320807099480908e-05,0.0252707581227435,0.0001537453661136,0.0216606498194946,0.0001044594236688,0.0180505415162455,0.0001013297925103,0.0144404332129963,6.802157518029812e-05,0.0324909747292418,0.0001095370905485,0.036101083032491,0.0001100161157258,0.0397111913357399,0.0004171031894036,0.0433212996389891,0.0003150069566096,0.0469314079422382,0.000463983786758,0.0,0.0,1.0,0.0,0.0
65,10:03:57,3,0.0288808664259927,71260.0,0.0306859205776173,0.0288808664259927,3.726815879596615e-05,0.0252707581227435,0.0001569388672957,0.0216606498194946,0.0001044594236688,0.0180505415162455,0.0001013297925103,0.0144404332129963,6.89796255349502e-05,0.0324909747292418,0.0001143273423218,0.036101083032491,0.0001066948744964,0.0397111913357399,0.0004171031894036,0.0433212996389891,0.0003150069566096,0.0469314079422382,0.0004652611872308,0.0,0.0,1.0,0.0,0.0
65,10:04:00,3,0.0252707581227435,353387.0,0.0270758122743681,0.0252707581227435,0.0001565237121421,0.0216606498194946,0.0001075571198156,0.0180505415162455,0.0001013297925103,0.0144404332129963,6.89796255349502e-05,0.0108303249097472,0.0001512442159877,0.0288808664259927,3.731254846239836e-05,0.0324909747292418,0.00011464669244,0.036101083032491,0.0001079084049456,0.0397111913357399,0.0004171031894036,0.0433212996389891,0.0003150069566096,1.0,1.0,2.0,1.0,0.0
65,10:04:03,3,0.0252707581227435,176052.0,0.0270758122743681,0.0252707581227435,0.00015403278122,0.0216606498194946,0.0001075571198156,0.0180505415162455,0.0001022239728413,0.0144404332129963,6.89796255349502e-05,0.0108303249097472,0.0001512442159877,0.0288808664259927,2.428306363912999e-05,0.0324909747292418,0.0001148063674991,0.036101083032491,0.0001171056883503,0.0397111913357399,0.0004171031894036,0.0433212996389891,0.0003155817868223,1.0,1.0,1.0,1.0,0.0
65,10:04:06,3,0.0288808664259927,205467.0,0.0270758122743681,0.0252707581227435,0.0001490509193758,0.0216606498194946,0.0001075571198156,0.0180505415162455,0.0001022239728413,0.0144404332129963,6.89796255349502e-05,0.0108303249097472,0.0001512442159877,0.0288808664259927,8.634907846479252e-06,0.0324909747292418,0.0001260155566485,0.036101083032491,0.0001171056883503,0.0397111913357399,0.0004171031894036,0.0433212996389891,0.0003146876064913,1.0,1.0,1.0,1.0,0.0
65,10:04:09,3,0.0288808664259927,471935.0,0.0270758122743681,0.0252707581227435,0.0001030645023525,0.0216606498194946,0.0001075571198156,0.0180505415162455,0.0001022239728413,0.0144404332129963,6.89796255349502e-05,0.0108303249097472,0.0001512442159877,0.0288808664259927,3.333695884071042e-06,0.0324909747292418,0.0001207143446861,0.036101083032491,0.0001167224682084,0.0397111913357399,0.0004171031894036,0.0433212996389891,0.0003148472815504,1.0,1.0,2.0,1.0,0.0
65,10:04:12,3,0.0288808664259927,65835.0,0.0270758122743681,0.0252707581227435,0.0001133156411473,0.0216606498194946,0.0001056090840944,0.0180505415162455,0.0001022239728413,0.0144404332129963,6.802157518029812e-05,0.0108303249097472,0.0001746845146648,0.0288808664259927,5.553498555799926e-07,0.0324909747292418,0.0001224069003127,0.036101083032491,0.0001161476379956,0.0397111913357399,0.0004171031894036,0.0433212996389891,0.0003148472815504,1.0,1.0,2.0,1.0,0.0
65,10:04:15,3,0.0252707581227435,56140.0,0.0270758122743681,0.0252707581227435,0.0001131559660881,0.0216606498194946,0.0001056090840944,0.0180505415162455,0.0001021281678059,0.0144404332129963,6.802157518029812e-05,0.0108303249097472,0.0001746845146648,0.0288808664259927,1.3233549548809266e-05,0.0324909747292418,0.0001172653634094,0.036101083032491,0.0001193411391778,0.0397111913357399,0.0004171031894036,0.0433212996389891,0.0003148472815504,1.0,1.0,2.0,0.0,0.0
65,10:04:18,3,0.0252707581227435,84939.0,0.0270758122743681,0.0252707581227435,0.0001043738378372,0.0216606498194946,0.0001054494090353,0.0180505415162455,0.0001026071929832,0.0144404332129963,6.834092529851547e-05,0.0108303249097472,0.0001750038647831,0.0288808664259927,3.80470537342983e-05,0.0324909747292418,0.0001204588645915,0.036101083032491,0.0001193411391778,0.0397111913357399,0.0004171031894036,0.0433212996389891,0.0003145279314322,1.0,1.0,2.0,0.0,0.0
65,10:04:21,3,0.0288808664259927,111378.0,0.0270758122743681,0.0252707581227435,0.0001059386534164,0.0216606498194946,0.0001073655097446,0.0180505415162455,0.0001029265431014,0.0144404332129963,6.834092529851547e-05,0.0108303249097472,0.0001750038647831,0.0288808664259927,2.763623988041229e-05,0.0324909747292418,0.0001140718622272,0.036101083032491,0.0001206504746625,0.0397111913357399,0.0004174225395219,0.0433212996389891,0.0003145279314322,1.0,1.0,1.0,0.0,1.0
65,10:04:24,3,0.0252707581227435,3977.0,0.0270758122743681,0.0252707581227435,0.0001071202488538,0.0216606498194946,0.0001073655097446,0.0180505415162455,0.000101393662534,0.0144404332129963,6.834092529851547e-05,0.0108303249097472,0.0001750038647831,0.0288808664259927,2.849848519959917e-05,0.0324909747292418,0.0001140718622272,0.036101083032491,0.0001206504746625,0.0397111913357399,0.0004172628644628,0.0433212996389891,0.0003145279314322,1.0,2.0,1.0,1.0,1.0
65,10:04:27,3,0.0252707581227435,117589.0,0.0270758122743681,0.0252707581227435,0.0001037351376007,0.0216606498194946,0.000113752512109,0.0180505415162455,0.0001017130126522,0.0144404332129963,6.834092529851547e-05,0.0108303249097472,0.0001795705714736,0.0288808664259927,2.06744073032738e-05,0.0324909747292418,0.0001150299125818,0.036101083032491,0.0001229497955136,0.0397111913357399,0.0004172628644628,0.0433212996389891,0.0003145279314322,1.0,2.0,1.0,0.0,0.0
65,10:04:30,3,0.0288808664259927,95166.0,0.0270758122743681,0.0252707581227435,0.0001092598946459,0.0216606498194946,0.0001154450677355,0.0180505415162455,0.0001019684927468,0.0144404332129963,7.792142884503633e-05,0.0108303249097472,0.0001795705714736,0.0288808664259927,1.5341260329043856e-05,0.0324909747292418,0.0001150299125818,0.036101083032491,0.0001245465461047,0.0397111913357399,0.0004180612397583,0.0433212996389891,0.0003148472815504,1.0,2.0,1.0,1.0,1.0
65,10:04:33,3,0.0252707581227435,34180.0,0.0270758122743681,0.0252707581227435,0.0001102179450005,0.0216606498194946,0.0001165308581375,0.0180505415162455,0.0001013297925103,0.0144404332129963,7.792142884503633e-05,0.0108303249097472,0.0001795705714736,0.0288808664259927,1.9045721700365256e-05,0.0324909747292418,0.0001150299125818,0.036101083032491,0.0001245465461047,0.0397111913357399,0.0004198496004203,0.0433212996389891,0.0003148472815504,1.0,1.0,2.0,1.0,1.0
65,10:04:36,3,0.0288808664259927,104833.0,0.0270758122743681,0.0252707581227435,0.000101180336655,0.0216606498194946,0.0001165308581375,0.0180505415162455,0.0001069822896028,0.0144404332129963,7.792142884503633e-05,0.0108303249097472,0.0001795705714736,0.0288808664259927,1.914152673583046e-05,0.0324909747292418,0.0001032778282314,0.036101083032491,0.000126462646814,0.0397111913357399,0.0004198496004203,0.0433212996389891,0.0003148472815504,1.0,1.0,1.0,0.0,0.0
65,10:04:39,3,0.0288808664259927,85500.0,0.0270758122743681,0.0252707581227435,0.0001030006323288,0.0216606498194946,0.0001195646842605,0.0180505415162455,0.0001069822896028,0.0144404332129963,7.926269934154926e-05,0.0108303249097472,0.0001795705714736,0.0288808664259927,1.4989975199004755e-05,0.0324909747292418,0.0001049384488462,0.036101083032491,0.000126462646814,0.0397111913357399,0.0004198496004203,0.0433212996389891,0.0003148472815504,2.0,2.0,2.0,0.0,0.0
65,10:04:42,3,0.0288808664259927,0.0,0.0270758122743681,0.0252707581227435,0.0001037670726126,0.0216606498194946,0.0001186066339059,0.0180505415162455,0.0001070461596264,0.0144404332129963,7.766594875046245e-05,0.0108303249097472,0.0001807202318992,0.0288808664259927,1.6043830589122053e-05,0.0324909747292418,0.0001052577989644,0.036101083032491,0.000126462646814,0.0397111913357399,0.0004198496004203,0.0433212996389891,0.0003148472815504,2.0,2.0,1.0,0.0,0.0
65,10:04:45,3,0.0288808664259927,47595.0,0.0270758122743681,0.0252707581227435,0.0001037670726126,0.0216606498194946,0.0001192453341423,0.0180505415162455,0.0001070461596264,0.0144404332129963,7.606919815937563e-05,0.0108303249097472,0.0001809437769819,0.0288808664259927,1.4862235151717811e-05,0.0324909747292418,0.0001116448013287,0.036101083032491,0.000126462646814,0.0397111913357399,0.0004198496004203,0.0433212996389891,0.0003148472815504,2.0,2.0,1.0,1.0,0.0
65,10:04:48,3,0.0288808664259927,65799.0,0.0270758122743681,0.0252707581227435,0.0001032561124234,0.0216606498194946,0.0001192453341423,0.0180505415162455,0.0001070142246146,0.0144404332129963,7.670789839581036e-05,0.0108303249097472,0.0001809437769819,0.0288808664259927,1.0295528461209536e-05,0.0324909747292418,0.0001113254512105,0.036101083032491,0.0001262710367431,0.0397111913357399,0.0004275778732812,0.0433212996389891,0.0003148472815504,1.0,2.0,1.0,0.0,0.0
65,10:04:51,3,0.0252707581227435,2840.0,0.0270758122743681,0.0252707581227435,0.000103862877648,0.0216606498194946,0.0001192453341423,0.0180505415162455,0.0001070142246146,0.0144404332129963,7.670789839581036e-05,0.0108303249097472,0.0001811353870528,0.0288808664259927,1.1540993922257246e-05,0.0324909747292418,0.000111964151447,0.036101083032491,0.0001269097369795,0.0397111913357399,0.0004278972233994,0.0433212996389891,0.0003148472815504,1.0,1.0,1.0,0.0,0.0
65,10:04:54,3,0.0288808664259927,197892.0,0.0306859205776173,0.0288808664259927,4.5542520358978e-06,0.0252707581227435,0.0001037990076244,0.0216606498194946,0.0001195327492487,0.0180505415162455,0.0001070142246146,0.0144404332129963,7.670789839581036e-05,0.0324909747292418,0.000111964151447,0.036101083032491,0.0001257920115658,0.0397111913357399,0.0004278972233994,0.0433212996389891,0.0003148472815504,0.0469314079422382,0.0004897553412981,1.0,0.0,0.0,0.0,0.0
65,10:04:57,3,0.0288808664259927,35625.0,0.0306859205776173,0.0288808664259927,4.969407189580371e-06,0.0252707581227435,0.0001050764080972,0.0216606498194946,0.0001195327492487,0.0180505415162455,0.0001070142246146,0.0144404332129963,7.670789839581036e-05,0.0324909747292418,0.0001151576526291,0.036101083032491,0.0001263668417786,0.0397111913357399,0.0004287594687186,0.0433212996389891,0.0003148472815504,0.0469314079422382,0.0004897553412981,1.0,0.0,0.0,0.0,0.0
65,10:05:00,3,0.0324909747292418,66670.0,0.0306859205776173,0.0288808664259927,1.8202956738389635e-06,0.0252707581227435,0.0001039781630407,0.0216606498194946,0.0001180956737167,0.0180505415162455,0.0001070142246146,0.0144404332129963,7.670789839581036e-05,0.0324909747292418,0.0001132734869316,0.036101083032491,0.0001285384225824,0.0397111913357399,0.0004351464710829,0.0433212996389891,0.0003141127762785,0.0469314079422382,0.0004894359911799,1.0,0.0,0.0,0.0,0.0
65,10:05:03,3,0.0288808664259927,28785.0,0.0270758122743681,0.0252707581227435,0.0001065329639864,0.0216606498194946,0.0001180956737167,0.0180505415162455,0.0001075890548274,0.0144404332129963,7.527082286383222e-05,0.0108303249097472,0.0001941010018525,0.0288808664259927,2.6186709693823685e-06,0.0324909747292418,0.000118766308965,0.036101083032491,0.0001286661626297,0.0397111913357399,0.0004351464710829,0.0433212996389891,0.0003141127762785,2.0,2.0,1.0,0.0,0.0
65,10:05:06,3,0.0288808664259927,12825.0,0.0270758122743681,0.0252707581227435,0.0001065329639864,0.0216606498194946,0.0001183192187995,0.0180505415162455,0.0001075890548274,0.0144404332129963,7.527082286383222e-05,0.0108303249097472,0.0001941010018525,0.0288808664259927,3.5447863122127186e-06,0.0324909747292418,0.000118766308965,0.036101083032491,0.0001286661626297,0.0397111913357399,0.0004349867960238,0.0433212996389891,0.0003157095268696,1.0,1.0,1.0,0.0,0.0
65,10:05:09,3,0.0288808664259927,100512.0,0.0306859205776173,0.0288808664259927,1.194369442132934e-05,0.0252707581227435,0.0001065329639864,0.0216606498194946,0.0001183192187995,0.0180505415162455,0.0001077487298865,0.0144404332129963,7.527082286383222e-05,0.0324909747292418,0.0001136567070735,0.036101083032491,0.0001289855127479,0.0397111913357399,0.0004349867960238,0.0433212996389891,0.0003160288769879,0.0469314079422382,0.0004894359911799,0.0,1.0,0.0,0.0,0.0
65,10:05:12,3,0.0324909747292418,207386.0,0.0306859205776173,0.0288808664259927,3.991876477717025e-06,0.0252707581227435,0.0001094071150504,0.0216606498194946,0.0001183192187995,0.0180505415162455,0.0001077487298865,0.0144404332129963,7.527082286383222e-05,0.0324909747292418,9.93178867655996e-05,0.036101083032491,0.0001289855127479,0.0397111913357399,0.0004349867960238,0.0433212996389891,0.0003160288769879,0.0469314079422382,0.0004897553412981,0.0,0.0,0.0,0.0,0.0
65,10:05:15,3,0.0324909747292418,30020.0,0.0306859205776173,0.0288808664259927,1.555235075718553e-05,0.0252707581227435,0.0001078422994711,0.0216606498194946,0.0001183192187995,0.0180505415162455,0.0001077487298865,0.0144404332129963,7.527082286383222e-05,0.0324909747292418,9.695469589079112e-05,0.036101083032491,0.0001289855127479,0.0397111913357399,0.0004349867960238,0.0433212996389891,0.0003160288769879,0.0469314079422382,0.0004929488424803,0.0,0.0,0.0,0.0,0.0
65,10:05:18,3,0.0288808664259927,570.0,0.0306859205776173,0.0288808664259927,2.027873250680249e-05,0.0252707581227435,0.000107682624412,0.0216606498194946,0.0001183192187995,0.0180505415162455,0.0001096648305958,0.0144404332129963,7.527082286383222e-05,0.0324909747292418,9.682695584350416e-05,0.036101083032491,0.0001289855127479,0.0397111913357399,0.000437715642784,0.0433212996389891,0.0003160288769879,0.0469314079422382,0.0004932681925985,1.0,0.0,0.0,0.0,0.0
65,10:05:21,3,0.0288808664259927,474323.0,0.0270758122743681,0.0252707581227435,0.0001093751800386,0.0216606498194946,0.0001181595437404,0.0180505415162455,0.0001096648305958,0.0144404332129963,7.527082286383222e-05,0.0108303249097472,0.0001971986979992,0.0288808664259927,6.035717234308142e-06,0.0324909747292418,7.55901729820496e-05,0.036101083032491,0.0001260474916603,0.0397111913357399,0.000437715642784,0.0433212996389891,0.0003170507973661,1.0,1.0,0.0,1.0,1.0
65,10:05:24,3,0.0288808664259927,43320.0,0.0270758122743681,0.0252707581227435,0.0001090558299204,0.0216606498194946,0.000119117594095,0.0180505415162455,0.0001107506209977,0.0144404332129963,7.527082286383222e-05,0.0108303249097472,0.0001987954485903,0.0288808664259927,7.057637612603701e-06,0.0324909747292418,7.456825260375403e-05,0.036101083032491,0.0001263029717549,0.0397111913357399,0.0004383543430204,0.0433212996389891,0.0003170507973661,2.0,1.0,1.0,1.0,1.0
65,10:05:27,3,0.0288808664259927,14250.0,0.0270758122743681,0.0252707581227435,0.0001090558299204,0.0216606498194946,0.0001226943154191,0.0180505415162455,0.0001111338411396,0.0144404332129963,7.527082286383222e-05,0.0108303249097472,0.0001976777231765,0.0288808664259927,1.2742069716872745e-05,0.0324909747292418,7.472792766286271e-05,0.036101083032491,0.0001294964729371,0.0397111913357399,0.0004364382423111,0.0433212996389891,0.0003167314472479,1.0,1.0,0.0,0.0,1.0
65,10:05:30,3,0.0288808664259927,78375.0,0.0270758122743681,0.0252707581227435,0.0001093432450267,0.0216606498194946,0.0001226943154191,0.0180505415162455,0.0001111338411396,0.0144404332129963,7.527082286383222e-05,0.0108303249097472,0.0001976777231765,0.0288808664259927,4.758316761438694e-06,0.0324909747292418,7.792142884503633e-05,0.036101083032491,0.0001294964729371,0.0397111913357399,0.0004364382423111,0.0433212996389891,0.0003167314472479,1.0,1.0,1.0,1.0,1.0
65,10:05:33,3,0.0288808664259927,53885.0,0.0306859205776173,0.0288808664259927,5.109601891477793e-07,0.0252707581227435,0.0001103012953814,0.0216606498194946,0.0001289535777361,0.0180505415162455,0.0001111338411396,0.0144404332129963,7.590952310026695e-05,0.0324909747292418,7.747433867953203e-05,0.036101083032491,0.0001306141983509,0.0397111913357399,0.0004429849197346,0.0433212996389891,0.0003167314472479,0.0469314079422382,0.0004930446475157,0.0,0.0,0.0,0.0,0.0
65,10:05:36,3,0.0288808664259927,11685.0,0.0270758122743681,0.0252707581227435,0.0001107803205587,0.0216606498194946,0.0001286342276179,0.0180505415162455,0.0001111338411396,0.0144404332129963,7.590952310026695e-05,0.0108303249097472,0.0001976777231765,0.0288808664259927,1.1177254137607672e-06,0.0324909747292418,8.30949007601576e-05,0.036101083032491,0.0001306141983509,0.0397111913357399,0.0004433042698528,0.0433212996389891,0.0003167314472479,1.0,1.0,0.0,0.0,1.0
65,10:05:39,3,0.0288808664259927,28500.0,0.0306859205776173,0.0288808664259927,3.1935011821736204e-06,0.0252707581227435,0.0001141334968,0.0216606498194946,0.0001286342276179,0.0180505415162455,0.0001111338411396,0.0144404332129963,7.590952310026695e-05,0.0324909747292418,8.347812090201843e-05,0.036101083032491,0.0001306141983509,0.0397111913357399,0.000443623619971,0.0433212996389891,0.0003167314472479,0.0469314079422382,0.0004959187985797,0.0,0.0,0.0,0.0,0.0
65,10:05:42,3,0.0252707581227435,37040.0,0.0270758122743681,0.0252707581227435,0.0001144528469182,0.0216606498194946,0.0001279955273815,0.0180505415162455,0.0001111019061278,0.0144404332129963,7.590952310026695e-05,0.0108303249097472,0.0002013821845478,0.0288808664259927,4.6305767141517495e-06,0.0324909747292418,8.402101610298795e-05,0.036101083032491,0.0001309654834809,0.0397111913357399,0.0004593037107755,0.0433212996389891,0.0003167314472479,1.0,1.0,0.0,0.0,1.0
65,10:05:45,3,0.0288808664259927,13100.0,0.0270758122743681,0.0252707581227435,0.0001087364798021,0.0216606498194946,0.0001279955273815,0.0180505415162455,0.0001111019061278,0.0144404332129963,7.590952310026695e-05,0.0108303249097472,0.0002013821845478,0.0288808664259927,4.6305767141517495e-06,0.0324909747292418,8.555389667043129e-05,0.036101083032491,0.0001309654834809,0.0397111913357399,0.0004593037107755,0.0433212996389891,0.0003167314472479,1.0,0.0,1.0,0.0,1.0
65,10:05:48,3,0.0288808664259927,6820.0,0.0270758122743681,0.0252707581227435,0.0001109719306297,0.0216606498194946,0.0001279955273815,0.0180505415162455,0.0001111019061278,0.0144404332129963,7.590952310026695e-05,0.0108303249097472,0.0001999770440277,0.0288808664259927,4.7551232602565206e-05,0.0324909747292418,8.724645229698331e-05,0.036101083032491,0.0001309654834809,0.0397111913357399,0.0004593037107755,0.0433212996389891,0.0003167314472479,1.0,0.0,0.0,0.0,1.0
65,10:05:51,3,0.0288808664259927,1425.0,0.0270758122743681,0.0252707581227435,0.0001109719306297,0.0216606498194946,0.000128251007476,0.0180505415162455,0.0001111019061278,0.0144404332129963,7.590952310026695e-05,0.0108303249097472,0.0002012544445005,0.0288808664259927,5.020183858376931e-05,0.0324909747292418,8.082751492081432e-05,0.036101083032491,0.0001317638587764,0.0397111913357399,0.0004593037107755,0.0433212996389891,0.0003199249484301,1.0,0.0,0.0,0.0,1.0
65,10:05:54,3,0.0252707581227435,79191.0,0.0270758122743681,0.0252707581227435,0.0001133989915281,0.0216606498194946,0.0001279635923696,0.0180505415162455,0.0001111019061278,0.0144404332129963,7.590952310026695e-05,0.0108303249097472,0.0002012544445005,0.0288808664259927,4.324000600663082e-05,0.0324909747292418,8.197717534639683e-05,0.036101083032491,0.0001320832088947,0.0397111913357399,0.0004594633858346,0.0433212996389891,0.0003199249484301,1.0,1.0,0.0,0.0,1.0
65,10:05:57,3,0.0252707581227435,7962.0,0.0270758122743681,0.0252707581227435,0.0001128241613153,0.0216606498194946,0.0001279635923696,0.0180505415162455,0.0001142954073099,0.0144404332129963,7.590952310026695e-05,0.0108303249097472,0.0002012544445005,0.0288808664259927,4.29525909002352e-05,0.0324909747292418,8.204104537004031e-05,0.036101083032491,0.0001320832088947,0.0397111913357399,0.0004594633858346,0.0433212996389891,0.0003199249484301,1.0,0.0,0.0,0.0,1.0
65,10:06:00,3,0.0252707581227435,352664.0,0.0270758122743681,0.0252707581227435,0.0001106525805114,0.0216606498194946,0.000128251007476,0.0180505415162455,0.000120554669627,0.0144404332129963,7.87836741642232e-05,0.0108303249097472,0.000201893144737,0.0288808664259927,1.11133841139642e-05,0.0324909747292418,9.315442948400452e-05,0.036101083032491,0.0001320832088947,0.0397111913357399,0.0004594633858346,0.0433212996389891,0.0003199249484301,0.0,1.0,0.0,1.0,1.0
65,10:06:03,3,0.0252707581227435,32382.0,0.0270758122743681,0.0252707581227435,0.0001105887104878,0.0216606498194946,0.000128251007476,0.0180505415162455,0.000120554669627,0.0144404332129963,7.87836741642232e-05,0.0108303249097472,0.0002020528197961,0.0288808664259927,1.2167239504081492e-05,0.0324909747292418,9.404860981501312e-05,0.036101083032491,0.0001315403136937,0.0397111913357399,0.0004594633858346,0.0433212996389891,0.0003199249484301,0.0,1.0,0.0,0.0,1.0
65,10:06:06,3,0.0252707581227435,79854.0,0.0270758122743681,0.0252707581227435,0.000103211722757,0.0216606498194946,0.0001301671081853,0.0180505415162455,0.0001189579190359,0.0144404332129963,7.87836741642232e-05,0.0108303249097472,0.0002020528197961,0.0288808664259927,1.2326914563190174e-05,0.0324909747292418,9.408054482683486e-05,0.036101083032491,0.0001312209635755,0.0397111913357399,0.0004607407863075,0.0433212996389891,0.0003192862481937,0.0,0.0,0.0,0.0,1.0
65,10:06:09,3,0.0252707581227435,259825.0,0.0270758122743681,0.0252707581227435,7.759984327599145e-05,0.0216606498194946,0.0001301671081853,0.0180505415162455,0.0001189579190359,0.0144404332129963,7.87836741642232e-05,0.0108303249097472,0.0002020528197961,0.0288808664259927,2.075775768412853e-05,0.0324909747292418,9.408054482683486e-05,0.036101083032491,0.0001318915988237,0.0397111913357399,0.0004614433565675,0.0433212996389891,0.0003192862481937,1.0,0.0,0.0,0.0,1.0
65,10:06:12,3,0.0288808664259927,622555.0,0.0270758122743681,0.0252707581227435,1.0376643391236743e-05,0.0216606498194946,0.0001301671081853,0.0180505415162455,0.0001189579190359,0.0144404332129963,7.87836741642232e-05,0.0108303249097472,0.0002020528197961,0.0288808664259927,2.3184818582580484e-05,0.0324909747292418,9.408054482683486e-05,0.036101083032491,0.0001318915988237,0.0397111913357399,0.0004608685263547,0.0433212996389891,0.0003192862481937,0.0,0.0,0.0,0.0,1.0
65,10:06:15,3,0.0252707581227435,106764.0,0.023465703971119,0.0216606498194946,0.0001348615549231,0.0180505415162455,0.0001170418183266,0.0144404332129963,7.910302428244058e-05,0.0108303249097472,0.0002039369854936,0.0072202166064982,2.7496045178514872e-05,0.0252707581227435,2.7817630747559758e-05,0.0288808664259927,3.0466001277936337e-05,0.0324909747292418,9.532601028788255e-05,0.036101083032491,0.0001318915988237,0.0397111913357399,0.0004608685263547,2.0,2.0,1.0,1.0,2.0
65,10:06:18,3,0.0252707581227435,3976.0,0.023465703971119,0.0216606498194946,0.0001362986304551,0.0180505415162455,0.0001170418183266,0.0144404332129963,7.910302428244058e-05,0.0108303249097472,0.0002039369854936,0.0072202166064982,2.7496045178514872e-05,0.0252707581227435,4.445577190668432e-05,0.0288808664259927,3.682106863046184e-05,0.0324909747292418,9.471924506326958e-05,0.036101083032491,0.000133807699533,0.0397111913357399,0.0004608685263547,2.0,1.0,1.0,1.0,2.0
65,10:06:21,3,0.0252707581227435,659768.0,0.023465703971119,0.0216606498194946,0.0001378953810462,0.0180505415162455,0.0001170418183266,0.0144404332129963,7.910302428244058e-05,0.0108303249097472,0.0002023402349025,0.0072202166064982,2.7496045178514872e-05,0.0252707581227435,3.001891111243203e-06,0.0288808664259927,2.2612223820616757e-05,0.0324909747292418,8.922642302993095e-05,0.036101083032491,0.0001354044501241,0.0397111913357399,0.0004608365913429,1.0,1.0,2.0,2.0,2.0
65,10:06:24,3,0.0252707581227435,91973.0,0.0270758122743681,0.0252707581227435,5.365081986051682e-06,0.0216606498194946,0.000135244775065,0.0180505415162455,0.0001170418183266,0.0144404332129963,7.910302428244058e-05,0.0108303249097472,0.0002023402349025,0.0288808664259927,4.2699346256488826e-05,0.0324909747292418,8.922642302993095e-05,0.036101083032491,0.0001354044501241,0.0397111913357399,0.0004608365913429,0.0433212996389891,0.0003213620239621,0.0,0.0,1.0,1.0,1.0
65,10:06:27,3,0.0252707581227435,48564.0,0.023465703971119,0.0216606498194946,0.0001333286743557,0.0180505415162455,0.0001174569734803,0.0144404332129963,7.910302428244058e-05,0.0108303249097472,0.0002032982852571,0.0072202166064982,2.7496045178514872e-05,0.0252707581227435,2.554800945738897e-07,0.0288808664259927,4.930989370358822e-05,0.0324909747292418,9.114252373923512e-05,0.036101083032491,0.0001354044501241,0.0397111913357399,0.0004727483507524,1.0,1.0,1.0,2.0,2.0
65,10:06:30,3,0.0252707581227435,7961.0,0.0270758122743681,0.0252707581227435,1.2135304492259758e-06,0.0216606498194946,0.0001340312446158,0.0180505415162455,0.0001179359986576,0.0144404332129963,7.910302428244058e-05,0.0108303249097472,0.0002026595850207,0.0288808664259927,5.109825436560545e-05,0.0324909747292418,9.114252373923512e-05,0.036101083032491,0.0001354044501241,0.0397111913357399,0.0004737064011071,0.0433212996389891,0.0003213620239621,1.0,0.0,1.0,1.0,1.0
65,10:06:33,3,0.0252707581227435,81508.0,0.0270758122743681,0.0252707581227435,4.37509661957786e-06,0.0216606498194946,0.0001340312446158,0.0180505415162455,0.000117872128634,0.0144404332129963,8.025268470802308e-05,0.0108303249097472,0.0002041924655881,0.0288808664259927,5.477078072510511e-05,0.0324909747292418,9.114252373923512e-05,0.036101083032491,0.0001354044501241,0.0397111913357399,0.0004737064011071,0.0433212996389891,0.0003213620239621,0.0,0.0,1.0,1.0,1.0
65,10:06:36,3,0.0252707581227435,43168.0,0.023465703971119,0.0216606498194946,0.0001340312446158,0.0180505415162455,0.0001116128663169,0.0144404332129963,8.025268470802308e-05,0.0108303249097472,0.0002044798806945,0.0072202166064982,2.733637011940619e-05,0.0252707581227435,9.93178867655996e-06,0.0288808664259927,5.94332924510786e-05,0.0324909747292418,0.0001095051555367,0.036101083032491,0.0001405140520156,0.0397111913357399,0.0004737064011071,1.0,1.0,1.0,2.0,2.0
65,10:06:39,3,0.0252707581227435,64752.0,0.023465703971119,0.0216606498194946,0.0001450488236943,0.0180505415162455,0.0001115489962933,0.0144404332129963,8.025268470802308e-05,0.0108303249097472,0.0001980928783302,0.0072202166064982,2.733637011940619e-05,0.0252707581227435,8.015687967255787e-06,0.0288808664259927,6.0551017864839365e-05,0.0324909747292418,0.0001095051555367,0.036101083032491,0.0001405140520156,0.0397111913357399,0.0004809237137788,1.0,1.0,1.0,2.0,2.0
65,10:06:42,3,0.0252707581227435,62464.0,0.023465703971119,0.0216606498194946,0.0001448572136233,0.0180505415162455,0.0001118683464115,0.0144404332129963,8.025268470802308e-05,0.0108303249097472,0.0002000409140513,0.0072202166064982,2.733637011940619e-05,0.0252707581227435,1.564815579265074e-06,0.0288808664259927,8.402325155381548e-05,0.0324909747292418,0.0001031181531723,0.036101083032491,0.000148497804971,0.0397111913357399,0.0004817220890743,1.0,1.0,1.0,2.0,2.0
65,10:06:45,3,0.0252707581227435,23004.0,0.0270758122743681,0.0252707581227435,5.141536903299529e-06,0.0216606498194946,0.0001464539642144,0.0180505415162455,0.0001106548159623,0.0144404332129963,8.357392593748365e-05,0.0108303249097472,0.0002000409140513,0.0288808664259927,8.466195179025019e-05,0.0324909747292418,9.366538967315229e-05,0.036101083032491,0.0001487852200774,0.0397111913357399,0.0004803808185778,0.0433212996389891,0.0003234058647187,0.0,0.0,0.0,1.0,1.0
65,10:06:48,3,0.0252707581227435,72704.0,0.023465703971119,0.0216606498194946,0.0001468371843563,0.0180505415162455,0.0001106548159623,0.0144404332129963,8.357392593748365e-05,0.0108303249097472,0.0002000409140513,0.0072202166064982,2.733637011940619e-05,0.0252707581227435,2.9380210875997308e-05,0.0288808664259927,8.785545297242382e-05,0.0324909747292418,9.494279014602172e-05,0.036101083032491,0.0001471884694863,0.0397111913357399,0.0005123158303996,1.0,1.0,1.0,2.0,2.0
65,10:06:51,3,0.0252707581227435,86336.0,0.023465703971119,0.0216606498194946,0.0001468371843563,0.0180505415162455,0.0001106548159623,0.0144404332129963,8.357392593748365e-05,0.0108303249097472,0.0002000409140513,0.0072202166064982,2.733637011940619e-05,0.0252707581227435,1.96719672821895e-05,0.0288808664259927,9.015477382358884e-05,0.0324909747292418,9.494279014602172e-05,0.036101083032491,0.00015549157256,0.0397111913357399,0.0005123158303996,1.0,2.0,1.0,2.0,2.0
65,10:06:54,3,0.0252707581227435,38340.0,0.023465703971119,0.0216606498194946,0.0001500306855385,0.0180505415162455,0.0001106548159623,0.0144404332129963,8.357392593748365e-05,0.0108303249097472,0.0002000409140513,0.0072202166064982,2.733637011940619e-05,0.0252707581227435,2.056614761319812e-05,0.0288808664259927,9.015477382358884e-05,0.0324909747292418,9.494279014602172e-05,0.036101083032491,0.0001609524595815,0.0397111913357399,0.0005130184006596,1.0,2.0,1.0,2.0,2.0
65,10:06:57,3,0.0216606498194946,77811.0,0.023465703971119,0.0216606498194946,0.0001511164759404,0.0180505415162455,0.0001097606356313,0.0144404332129963,8.357392593748365e-05,0.0108303249097472,0.0002000409140513,0.0072202166064982,2.733637011940619e-05,0.0252707581227435,1.9448422199437348e-05,0.0288808664259927,9.29650548639016e-05,0.0324909747292418,9.494279014602172e-05,0.036101083032491,0.0001609524595815,0.0397111913357399,0.0005130184006596,1.0,1.0,1.0,2.0,2.0
65,10:07:00,3,0.0252707581227435,66456.0,0.023465703971119,0.0216606498194946,0.0001515955011177,0.0180505415162455,0.0001097606356313,0.0144404332129963,8.357392593748365e-05,0.0108303249097472,0.0002035537653517,0.0072202166064982,2.733637011940619e-05,0.0252707581227435,2.1396457920563257e-05,0.0288808664259927,9.29650548639016e-05,0.0324909747292418,9.494279014602172e-05,0.036101083032491,0.0001654233612365,0.0397111913357399,0.0005128587256005,1.0,2.0,2.0,2.0,2.0
65,10:07:03,3,0.0252707581227435,20448.0,0.023465703971119,0.0216606498194946,0.0001528409665788,0.0180505415162455,0.0001168502082557,0.0144404332129963,8.357392593748365e-05,0.0108303249097472,0.0002042882706236,0.0072202166064982,2.8549900568632166e-05,0.0252707581227435,1.973583730583297e-05,0.0288808664259927,9.408278027766236e-05,0.0324909747292418,9.494279014602172e-05,0.036101083032491,0.0001686168624187,0.0397111913357399,0.0005128587256005,1.0,2.0,1.0,2.0,2.0
65,10:07:06,3,0.0252707581227435,5959.0,0.023465703971119,0.0216606498194946,0.0001526812915197,0.0180505415162455,0.0001168502082557,0.0144404332129963,8.517067652857046e-05,0.0108303249097472,0.0002042882706236,0.0072202166064982,2.8549900568632166e-05,0.0252707581227435,2.5675749504675907e-05,0.0288808664259927,9.408278027766236e-05,0.0324909747292418,9.538988031152604e-05,0.036101083032491,0.0001686168624187,0.0397111913357399,0.0005131780757187,2.0,1.0,1.0,2.0,2.0
65,10:07:09,3,0.0252707581227435,26971.0,0.023465703971119,0.0216606498194946,0.0001577908934111,0.0180505415162455,0.0001168502082557,0.0144404332129963,8.517067652857046e-05,0.0108303249097472,0.0002042882706236,0.0072202166064982,2.8549900568632166e-05,0.0252707581227435,2.775152527308876e-05,0.0288808664259927,8.817480309064117e-05,0.0324909747292418,9.538988031152604e-05,0.036101083032491,0.0001686168624187,0.0397111913357399,0.0005137209709197,2.0,1.0,1.0,2.0,2.0
65,10:07:12,3,0.0252707581227435,113286.0,0.023465703971119,0.0216606498194946,0.0001569925181156,0.0180505415162455,0.0001168502082557,0.0144404332129963,8.517067652857046e-05,0.0108303249097472,0.0002046076207418,0.0072202166064982,2.8549900568632166e-05,0.0252707581227435,1.7564256501954913e-05,0.0288808664259927,8.88135033270759e-05,0.0324909747292418,9.57092304297434e-05,0.036101083032491,0.0001686168624187,0.0397111913357399,0.0005137209709197,1.0,1.0,1.0,2.0,2.0
65,10:07:15,3,0.0252707581227435,18126.0,0.023465703971119,0.0216606498194946,0.0001592279689431,0.0180505415162455,0.0001168502082557,0.0144404332129963,8.517067652857046e-05,0.0108303249097472,0.0002047672958009,0.0072202166064982,2.8549900568632166e-05,0.0252707581227435,1.8905526998467837e-05,0.0288808664259927,8.779158294878034e-05,0.0324909747292418,9.452763499233916e-05,0.036101083032491,0.0001706926381871,0.0397111913357399,0.0005164035119127,2.0,1.0,1.0,2.0,2.0
65,10:07:18,3,0.0252707581227435,170918.0,0.023465703971119,0.0216606498194946,0.000157631218352,0.0180505415162455,0.0001168502082557,0.0144404332129963,8.517067652857046e-05,0.0108303249097472,0.0002047672958009,0.0072202166064982,2.8549900568632166e-05,0.0252707581227435,1.5967505910868102e-06,0.0288808664259927,8.779158294878034e-05,0.0324909747292418,9.436795993323048e-05,0.036101083032491,0.0001706926381871,0.0397111913357399,0.0004933464333775,2.0,1.0,1.0,2.0,2.0
65,10:07:21,3,0.0252707581227435,14768.0,0.0270758122743681,0.0252707581227435,2.682540993025841e-06,0.0216606498194946,0.000157822828423,0.0180505415162455,0.0001171695583739,0.0144404332129963,8.517067652857046e-05,0.0108303249097472,0.0002047672958009,0.0288808664259927,8.849415320885855e-05,0.0324909747292418,9.436795993323048e-05,0.036101083032491,0.0001706926381871,0.0397111913357399,0.0004938254585548,0.0433212996389891,0.0003281641814801,0.0,0.0,1.0,1.0,1.0
65,10:07:24,3,0.0252707581227435,16756.0,0.0270758122743681,0.0252707581227435,3.129631158530148e-06,0.0216606498194946,0.0001576950883757,0.0180505415162455,0.0001179359986576,0.0144404332129963,8.517067652857046e-05,0.0108303249097472,0.0002054059960374,0.0288808664259927,7.782562380957113e-05,0.0324909747292418,9.781694120997798e-05,0.036101083032491,0.0001722893887782,0.0397111913357399,0.0004961247794059,0.0433212996389891,0.0003281641814801,0.0,0.0,1.0,1.0,1.0
65,10:07:27,3,0.0252707581227435,28968.0,0.023465703971119,0.0216606498194946,0.0001592918389668,0.0180505415162455,0.0001179359986576,0.0144404332129963,8.517067652857046e-05,0.0108303249097472,0.0002052463209782,0.0072202166064982,2.8549900568632166e-05,0.0252707581227435,5.460887021516891e-06,0.0288808664259927,7.782562380957113e-05,0.0324909747292418,9.781694120997798e-05,0.036101083032491,0.0001690320175724,0.0397111913357399,0.000498264425198,1.0,1.0,2.0,2.0,2.0
65,10:07:30,3,0.0252707581227435,78662.0,0.0270758122743681,0.0252707581227435,8.526648156403567e-06,0.0216606498194946,0.000160505369416,0.0180505415162455,0.0001179359986576,0.0144404332129963,8.517067652857046e-05,0.0108303249097472,0.0002052463209782,0.0288808664259927,7.942237440065794e-05,0.0324909747292418,9.781694120997798e-05,0.036101083032491,0.0001690320175724,0.0397111913357399,0.0004986476453399,0.0433212996389891,0.0003281641814801,0.0,1.0,1.0,1.0,1.0
65,10:07:33,3,0.0252707581227435,26721.0,0.0270758122743681,0.0252707581227435,6.323132340703768e-06,0.0216606498194946,0.0001728003489674,0.0180505415162455,0.0001182553487758,0.0144404332129963,8.325457581926628e-05,0.0108303249097472,0.0002052463209782,0.0288808664259927,7.677176841945383e-05,0.0324909747292418,9.781694120997798e-05,0.036101083032491,0.0001690320175724,0.0397111913357399,0.0004989031254344,0.0433212996389891,0.0003281641814801,0.0,0.0,1.0,1.0,1.0
65,10:07:36,3,0.0252707581227435,113316.0,0.023465703971119,0.0216606498194946,0.0001729600240265,0.0180505415162455,0.0001188940490123,0.0144404332129963,8.325457581926628e-05,0.0108303249097472,0.0002046076207418,0.0072202166064982,2.733637011940619e-05,0.0252707581227435,5.40659750141994e-05,0.0288808664259927,8.106383400829518e-05,0.0324909747292418,9.781694120997798e-05,0.036101083032491,0.0001695429777615,0.0397111913357399,0.0004989031254344,1.0,1.0,2.0,2.0,2.0
65,10:07:39,3,0.0252707581227435,30672.0,0.023465703971119,0.0216606498194946,0.0001729600240265,0.0180505415162455,0.0001188940490123,0.0144404332129963,8.325457581926628e-05,0.0108303249097472,0.0002046076207418,0.0072202166064982,2.877344565138432e-05,0.0252707581227435,5.061699373745188e-05,0.0288808664259927,8.202188436294726e-05,0.0324909747292418,9.775307118633452e-05,0.036101083032491,0.0001695429777615,0.0397111913357399,0.0004989031254344,1.0,1.0,2.0,2.0,2.0
65,10:07:42,3,0.0252707581227435,28400.0,0.023465703971119,0.0216606498194946,0.0001729600240265,0.0180505415162455,0.0001264307118022,0.0144404332129963,8.325457581926628e-05,0.0108303249097472,0.0002041605305763,0.0072202166064982,2.877344565138432e-05,0.0252707581227435,5.074473378473883e-05,0.0288808664259927,8.202188436294726e-05,0.0324909747292418,9.775307118633452e-05,0.036101083032491,0.0001695429777615,0.0397111913357399,0.0004989031254344,1.0,1.0,2.0,2.0,2.0
65,10:07:45,3,0.0252707581227435,56800.0,0.023465703971119,0.0216606498194946,0.0001792512213554,0.0180505415162455,0.0001268139319441,0.0144404332129963,8.277555064194024e-05,0.0108303249097472,0.0002051824509546,0.0072202166064982,2.877344565138432e-05,0.0252707581227435,5.745108626730343e-05,0.0288808664259927,8.202188436294726e-05,0.0324909747292418,9.76572661508693e-05,0.036101083032491,0.0001695429777615,0.0397111913357399,0.0004956457542286,2.0,1.0,2.0,2.0,2.0
65,10:07:48,3,0.0252707581227435,57084.0,0.023465703971119,0.0216606498194946,0.0001794108964145,0.0180505415162455,0.0001270374770268,0.0144404332129963,8.277555064194024e-05,0.0108303249097472,0.000205821151191,0.0072202166064982,2.877344565138432e-05,0.0252707581227435,5.1351499009351815e-05,0.0288808664259927,8.572634573426866e-05,0.0324909747292418,0.0001023836479004,0.036101083032491,0.0001695429777615,0.0397111913357399,0.0004956457542286,1.0,1.0,2.0,2.0,2.0
65,10:07:51,3,0.0252707581227435,4828.0,0.023465703971119,0.0216606498194946,0.0001810076470056,0.0180505415162455,0.0001270694120386,0.0144404332129963,8.277555064194024e-05,0.0108303249097472,0.0002041605305763,0.0072202166064982,2.877344565138432e-05,0.0252707581227435,5.3107924659547306e-05,0.0288808664259927,8.572634573426866e-05,0.0324909747292418,0.0001023836479004,0.036101083032491,0.0001698623278798,0.0397111913357399,0.0004956457542286,1.0,2.0,2.0,2.0,2.0
65,10:07:54,3,0.0216606498194946,69216.0,0.023465703971119,0.0216606498194946,0.0001796025064854,0.0180505415162455,0.0001270694120386,0.0144404332129963,8.277555064194024e-05,0.0108303249097472,0.0002041605305763,0.0072202166064982,2.877344565138432e-05,0.0252707581227435,4.79025177326043e-05,0.0288808664259927,8.891984691644228e-05,0.0324909747292418,0.0001055771490826,0.036101083032491,0.0001699261979034,0.0397111913357399,0.0004956457542286,1.0,2.0,2.0,2.0,2.0
65,10:07:57,3,0.0252707581227435,38908.0,0.023465703971119,0.0216606498194946,0.0001796025064854,0.0180505415162455,0.0001270694120386,0.0144404332129963,8.277555064194024e-05,0.0108303249097472,0.0002041605305763,0.0072202166064982,2.877344565138432e-05,0.0252707581227435,4.582674196419145e-05,0.0288808664259927,8.891984691644228e-05,0.0324909747292418,0.0001055771490826,0.036101083032491,0.0001699261979034,0.0397111913357399,0.0004956457542286,1.0,2.0,2.0,2.0,2.0
65,10:08:00,3,0.0252707581227435,424580.0,0.0270758122743681,0.0252707581227435,1.009146373566864e-05,0.0216606498194946,0.0001811992570765,0.0180505415162455,0.0001270694120386,0.0144404332129963,8.277555064194024e-05,0.0108303249097472,0.0002018612097251,0.0288808664259927,8.891984691644228e-05,0.0324909747292418,0.0001070461596264,0.036101083032491,0.0001705648981398,0.0397111913357399,0.0004956457542286,0.0433212996389891,0.0003281641814801,0.0,1.0,1.0,1.0,1.0
65,10:08:03,3,0.0252707581227435,95424.0,0.023465703971119,0.0216606498194946,0.0001870752992517,0.0180505415162455,0.000133456414403,0.0144404332129963,8.277555064194024e-05,0.0108303249097472,0.0002018612097251,0.0072202166064982,2.877344565138432e-05,0.0252707581227435,2.056614761319812e-05,0.0288808664259927,9.109142772032034e-05,0.0324909747292418,0.0001084513001466,0.036101083032491,0.0001705648981398,0.0397111913357399,0.000497721529997,1.0,2.0,2.0,2.0,2.0
65,10:08:06,3,0.0252707581227435,13916.0,0.023465703971119,0.0216606498194946,0.0001886720498428,0.0180505415162455,0.000133456414403,0.0144404332129963,8.277555064194024e-05,0.0108303249097472,0.000201893144737,0.0072202166064982,2.877344565138432e-05,0.0252707581227435,2.075775768412853e-05,0.0288808664259927,9.109142772032034e-05,0.0324909747292418,0.0001084513001466,0.036101083032491,0.0001690320175724,0.0397111913357399,0.0004989669954581,2.0,2.0,2.0,2.0,2.0
65,10:08:09,3,0.0252707581227435,63900.0,0.023465703971119,0.0216606498194946,0.0001921849011432,0.0180505415162455,0.000133456414403,0.0144404332129963,7.961398447158835e-05,0.0108303249097472,0.000201893144737,0.0072202166064982,2.877344565138432e-05,0.0252707581227435,1.421108026067261e-05,0.0288808664259927,9.109142772032034e-05,0.0324909747292418,0.0001084513001466,0.036101083032491,0.0001700539379507,0.0397111913357399,0.0004996056956945,2.0,2.0,2.0,2.0,2.0
65,10:08:12,3,0.0252707581227435,74626.0,0.023465703971119,0.0216606498194946,0.0001835305129395,0.0180505415162455,0.000133456414403,0.0144404332129963,7.993333458980571e-05,0.0108303249097472,0.0001985399684957,0.0072202166064982,2.877344565138432e-05,0.0252707581227435,9.06954335737308e-06,0.0288808664259927,9.109142772032034e-05,0.0324909747292418,0.0001084513001466,0.036101083032491,0.0001700539379507,0.0397111913357399,0.0004996056956945,2.0,2.0,2.0,2.0,2.0
65,10:08:15,3,0.0216606498194946,69849.0,0.023465703971119,0.0216606498194946,0.0001836901879986,0.0180505415162455,0.000133456414403,0.0144404332129963,7.993333458980571e-05,0.0108303249097472,0.0001985399684957,0.0072202166064982,2.877344565138432e-05,0.0252707581227435,1.0538553901172948e-05,0.0288808664259927,9.109142772032034e-05,0.0324909747292418,0.0001084513001466,0.036101083032491,0.0001698942628916,0.0397111913357399,0.0004996056956945,2.0,2.0,2.0,2.0,2.0
65,10:08:18,3,0.0252707581227435,78668.0,0.023465703971119,0.0216606498194946,0.0001841692131759,0.0180505415162455,0.000133456414403,0.0144404332129963,7.993333458980571e-05,0.0108303249097472,0.0001985399684957,0.0072202166064982,2.877344565138432e-05,0.0252707581227435,8.197717534639683e-05,0.0288808664259927,9.109142772032034e-05,0.0324909747292418,0.0001084513001466,0.036101083032491,0.0001698942628916,0.0397111913357399,0.0004999250458127,2.0,2.0,2.0,2.0,2.0
65,10:08:21,3,0.0252707581227435,908361.0,0.0270758122743681,0.0252707581227435,8.622453191868774e-07,0.0216606498194946,0.0001813908671474,0.0180505415162455,0.0001336799594857,0.0144404332129963,7.993333458980571e-05,0.0108303249097472,0.0001985399684957,0.0288808664259927,7.512392180945225e-05,0.0324909747292418,0.0001088025852766,0.036101083032491,0.0001698942628916,0.0397111913357399,0.0005001805259073,0.0433212996389891,0.0003269506510309,1.0,1.0,1.0,1.0,1.0
65,10:08:24,3,0.0252707581227435,75260.0,0.0270758122743681,0.0252707581227435,7.025702600781964e-06,0.0216606498194946,0.0001830195527503,0.0180505415162455,0.0001336799594857,0.0144404332129963,7.993333458980571e-05,0.0108303249097472,0.0001985399684957,0.0288808664259927,7.531553188038267e-05,0.0324909747292418,0.0001088025852766,0.036101083032491,0.0001698942628916,0.0397111913357399,0.0005002763309428,0.0433212996389891,0.0003269506510309,1.0,1.0,1.0,1.0,1.0
65,10:08:27,3,0.0252707581227435,20448.0,0.0270758122743681,0.0252707581227435,1.286980976415969e-05,0.0216606498194946,0.0001833389028685,0.0180505415162455,0.0001336799594857,0.0144404332129963,8.153008518089253e-05,0.0108303249097472,0.0001968474128691,0.0288808664259927,7.595423211681738e-05,0.0324909747292418,0.0001088025852766,0.036101083032491,0.0001698942628916,0.0397111913357399,0.0005002763309428,0.0433212996389891,0.000328547401622,1.0,1.0,1.0,1.0,1.0
65,10:08:30,3,0.0288808664259927,55670.0,0.0270758122743681,0.0252707581227435,7.632467825394952e-06,0.0216606498194946,0.0001839456680932,0.0180505415162455,0.0001336799594857,0.0144404332129963,8.153008518089253e-05,0.0108303249097472,0.000196879347881,0.0288808664259927,7.735937263697378e-05,0.0324909747292418,0.0001103993358677,0.036101083032491,0.0001652636861774,0.0397111913357399,0.000500595681061,0.0433212996389891,0.000328547401622,1.0,1.0,1.0,1.0,1.0
65,10:08:33,3,0.0288808664259927,0.0,0.0270758122743681,0.0252707581227435,8.430843120938358e-06,0.0216606498194946,0.0001839456680932,0.0180505415162455,0.0001336799594857,0.0144404332129963,8.153008518089253e-05,0.0108303249097472,0.000196879347881,0.0288808664259927,7.933934336992142e-05,0.0324909747292418,0.0001094732205249,0.036101083032491,0.0001652636861774,0.0397111913357399,0.000500595681061,0.0433212996389891,0.0003274296762082,1.0,1.0,1.0,1.0,1.0
65,10:08:36,3,0.0288808664259927,15390.0,0.0270758122743681,0.0252707581227435,9.867918652916487e-06,0.0216606498194946,0.0001761215901968,0.0180505415162455,0.0001336799594857,0.0144404332129963,8.153008518089253e-05,0.0108303249097472,0.0001969112828928,0.0288808664259927,7.761485273154767e-05,0.0324909747292418,0.0001101119207613,0.036101083032491,0.0001652636861774,0.0397111913357399,0.000500595681061,0.0433212996389891,0.0003274296762082,1.0,1.0,1.0,1.0,1.0
65,10:08:39,3,0.0288808664259927,77320.0,0.0270758122743681,0.0252707581227435,6.674417470742867e-06,0.0216606498194946,0.0001761215901968,0.0180505415162455,0.0001336799594857,0.0144404332129963,8.153008518089253e-05,0.0108303249097472,0.0001969112828928,0.0288808664259927,7.643325729414343e-05,0.0324909747292418,0.0001110699711159,0.036101083032491,0.0001652636861774,0.0397111913357399,0.0005012343812974,0.0433212996389891,0.0003274296762082,1.0,1.0,1.0,1.0,1.0
65,10:08:42,3,0.0288808664259927,0.0,0.0270758122743681,0.0252707581227435,4.624189711787402e-05,0.0216606498194946,0.0001856062887079,0.0180505415162455,0.0001336799594857,0.0144404332129963,8.153008518089253e-05,0.0108303249097472,0.0001973264380465,0.0288808664259927,8.122350906740386e-05,0.0324909747292418,0.0001110699711159,0.036101083032491,0.0001673394619458,0.0397111913357399,0.0005316684475635,0.0433212996389891,0.0003306551124022,1.0,1.0,1.0,1.0,1.0
65,10:08:45,3,0.0288808664259927,46150.0,0.0270758122743681,0.0252707581227435,4.751929759074347e-05,0.0216606498194946,0.0001862449889443,0.0180505415162455,0.0001336799594857,0.0144404332129963,8.153008518089253e-05,0.0108303249097472,0.0001982844884011,0.0288808664259927,9.163432292128986e-05,0.0324909747292418,0.0001110699711159,0.036101083032491,0.0001652956211893,0.0397111913357399,0.0005318281226226,0.0433212996389891,0.0003306551124022,1.0,1.0,1.0,1.0,1.0
65,10:08:48,3,0.0288808664259927,48421.0,0.0270758122743681,0.0252707581227435,4.7551232602565206e-05,0.0216606498194946,0.0001985399684957,0.0180505415162455,0.000130230978209,0.0144404332129963,8.248813553554461e-05,0.0108303249097472,0.0001982844884011,0.0288808664259927,9.214528311043763e-05,0.0324909747292418,0.0001110699711159,0.036101083032491,0.0001652956211893,0.0397111913357399,0.0005318281226226,0.0433212996389891,0.0003306551124022,1.0,1.0,1.0,1.0,1.0
65,10:08:51,3,0.0288808664259927,36465.0,0.0270758122743681,0.0252707581227435,4.704027241341743e-05,0.0216606498194946,0.0001986996435548,0.0180505415162455,0.000130230978209,0.0144404332129963,8.248813553554461e-05,0.0108303249097472,0.0001982844884011,0.0288808664259927,8.660775206054858e-05,0.0324909747292418,0.0001145828224163,0.036101083032491,0.0001652956211893,0.0397111913357399,0.0005319239276581,0.0433212996389891,0.0003306551124022,1.0,1.0,1.0,1.0,0.0
65,10:08:54,3,0.0288808664259927,86640.0,0.0270758122743681,0.0252707581227435,4.9658943382799794e-05,0.0216606498194946,0.0001986996435548,0.0180505415162455,0.000130230978209,0.0144404332129963,8.248813553554461e-05,0.0108303249097472,0.0001982844884011,0.0288808664259927,7.731466362042334e-05,0.0324909747292418,0.0001145828224163,0.036101083032491,0.0001652956211893,0.0397111913357399,0.0005319239276581,0.0433212996389891,0.0003306551124022,1.0,1.0,1.0,1.0,0.0
65,10:08:57,3,0.0288808664259927,0.0,0.0270758122743681,0.0252707581227435,5.320372969501252e-05,0.0216606498194946,0.0001929194064151,0.0180505415162455,0.0001305503283272,0.0144404332129963,8.248813553554461e-05,0.0108303249097472,0.0001982844884011,0.0288808664259927,7.795336385685807e-05,0.0324909747292418,0.0001179679336694,0.036101083032491,0.0001652956211893,0.0397111913357399,0.0005319877976818,0.0433212996389891,0.0003306551124022,1.0,1.0,1.0,1.0,0.0
65,10:09:00,3,0.0288808664259927,144010.0,0.0270758122743681,0.0252707581227435,4.697640238977395e-05,0.0216606498194946,0.0001933984315924,0.0180505415162455,0.0001305503283272,0.0144404332129963,8.08913849444578e-05,0.0108303249097472,0.0001982844884011,0.0288808664259927,6.81812502394068e-05,0.0324909747292418,0.0001150618475937,0.036101083032491,0.0001652956211893,0.0397111913357399,0.0005319877976818,0.0433212996389891,0.0003306551124022,1.0,1.0,1.0,1.0,0.0
65,10:09:03,3,0.0288808664259927,15960.0,0.0270758122743681,0.0252707581227435,5.068086376109535e-05,0.0216606498194946,0.0001933984315924,0.0180505415162455,0.0001307419383981,0.0144404332129963,8.08913849444578e-05,0.0108303249097472,0.0001982844884011,0.0288808664259927,6.878801546401979e-05,0.0324909747292418,0.0001149660425582,0.036101083032491,0.0001652956211893,0.0397111913357399,0.0005319877976818,0.0433212996389891,0.0003306551124022,1.0,1.0,1.0,1.0,0.0
65,10:09:06,3,0.0252707581227435,60851.0,0.0270758122743681,0.0252707581227435,5.1351499009351815e-05,0.0216606498194946,0.0001980928783302,0.0180505415162455,0.0001307419383981,0.0144404332129963,8.08913849444578e-05,0.0108303249097472,0.0001978693332474,0.0288808664259927,8.731032232062678e-05,0.0324909747292418,0.0001149660425582,0.036101083032491,0.0001652956211893,0.0397111913357399,0.0005319877976818,0.0433212996389891,0.0003306551124022,1.0,1.0,1.0,1.0,0.0
65,10:09:09,3,0.0288808664259927,5127.0,0.0270758122743681,0.0252707581227435,5.138343402117355e-05,0.0216606498194946,0.0001950909872189,0.0180505415162455,0.0001308377434336,0.0144404332129963,8.08913849444578e-05,0.0108303249097472,0.0001978693332474,0.0288808664259927,8.960964317179179e-05,0.0324909747292418,0.0001085790401939,0.036101083032491,0.0001636030655627,0.0397111913357399,0.0005319877976818,0.0433212996389891,0.0003306551124022,1.0,1.0,1.0,1.0,0.0
65,10:09:12,3,0.0252707581227435,34668.0,0.0270758122743681,0.0252707581227435,5.275663952950821e-05,0.0216606498194946,0.0001950909872189,0.0180505415162455,0.0001308377434336,0.0144404332129963,8.08913849444578e-05,0.0108303249097472,0.0001978693332474,0.0288808664259927,8.913061799446574e-05,0.0324909747292418,0.0001089622603357,0.036101083032491,0.0001657746463666,0.0397111913357399,0.0005324348878473,0.0433212996389891,0.0003306551124022,1.0,1.0,1.0,1.0,0.0
65,10:09:15,3,0.0288808664259927,4845.0,0.0270758122743681,0.0252707581227435,5.595014071168183e-05,0.0216606498194946,0.0001950909872189,0.0180505415162455,0.0001308377434336,0.0144404332129963,8.121073506267516e-05,0.0108303249097472,0.0001969112828928,0.0288808664259927,9.082317362101776e-05,0.0324909747292418,0.000110878361045,0.036101083032491,0.0001690000825606,0.0397111913357399,0.0005624857339715,0.0433212996389891,0.0003306551124022,1.0,1.0,1.0,1.0,0.0
65,10:09:18,3,0.0288808664259927,11115.0,0.0270758122743681,0.0252707581227435,5.694012607815565e-05,0.0216606498194946,0.0001892468800556,0.0180505415162455,0.0001309654834809,0.0144404332129963,8.121073506267516e-05,0.0108303249097472,0.0001969112828928,0.0288808664259927,9.203670407024374e-05,0.0324909747292418,0.0001105590109268,0.036101083032491,0.0001690000825606,0.0397111913357399,0.0005624857339715,0.0433212996389891,0.0003310702675559,1.0,1.0,1.0,1.0,0.0
65,10:09:21,3,0.0288808664259927,107160.0,0.0270758122743681,0.0252707581227435,5.824946156284683e-05,0.0216606498194946,0.0001892468800556,0.0180505415162455,0.0001309654834809,0.0144404332129963,8.12426700744969e-05,0.0108303249097472,0.0001969112828928,0.0288808664259927,8.632033695415296e-05,0.0324909747292418,0.0001105590109268,0.036101083032491,0.0001730238940501,0.0397111913357399,0.0005628050840897,0.0433212996389891,0.0003310702675559,1.0,1.0,1.0,1.0,0.0
65,10:09:24,3,0.0252707581227435,8540.0,0.0270758122743681,0.0252707581227435,6.150683276866393e-05,0.0216606498194946,0.0001890872049965,0.0180505415162455,0.000132562234072,0.0144404332129963,8.12426700744969e-05,0.0108303249097472,0.0001969112828928,0.0288808664259927,8.731032232062678e-05,0.0324909747292418,0.0001110380361041,0.036101083032491,0.0001762173952323,0.0397111913357399,0.0005706610969979,0.0433212996389891,0.0003310702675559,1.0,1.0,1.0,1.0,0.0
65,10:09:27,3,0.0288808664259927,3990.0,0.0270758122743681,0.0252707581227435,6.15707027923074e-05,0.0216606498194946,0.0001930471464623,0.0180505415162455,0.000132562234072,0.0144404332129963,8.12426700744969e-05,0.0108303249097472,0.0001841053431523,0.0288808664259927,8.695903719058768e-05,0.0324909747292418,0.0001117406063642,0.036101083032491,0.0001766006153742,0.0397111913357399,0.0005714594722934,0.0433212996389891,0.0003310702675559,1.0,1.0,1.0,1.0,0.0
65,10:09:30,3,0.0288808664259927,0.0,0.0270758122743681,0.0252707581227435,7.293956700084549e-05,0.0216606498194946,0.0001930471464623,0.0180505415162455,0.000132562234072,0.0144404332129963,8.12426700744969e-05,0.0108303249097472,0.0001841053431523,0.0288808664259927,9.181315898749158e-05,0.0324909747292418,0.0001117406063642,0.036101083032491,0.0001783570410243,0.0397111913357399,0.0005714594722934,0.0433212996389891,0.0003310702675559,1.0,1.0,1.0,1.0,0.0
65,10:09:33,3,0.0252707581227435,64758.0,0.0270758122743681,0.0252707581227435,6.840479532215895e-05,0.0216606498194946,0.0001930471464623,0.0180505415162455,0.000132562234072,0.0144404332129963,8.12426700744969e-05,0.0108303249097472,0.0001841053431523,0.0288808664259927,9.30586244485393e-05,0.0324909747292418,0.0001201395144733,0.036101083032491,0.0001789957412608,0.0397111913357399,0.0005717788224116,0.0433212996389891,0.0003310702675559,1.0,1.0,1.0,1.0,0.0
65,10:09:36,3,0.0288808664259927,11400.0,0.0270758122743681,0.0252707581227435,6.866027541673283e-05,0.0216606498194946,0.0001898536452802,0.0180505415162455,0.000132562234072,0.0144404332129963,8.12426700744969e-05,0.0108303249097472,0.0001841053431523,0.0288808664259927,9.337797456675664e-05,0.0324909747292418,0.0001217362650644,0.036101083032491,0.0001789957412608,0.0397111913357399,0.0005743336233574,0.0433212996389891,0.0003310702675559,1.0,1.0,1.0,1.0,0.0
65,10:09:39,3,0.0252707581227435,106316.0,0.0270758122743681,0.0252707581227435,6.683997974289387e-05,0.0216606498194946,0.00018844850476,0.0180505415162455,0.0001332009343084,0.0144404332129963,8.12426700744969e-05,0.0108303249097472,0.0001841053431523,0.0288808664259927,9.012060336093956e-05,0.0324909747292418,0.0001244188060574,0.036101083032491,0.0001789957412608,0.0397111913357399,0.0005725452626954,0.0433212996389891,0.0003310702675559,1.0,1.0,1.0,1.0,0.0
65,10:09:42,3,0.0288808664259927,217455.0,0.0270758122743681,0.0252707581227435,6.498774905723317e-05,0.0216606498194946,0.00018844850476,0.0180505415162455,0.0001322428839538,0.0144404332129963,8.12426700744969e-05,0.0108303249097472,0.000183785993034,0.0288808664259927,6.620127950645915e-05,0.0324909747292418,0.0001244188060574,0.036101083032491,0.0001789957412608,0.0397111913357399,0.0005731839629318,0.0433212996389891,0.0003296331920239,1.0,1.0,1.0,1.0,0.0
65,10:09:45,3,0.0252707581227435,7390.0,0.0270758122743681,0.0252707581227435,6.636095456556783e-05,0.0216606498194946,0.0001888955949255,0.0180505415162455,0.0001322428839538,0.0144404332129963,8.12426700744969e-05,0.0108303249097472,0.0001853827436251,0.0288808664259927,6.664836967196345e-05,0.0324909747292418,0.0001244188060574,0.036101083032491,0.0001789957412608,0.0397111913357399,0.0005725452626954,0.0433212996389891,0.0003296331920239,1.0,1.0,1.0,1.0,0.0
65,10:09:48,3,0.0288808664259927,16193.0,0.0270758122743681,0.0252707581227435,6.486000900994623e-05,0.0216606498194946,0.0001898536452802,0.0180505415162455,0.0001322428839538,0.0144404332129963,8.121073506267516e-05,0.0108303249097472,0.000183785993034,0.0288808664259927,7.453631759193229e-05,0.0324909747292418,0.0001244188060574,0.036101083032491,0.0001789957412608,0.0397111913357399,0.0005725452626954,0.0433212996389891,0.0003305912423786,1.0,1.0,1.0,1.0,0.0
65,10:09:51,3,0.0288808664259927,190645.0,0.0270758122743681,0.0252707581227435,8.405295111480969e-05,0.0216606498194946,0.0001898536452802,0.0180505415162455,0.0001322428839538,0.0144404332129963,8.137041012178384e-05,0.0108303249097472,0.000185223068566,0.0288808664259927,6.0836197520407465e-05,0.0324909747292418,0.0001244188060574,0.036101083032491,0.0001801134666745,0.0397111913357399,0.0005705652919624,0.0433212996389891,0.0003305912423786,1.0,1.0,1.0,0.0,0.0
65,10:09:54,3,0.0252707581227435,1704.0,0.0270758122743681,0.0252707581227435,8.641614198961816e-05,0.0216606498194946,0.0001909713706939,0.0180505415162455,0.0001319235338355,0.0144404332129963,8.137041012178384e-05,0.0108303249097472,0.0001890233349728,0.0288808664259927,7.185377659890646e-05,0.0324909747292418,0.0001231414055846,0.036101083032491,0.0001804328167928,0.0397111913357399,0.0005764093991258,0.0433212996389891,0.0003305912423786,1.0,1.0,1.0,0.0,0.0
65,10:09:57,3,0.0252707581227435,3408.0,0.0270758122743681,0.0252707581227435,8.858772279349622e-05,0.0216606498194946,0.0001909713706939,0.0180505415162455,0.0001319235338355,0.0144404332129963,8.137041012178384e-05,0.0108303249097472,0.0001899813853275,0.0288808664259927,7.306730704813243e-05,0.0324909747292418,0.0001231414055846,0.036101083032491,0.0001804328167928,0.0397111913357399,0.0005764093991258,0.0433212996389891,0.0003305912423786,1.0,1.0,1.0,0.0,0.0
65,10:10:00,3,0.0288808664259927,66399.0,0.0270758122743681,0.0252707581227435,8.944996811268311e-05,0.0216606498194946,0.0001912907208121,0.0180505415162455,0.0001319235338355,0.0144404332129963,8.137041012178384e-05,0.0108303249097472,0.0001899813853275,0.0288808664259927,6.645675960103304e-05,0.0324909747292418,0.0001231414055846,0.036101083032491,0.0001823489175021,0.0397111913357399,0.0005740142732392,0.0433212996389891,0.0003305912423786,1.0,1.0,1.0,0.0,0.0
65,10:10:03,3,0.0288808664259927,25080.0,0.0270758122743681,0.0252707581227435,9.136606882198729e-05,0.0216606498194946,0.0001912907208121,0.0180505415162455,0.0001315083786819,0.0144404332129963,8.137041012178384e-05,0.0108303249097472,0.0001899813853275,0.0288808664259927,6.52751641636288e-05,0.0324909747292418,0.000123780105821,0.036101083032491,0.0001823489175021,0.0397111913357399,0.0005741100782746,0.0433212996389891,0.0003305912423786,1.0,1.0,1.0,0.0,0.0
65,10:10:06,3,0.0288808664259927,85785.0,0.0270758122743681,0.0252707581227435,9.2004769058422e-05,0.0216606498194946,0.0001976777231765,0.0180505415162455,0.0001315083786819,0.0144404332129963,8.137041012178384e-05,0.0108303249097472,0.0001899813853275,0.0288808664259927,5.534337548706884e-05,0.0324909747292418,0.0001240675209274,0.036101083032491,0.0001823489175021,0.0397111913357399,0.0005741100782746,0.0433212996389891,0.0003305912423786,1.0,1.0,1.0,0.0,0.0
65,10:10:09,3,0.0252707581227435,13642.0,0.0270758122743681,0.0252707581227435,9.079123860919602e-05,0.0216606498194946,0.0001983164234129,0.0180505415162455,0.0001315083786819,0.0144404332129963,8.137041012178384e-05,0.0108303249097472,0.0001899813853275,0.0288808664259927,5.662077595993829e-05,0.0324909747292418,0.0001240675209274,0.036101083032491,0.0001823489175021,0.0397111913357399,0.0005159883567591,0.0433212996389891,0.0003286751416693,1.0,1.0,1.0,0.0,0.0
65,10:10:12,3,0.0288808664259927,8550.0,0.0270758122743681,0.0252707581227435,9.168541894020464e-05,0.0216606498194946,0.0001983164234129,0.0180505415162455,0.0001315083786819,0.0144404332129963,8.137041012178384e-05,0.0108303249097472,0.0001900771903629,0.0288808664259927,5.6109815770790506e-05,0.0324909747292418,0.0001240675209274,0.036101083032491,0.0001823489175021,0.0397111913357399,0.0005159883567591,0.0433212996389891,0.0003286751416693,1.0,1.0,1.0,0.0,0.0
65,10:10:15,3,0.0252707581227435,41865.0,0.0270758122743681,0.0252707581227435,9.369732468497402e-05,0.0216606498194946,0.0001983164234129,0.0180505415162455,0.0001315083786819,0.0144404332129963,8.137041012178384e-05,0.0108303249097472,0.0001900771903629,0.0288808664259927,5.298018461226036e-05,0.0324909747292418,0.0001240675209274,0.036101083032491,0.0001823489175021,0.0397111913357399,0.0005159883567591,0.0433212996389891,0.0003286751416693,1.0,1.0,1.0,0.0,0.0
65,10:10:18,3,0.0288808664259927,2565.0,0.0270758122743681,0.0252707581227435,9.369732468497402e-05,0.0216606498194946,0.0001983164234129,0.0180505415162455,0.0001315083786819,0.0144404332129963,8.137041012178384e-05,0.0108303249097472,0.0001900771903629,0.0288808664259927,5.275663952950821e-05,0.0324909747292418,0.0001240675209274,0.036101083032491,0.0001823489175021,0.0397111913357399,0.0005159883567591,0.0433212996389891,0.0003286751416693,1.0,1.0,1.0,0.0,0.0
65,10:10:21,3,0.0288808664259927,94990.0,0.0270758122743681,0.0252707581227435,8.976931823090047e-05,0.0216606498194946,0.0001996896289213,0.0180505415162455,0.0001315083786819,0.0144404332129963,8.137041012178384e-05,0.0108303249097472,0.0001900771903629,0.0288808664259927,4.6784792318843535e-05,0.0324909747292418,0.0001252491163648,0.036101083032491,0.0001847440433887,0.0397111913357399,0.0005159883567591,0.0433212996389891,0.0003222881393049,1.0,1.0,1.0,0.0,0.0
65,10:10:24,3,0.0288808664259927,2280.0,0.0270758122743681,0.0252707581227435,9.018447338458304e-05,0.0216606498194946,0.0001996896289213,0.0180505415162455,0.0001315083786819,0.0144404332129963,8.137041012178384e-05,0.0108303249097472,0.0001900771903629,0.0288808664259927,6.38700236434724e-05,0.0324909747292418,0.0001252491163648,0.036101083032491,0.0001869794942162,0.0397111913357399,0.0005159883567591,0.0433212996389891,0.0003222881393049,1.0,1.0,1.0,0.0,0.0
65,10:10:27,3,0.0288808664259927,104381.0,0.0270758122743681,0.0252707581227435,8.184943529910989e-05,0.0216606498194946,0.0001996896289213,0.0180505415162455,0.0001315083786819,0.0144404332129963,8.137041012178384e-05,0.0108303249097472,0.0001900771903629,0.0288808664259927,6.559451428184616e-05,0.0324909747292418,0.0001188621140005,0.036101083032491,0.0001869794942162,0.0397111913357399,0.0005215769838279,0.0433212996389891,0.0003222881393049,1.0,1.0,1.0,0.0,0.0
65,10:10:30,3,0.0252707581227435,79630.0,0.0270758122743681,0.0252707581227435,7.900721924697536e-05,0.0216606498194946,0.0001996896289213,0.0180505415162455,0.0001315083786819,0.0144404332129963,8.137041012178384e-05,0.0108303249097472,0.0001900771903629,0.0288808664259927,6.182618288688129e-05,0.0324909747292418,0.0001188621140005,0.036101083032491,0.0001876181944527,0.0397111913357399,0.0005222156840643,0.0433212996389891,0.0003222881393049,1.0,1.0,1.0,0.0,0.0
65,10:10:33,3,0.0288808664259927,70965.0,0.0270758122743681,0.0252707581227435,8.4500041280314e-05,0.0216606498194946,0.000200998964406,0.0180505415162455,0.0001315083786819,0.0144404332129963,8.137041012178384e-05,0.0108303249097472,0.0001900771903629,0.0288808664259927,6.090006754405094e-05,0.0324909747292418,0.0001190537240714,0.036101083032491,0.0001876181944527,0.0397111913357399,0.0005222156840643,0.0433212996389891,0.0003222881393049,1.0,1.0,1.0,0.0,0.0
65,10:10:36,3,0.0288808664259927,14250.0,0.0270758122743681,0.0252707581227435,8.533035158767913e-05,0.0216606498194946,0.000200998964406,0.0180505415162455,0.0001315083786819,0.0144404332129963,8.137041012178384e-05,0.0108303249097472,0.0001900771903629,0.0288808664259927,5.930331695296413e-05,0.0324909747292418,0.0001190537240714,0.036101083032491,0.0001879375445709,0.0397111913357399,0.0005222156840643,0.0433212996389891,0.0003226074894231,1.0,1.0,1.0,0.0,0.0
65,10:10:39,3,0.0288808664259927,118294.0,0.0270758122743681,0.0252707581227435,7.814497392778849e-05,0.0216606498194946,0.000200998964406,0.0180505415162455,0.0001315083786819,0.0144404332129963,8.456391130395746e-05,0.0108303249097472,0.0001900771903629,0.0288808664259927,6.003782222486406e-05,0.0324909747292418,0.0001190537240714,0.036101083032491,0.0001879375445709,0.0397111913357399,0.0005222156840643,0.0433212996389891,0.0003226074894231,1.0,1.0,1.0,0.0,0.0
65,10:10:42,3,0.0288808664259927,43605.0,0.0270758122743681,0.0252707581227435,8.044429477895349e-05,0.0216606498194946,0.0001994022138149,0.0180505415162455,0.0001315083786819,0.0144404332129963,8.456391130395746e-05,0.0108303249097472,0.0001900771903629,0.0288808664259927,5.674851600722524e-05,0.0324909747292418,0.0001222472252536,0.036101083032491,0.0001909075006703,0.0397111913357399,0.0005215131138042,0.0433212996389891,0.0003226074894231,1.0,1.0,1.0,0.0,0.0
65,10:10:45,3,0.0288808664259927,2280.0,0.0270758122743681,0.0252707581227435,8.210491539368377e-05,0.0216606498194946,0.0001987635135784,0.0180505415162455,0.0001295922779726,0.0144404332129963,8.456391130395746e-05,0.0108303249097472,0.0001900771903629,0.0288808664259927,5.840913662195552e-05,0.0324909747292418,0.0001220875501944,0.036101083032491,0.0001914823308831,0.0397111913357399,0.0005215131138042,0.0433212996389891,0.0003229268395413,1.0,1.0,1.0,0.0,0.0
65,10:10:48,3,0.0252707581227435,51120.0,0.0270758122743681,0.0252707581227435,7.638854827759299e-05,0.0216606498194946,0.000196879347881,0.0180505415162455,0.0001295922779726,0.0144404332129963,8.456391130395746e-05,0.0108303249097472,0.0001948674421362,0.0288808664259927,5.840913662195552e-05,0.0324909747292418,0.0001320832088947,0.036101083032491,0.0001914823308831,0.0397111913357399,0.0005215131138042,0.0433212996389891,0.0003231184496123,1.0,1.0,1.0,0.0,0.0
65,10:10:51,3,0.0288808664259927,73220.0,0.0270758122743681,0.0252707581227435,7.469599265104098e-05,0.0216606498194946,0.000196879347881,0.0180505415162455,0.0001292729278543,0.0144404332129963,8.456391130395746e-05,0.0108303249097472,0.0001948674421362,0.0288808664259927,5.709980113726433e-05,0.0324909747292418,0.0001336799594857,0.036101083032491,0.0001914823308831,0.0397111913357399,0.0005215131138042,0.0433212996389891,0.0003231184496123,1.0,1.0,0.0,0.0,0.0
65,10:10:54,3,0.0252707581227435,8520.0,0.0270758122743681,0.0252707581227435,7.437664253282361e-05,0.0216606498194946,0.000196879347881,0.0180505415162455,0.0001292729278543,0.0144404332129963,8.456391130395746e-05,0.0108303249097472,0.0001951867922544,0.0288808664259927,5.713173614908607e-05,0.0324909747292418,0.000136138955396,0.036101083032491,0.0001914823308831,0.0397111913357399,0.0005215131138042,0.0433212996389891,0.0003231184496123,1.0,1.0,0.0,0.0,0.0
65,10:10:57,3,0.0288808664259927,27565.0,0.0270758122743681,0.0252707581227435,7.354633222545848e-05,0.0216606498194946,0.000196879347881,0.0180505415162455,0.0001292729278543,0.0144404332129963,8.456391130395746e-05,0.0108303249097472,0.0001951867922544,0.0288808664259927,0.0001266861918968,0.0324909747292418,0.000136138955396,0.036101083032491,0.0001914823308831,0.0397111913357399,0.0005215131138042,0.0433212996389891,0.0003231184496123,1.0,1.0,0.0,0.0,0.0
65,10:11:00,3,0.0288808664259927,15960.0,0.0270758122743681,0.0252707581227435,7.41850324618932e-05,0.0216606498194946,0.0001956019474081,0.0180505415162455,0.0001292729278543,0.0144404332129963,8.328651083108802e-05,0.0108303249097472,0.0001961448426091,0.0288808664259927,0.0001324983640483,0.0324909747292418,0.0001370970057507,0.036101083032491,0.0001919932910722,0.0397111913357399,0.0005215131138042,0.0433212996389891,0.0003231184496123,1.0,1.0,0.0,0.0,0.0
65,10:11:03,3,0.0288808664259927,275174.0,0.0270758122743681,0.0252707581227435,7.472792766286271e-05,0.0216606498194946,0.0001957616224672,0.0180505415162455,0.0001292729278543,0.0144404332129963,8.328651083108802e-05,0.0108303249097472,0.0001961448426091,0.0288808664259927,0.0001126028516834,0.0324909747292418,0.0001450807587061,0.036101083032491,0.0001935900416633,0.0397111913357399,0.0005246746799746,0.0433212996389891,0.0003237571498487,1.0,1.0,0.0,0.0,0.0
65,10:11:06,3,0.0288808664259927,3420.0,0.0270758122743681,0.0252707581227435,7.536662789929744e-05,0.0216606498194946,0.0001957616224672,0.0180505415162455,0.0001295922779726,0.0144404332129963,8.328651083108802e-05,0.0108303249097472,0.0001961448426091,0.0288808664259927,0.0001125389816597,0.0324909747292418,0.0001448252786115,0.036101083032491,0.0001935900416633,0.0397111913357399,0.0005246746799746,0.0433212996389891,0.0003237571498487,1.0,1.0,0.0,0.0,0.0
65,10:11:09,3,0.0288808664259927,18240.0,0.0270758122743681,0.0252707581227435,7.555823797022786e-05,0.0216606498194946,0.0001956019474081,0.0180505415162455,0.0001295922779726,0.0144404332129963,8.328651083108802e-05,0.0108303249097472,0.0001961448426091,0.0288808664259927,0.0001144870173809,0.0324909747292418,0.0001464220292026,0.036101083032491,0.000195442272349,0.0397111913357399,0.0005246746799746,0.0433212996389891,0.0003237571498487,1.0,1.0,0.0,0.0,0.0
65,10:11:12,3,0.0252707581227435,4835.0,0.0270758122743681,0.0252707581227435,7.731466362042334e-05,0.0216606498194946,0.0001959212975263,0.0180505415162455,0.0001296242129844,0.0144404332129963,8.328651083108802e-05,0.0108303249097472,0.0001961448426091,0.0288808664259927,0.0001156686128183,0.0324909747292418,0.0001464220292026,0.036101083032491,0.0002018292747133,0.0397111913357399,0.0005246746799746,0.0433212996389891,0.0003232142546477,1.0,1.0,0.0,0.0,0.0
65,10:11:15,3,0.0288808664259927,13395.0,0.0270758122743681,0.0252707581227435,7.747433867953203e-05,0.0216606498194946,0.0002029789351389,0.0180505415162455,0.0001296242129844,0.0144404332129963,8.328651083108802e-05,0.0108303249097472,0.0001961448426091,0.0288808664259927,0.0001156366778065,0.0324909747292418,0.0001457513939544,0.036101083032491,0.0002018292747133,0.0397111913357399,0.0005175851073501,0.0433212996389891,0.0003232142546477,1.0,1.0,0.0,0.0,0.0
65,10:11:18,3,0.0288808664259927,15623.0,0.0270758122743681,0.0252707581227435,8.395714607934447e-05,0.0216606498194946,0.0002029789351389,0.0180505415162455,0.0001307419383981,0.0144404332129963,8.328651083108802e-05,0.0108303249097472,0.0001961448426091,0.0288808664259927,0.0001166585981848,0.0324909747292418,0.0001468691193681,0.036101083032491,0.0001887039848546,0.0397111913357399,0.0005175851073501,0.0433212996389891,0.0003232142546477,1.0,1.0,0.0,0.0,0.0
65,10:11:21,3,0.0288808664259927,126950.0,0.0270758122743681,0.0252707581227435,7.134281640975868e-05,0.0216606498194946,0.0002029789351389,0.0180505415162455,0.0001307419383981,0.0144404332129963,8.328651083108802e-05,0.0108303249097472,0.0001961448426091,0.0288808664259927,0.0001297200180198,0.0324909747292418,0.0001468691193681,0.036101083032491,0.0001892468800556,0.0397111913357399,0.0005182876776102,0.0433212996389891,0.0003232142546477,1.0,0.0,0.0,0.0,0.0
65,10:11:24,3,0.0252707581227435,5685.0,0.0270758122743681,0.0252707581227435,7.086379123243263e-05,0.0216606498194946,0.0002029789351389,0.0180505415162455,0.0001307419383981,0.0144404332129963,8.328651083108802e-05,0.0108303249097472,0.0001961448426091,0.0288808664259927,0.0001304225882799,0.0324909747292418,0.0001468691193681,0.036101083032491,0.0001924403812377,0.0397111913357399,0.0005115813251277,0.0433212996389891,0.0003232142546477,1.0,0.0,0.0,0.0,0.0
65,10:11:27,3,0.0288808664259927,25365.0,0.0270758122743681,0.0252707581227435,7.597339312391043e-05,0.0216606498194946,0.0002029789351389,0.0180505415162455,0.0001307419383981,0.0144404332129963,8.328651083108802e-05,0.0108303249097472,0.0001961448426091,0.0288808664259927,0.0001275803722278,0.0324909747292418,0.0001468691193681,0.036101083032491,0.0001924403812377,0.0397111913357399,0.0005115813251277,0.0433212996389891,0.0003232142546477,1.0,0.0,0.0,0.0,0.0
65,10:11:30,3,0.0288808664259927,30160.0,0.0270758122743681,0.0252707581227435,7.632467825394953e-05,0.0216606498194946,0.0001983802934366,0.0180505415162455,0.0001291451878071,0.0144404332129963,8.328651083108802e-05,0.0108303249097472,0.0001961448426091,0.0288808664259927,0.0001394282616137,0.0324909747292418,0.0001468691193681,0.036101083032491,0.0001924403812377,0.0397111913357399,0.0005115813251277,0.0433212996389891,0.0003232142546477,1.0,0.0,0.0,0.0,0.0
65,10:11:33,3,0.0288808664259927,10545.0,0.0270758122743681,0.0252707581227435,7.811303891596675e-05,0.0216606498194946,0.0001974222430819,0.0180505415162455,0.0001291451878071,0.0144404332129963,8.328651083108802e-05,0.0108303249097472,0.0001961448426091,0.0288808664259927,0.0001382466661762,0.0324909747292418,0.0001566092979737,0.036101083032491,0.0001913545908358,0.0397111913357399,0.0005110064949149,0.0433212996389891,0.0003200207534656,1.0,0.0,0.0,0.0,0.0
65,10:11:36,3,0.0288808664259927,5700.0,0.0270758122743681,0.0252707581227435,7.881560917604495e-05,0.0216606498194946,0.0001974222430819,0.0180505415162455,0.0001291451878071,0.0144404332129963,8.328651083108802e-05,0.0108303249097472,0.0001961448426091,0.0288808664259927,0.0001570883231511,0.0324909747292418,0.0001566092979737,0.036101083032491,0.0001919932910722,0.0397111913357399,0.0005142638661207,0.0433212996389891,0.0003174659525198,0.0,0.0,0.0,0.0,0.0
65,10:11:39,3,0.0288808664259927,0.0,0.0270758122743681,0.0252707581227435,7.897528423515362e-05,0.0216606498194946,0.0001974222430819,0.0180505415162455,0.0001291451878071,0.0144404332129963,8.328651083108802e-05,0.0108303249097472,0.0001955061423726,0.0288808664259927,0.0001676268770522,0.0324909747292418,0.0001566092979737,0.036101083032491,0.0001919932910722,0.0397111913357399,0.0005137848409434,0.0433212996389891,0.0003174659525198,0.0,0.0,0.0,0.0,0.0
65,10:11:42,3,0.0252707581227435,557213.0,0.0270758122743681,0.0252707581227435,1.647846610001588e-05,0.0216606498194946,0.0001993383437912,0.0180505415162455,0.0001303267832445,0.0144404332129963,8.392521106752275e-05,0.0108303249097472,0.0002007115492996,0.0288808664259927,0.0001745248396057,0.0324909747292418,0.0001566092979737,0.036101083032491,0.0001915781359185,0.0397111913357399,0.0005137848409434,0.0433212996389891,0.000316188552047,0.0,0.0,0.0,0.0,0.0
65,10:11:45,3,0.0288808664259927,75861.0,0.0270758122743681,0.0252707581227435,1.219917451590323e-05,0.0216606498194946,0.0001993383437912,0.0180505415162455,0.0001303267832445,0.0144404332129963,8.392521106752275e-05,0.0108303249097472,0.0002007115492996,0.0288808664259927,0.0001739500093929,0.0324909747292418,0.0001566092979737,0.036101083032491,0.0001915781359185,0.0397111913357399,0.0005137848409434,0.0433212996389891,0.000316188552047,0.0,0.0,0.0,0.0,0.0
65,10:11:48,3,0.0288808664259927,63383.0,0.0270758122743681,0.0252707581227435,7.82407789632537e-06,0.0216606498194946,0.0002029470001271,0.0180505415162455,0.0001303267832445,0.0144404332129963,8.392521106752275e-05,0.0108303249097472,0.0002007115492996,0.0288808664259927,0.0001769199654924,0.0324909747292418,0.0001566092979737,0.036101083032491,0.0001959851675499,0.0397111913357399,0.0005133377507779,0.0433212996389891,0.000316188552047,0.0,0.0,0.0,0.0,0.0
65,10:11:51,3,0.0252707581227435,95140.0,0.023465703971119,0.0216606498194946,0.0002031705452098,0.0180505415162455,0.0001303267832445,0.0144404332129963,8.523454655221393e-05,0.0108303249097472,0.0002026276500089,0.0072202166064982,4.474095156225242e-05,0.0252707581227435,2.77834602849105e-06,0.0288808664259927,0.0001769519005042,0.0324909747292418,0.0001566092979737,0.036101083032491,0.0001959851675499,0.0397111913357399,0.0005133377507779,1.0,1.0,1.0,0.0,0.0
65,10:11:54,3,0.0288808664259927,54534.0,0.023465703971119,0.0216606498194946,0.0002031705452098,0.0180505415162455,0.0001303267832445,0.0144404332129963,8.45958463157792e-05,0.0108303249097472,0.0002001686540986,0.0072202166064982,4.474095156225242e-05,0.0252707581227435,1.1847889385864132e-05,0.0288808664259927,0.0001746845146648,0.0324909747292418,0.0001566092979737,0.036101083032491,0.0001956658174317,0.0397111913357399,0.0005146151512507,1.0,1.0,1.0,0.0,0.0
65,10:11:57,3,0.0288808664259927,0.0,0.023465703971119,0.0216606498194946,0.0002033302202689,0.0180505415162455,0.0001303267832445,0.0144404332129963,8.45958463157792e-05,0.0108303249097472,0.0001992106037439,0.0072202166064982,4.474095156225242e-05,0.0252707581227435,2.404706390176736e-05,0.0288808664259927,0.0001771754455869,0.0324909747292418,0.0001583657236239,0.036101083032491,0.0001956658174317,0.0397111913357399,0.0005146151512507,1.0,1.0,1.0,0.0,0.0
65,10:12:00,3,0.0252707581227435,4260.0,0.023465703971119,0.0216606498194946,0.0002039689205054,0.0180505415162455,0.0001302948482326,0.0144404332129963,8.45958463157792e-05,0.0108303249097472,0.0001976777231765,0.0072202166064982,4.474095156225242e-05,0.0252707581227435,3.132824659712322e-05,0.0288808664259927,0.0001771754455869,0.0324909747292418,0.0001589724888486,0.036101083032491,0.0001956658174317,0.0397111913357399,0.0005146151512507,1.0,1.0,1.0,0.0,0.0
65,10:12:03,3,0.0216606498194946,49686.0,0.023465703971119,0.0216606498194946,0.0002052782559901,0.0180505415162455,0.0001303906532681,0.0144404332129963,8.45958463157792e-05,0.0108303249097472,0.0001976777231765,0.0072202166064982,4.474095156225242e-05,0.0252707581227435,2.950795092328425e-05,0.0288808664259927,0.0001771754455869,0.0324909747292418,0.0001585892687067,0.036101083032491,0.0001956658174317,0.0397111913357399,0.0005146151512507,1.0,1.0,1.0,1.0,0.0
65,10:12:06,3,0.0252707581227435,108772.0,0.023465703971119,0.0216606498194946,0.0002116013883308,0.0180505415162455,0.0001303906532681,0.0144404332129963,8.45958463157792e-05,0.0108303249097472,0.0001976777231765,0.0072202166064982,4.474095156225242e-05,0.0252707581227435,1.7532321490133174e-05,0.0288808664259927,0.0001692555626552,0.0324909747292418,0.0001579505684703,0.036101083032491,0.0001956658174317,0.0397111913357399,0.0005146151512507,1.0,1.0,1.0,1.0,0.0
65,10:12:09,3,0.0252707581227435,31524.0,0.023465703971119,0.0216606498194946,0.0002116013883308,0.0180505415162455,0.0001302948482326,0.0144404332129963,8.45958463157792e-05,0.0108303249097472,0.0001976777231765,0.0072202166064982,4.474095156225242e-05,0.0252707581227435,1.3987535177920457e-05,0.0288808664259927,0.0001708523132462,0.0324909747292418,0.0001597069941205,0.036101083032491,0.0001956658174317,0.0397111913357399,0.0005146470862625,1.0,1.0,1.0,0.0,0.0
65,10:12:12,3,0.0252707581227435,59176.0,0.023465703971119,0.0216606498194946,0.0002058850212147,0.0180505415162455,0.0001302948482326,0.0144404332129963,8.45958463157792e-05,0.0108303249097472,0.0001976777231765,0.0072202166064982,4.633770215333923e-05,0.0252707581227435,1.3061419835090108e-05,0.0288808664259927,0.0001761854602205,0.0324909747292418,0.0001595473190613,0.036101083032491,0.0001956658174317,0.0397111913357399,0.0005146470862625,1.0,1.0,1.0,0.0,0.0
65,10:12:15,3,0.0252707581227435,7668.0,0.023465703971119,0.0216606498194946,0.0002073540317585,0.0180505415162455,0.0001302948482326,0.0144404332129963,8.45958463157792e-05,0.0108303249097472,0.0001976777231765,0.0072202166064982,4.633770215333923e-05,0.0252707581227435,1.539267569807685e-05,0.0288808664259927,0.0001788999362253,0.0324909747292418,0.0001595473190613,0.036101083032491,0.00019633645268,0.0397111913357399,0.0005140083860261,1.0,1.0,0.0,0.0,0.0
65,10:12:18,3,0.0252707581227435,73793.0,0.023465703971119,0.0216606498194946,0.0002061724363211,0.0180505415162455,0.0001321470789183,0.0144404332129963,8.45958463157792e-05,0.0108303249097472,0.0001976777231765,0.0072202166064982,4.633770215333923e-05,0.0252707581227435,8.9098682982644e-06,0.0288808664259927,0.0001792192863435,0.0324909747292418,0.0001595473190613,0.036101083032491,0.00019633645268,0.0397111913357399,0.0005147748263098,1.0,1.0,0.0,0.0,0.0
65,10:12:21,3,0.0252707581227435,249120.0,0.023465703971119,0.0216606498194946,0.0001800176616391,0.0180505415162455,0.0001321470789183,0.0144404332129963,8.363779596112711e-05,0.0108303249097472,0.0001976777231765,0.0072202166064982,4.633770215333923e-05,0.0252707581227435,7.025702600781964e-06,0.0288808664259927,0.0001804966868164,0.0324909747292418,0.0001595473190613,0.036101083032491,0.00019633645268,0.0397111913357399,0.0005144554761916,1.0,1.0,0.0,0.0,0.0
65,10:12:24,3,0.0216606498194946,66818.0,0.023465703971119,0.0216606498194946,0.0001749080597476,0.0180505415162455,0.0001321470789183,0.0144404332129963,8.363779596112711e-05,0.0108303249097472,0.0001983164234129,0.0072202166064982,4.633770215333923e-05,0.0252707581227435,7.887947919968842e-06,0.0288808664259927,0.0001804966868164,0.0324909747292418,0.0001583657236239,0.036101083032491,0.0001944203519707,0.0397111913357399,0.0005144554761916,1.0,1.0,0.0,0.0,0.0
65,10:12:27,3,0.0216606498194946,12452.0,0.023465703971119,0.0216606498194946,0.0001749399947594,0.0180505415162455,0.0001321470789183,0.0144404332129963,8.983318825454394e-05,0.0108303249097472,0.0001983164234129,0.0072202166064982,4.633770215333923e-05,0.0252707581227435,1.5871700875402892e-05,0.0288808664259927,0.0001901091253747,0.0324909747292418,0.0001583657236239,0.036101083032491,0.0001944203519707,0.0397111913357399,0.0005144554761916,1.0,1.0,0.0,0.0,0.0
65,10:12:30,3,0.0252707581227435,4534.0,0.023465703971119,0.0216606498194946,0.0001756425650195,0.0180505415162455,0.0001289535777361,0.0144404332129963,8.983318825454394e-05,0.0108303249097472,0.0001983164234129,0.0072202166064982,4.633770215333923e-05,0.0252707581227435,1.6254921017263727e-05,0.0288808664259927,0.0001902688004339,0.0324909747292418,0.0001584934636712,0.036101083032491,0.0001962725826563,0.0397111913357399,0.0005145193462153,1.0,1.0,0.0,0.0,0.0
65,10:12:33,3,0.0252707581227435,1136.0,0.023465703971119,0.0216606498194946,0.0001692555626552,0.0180505415162455,0.0001289535777361,0.0144404332129963,8.983318825454394e-05,0.0108303249097472,0.0001983164234129,0.0072202166064982,4.633770215333923e-05,0.0252707581227435,1.7436516454667966e-05,0.0288808664259927,0.0001902688004339,0.0324909747292418,0.0001584934636712,0.036101083032491,0.0001962725826563,0.0397111913357399,0.0005145193462153,1.0,1.0,1.0,0.0,0.0
65,10:12:36,3,0.0252707581227435,6532.0,0.023465703971119,0.0216606498194946,0.0001709800532935,0.0180505415162455,0.0001289535777361,0.0144404332129963,8.983318825454394e-05,0.0108303249097472,0.0001983164234129,0.0072202166064982,4.697640238977395e-05,0.0252707581227435,1.7468451466489704e-05,0.0288808664259927,0.0001902688004339,0.0324909747292418,0.0001584934636712,0.036101083032491,0.0001962725826563,0.0397111913357399,0.0005145193462153,1.0,1.0,1.0,0.0,0.0
65,10:12:39,3,0.0216606498194946,7940.0,0.023465703971119,0.0216606498194946,0.0001704371580926,0.0180505415162455,0.0001289535777361,0.0144404332129963,8.983318825454394e-05,0.0108303249097472,0.0001983164234129,0.0072202166064982,4.697640238977395e-05,0.0252707581227435,1.791554163199401e-05,0.0288808664259927,0.000189885580292,0.0324909747292418,0.0001572479982102,0.036101083032491,0.0001965919327746,0.0397111913357399,0.0005199802332368,1.0,1.0,1.0,0.0,0.0
65,10:12:42,3,0.0252707581227435,43168.0,0.023465703971119,0.0216606498194946,0.0001737264643102,0.0180505415162455,0.0001286342276179,0.0144404332129963,9.302668943671755e-05,0.0108303249097472,0.0001983164234129,0.0072202166064982,4.697640238977395e-05,0.0252707581227435,1.4722040449820387e-05,0.0288808664259927,0.000189885580292,0.0324909747292418,0.0001572479982102,0.036101083032491,0.0001965919327746,0.0397111913357399,0.000521193763686,1.0,1.0,0.0,0.0,0.0
65,10:12:45,3,0.0252707581227435,82901.0,0.023465703971119,0.0216606498194946,0.000172864218991,0.0180505415162455,0.0001286342276179,0.0144404332129963,9.462344002780436e-05,0.0108303249097472,0.0001983164234129,0.0072202166064982,4.697640238977395e-05,0.0252707581227435,6.450872387990713e-06,0.0288808664259927,0.000189885580292,0.0324909747292418,0.0001572479982102,0.036101083032491,0.0001965919327746,0.0397111913357399,0.0005215131138042,1.0,0.0,0.0,0.0,0.0
65,10:12:48,3,0.0216606498194946,11609.0,0.023465703971119,0.0216606498194946,0.0001720658436955,0.0180505415162455,0.0001277719822987,0.0144404332129963,9.462344002780436e-05,0.0108303249097472,0.0001985080334839,0.0072202166064982,4.697640238977395e-05,0.0252707581227435,1.2646264681407536e-05,0.0288808664259927,0.0001895662301738,0.0324909747292418,0.0001572479982102,0.036101083032491,0.0001965919327746,0.0397111913357399,0.0005215131138042,1.0,0.0,0.0,0.0,0.0
65,10:12:51,3,0.0216606498194946,632371.0,0.023465703971119,0.0216606498194946,0.0001070780946382,0.0180505415162455,0.0001277719822987,0.0144404332129963,9.462344002780436e-05,0.0108303249097472,0.0001985080334839,0.0072202166064982,4.697640238977395e-05,0.0252707581227435,2.0470342577732907e-05,0.0288808664259927,0.0001908436306466,0.0324909747292418,0.0001572479982102,0.036101083032491,0.0001965919327746,0.0397111913357399,0.0005215131138042,1.0,0.0,0.0,0.0,0.0
65,10:12:54,3,0.0216606498194946,855807.0,0.023465703971119,0.0216606498194946,1.1496604255825031e-05,0.0180505415162455,0.0001277719822987,0.0144404332129963,9.4304089909587e-05,0.0108303249097472,0.0001986996435548,0.0072202166064982,4.713607744888264e-05,0.0252707581227435,2.692121496572362e-05,0.0288808664259927,0.0001908436306466,0.0324909747292418,0.0001572479982102,0.036101083032491,0.0001973264380465,0.0397111913357399,0.0005215131138042,1.0,0.0,0.0,0.0,0.0
65,10:12:57,3,0.0216606498194946,32264.0,0.023465703971119,0.0216606498194946,8.23923305000794e-06,0.0180505415162455,0.0001300074331262,0.0144404332129963,9.558149038245646e-05,0.0108303249097472,0.0001996576939094,0.0072202166064982,4.713607744888264e-05,0.0252707581227435,2.7815395296732238e-05,0.0288808664259927,0.0001921210311195,0.0324909747292418,0.0001572479982102,0.036101083032491,0.0001992425387558,0.0397111913357399,0.0005215131138042,1.0,0.0,0.0,0.0,0.0
65,10:13:00,3,0.0216606498194946,191518.0,0.023465703971119,0.0216606498194946,1.009146373566864e-05,0.0180505415162455,0.0001306461333627,0.0144404332129963,0.0001080042099811,0.0108303249097472,0.0001996576939094,0.0072202166064982,4.713607744888264e-05,0.0252707581227435,1.8873591986646092e-05,0.0288808664259927,0.0001916100709304,0.0324909747292418,0.0001551722224418,0.036101083032491,0.0001994022138149,0.0397111913357399,0.0005215131138042,0.0,0.0,0.0,0.0,0.0
65,10:13:03,3,0.0216606498194946,63785.0,0.023465703971119,0.0216606498194946,6.418937376168977e-06,0.0180505415162455,0.00013112515854,0.0144404332129963,0.0001080042099811,0.0108303249097472,0.0001996576939094,0.0072202166064982,4.713607744888264e-05,0.0252707581227435,1.5680090804472474e-05,0.0288808664259927,0.0001891510750201,0.0324909747292418,0.0001551722224418,0.036101083032491,0.0001994022138149,0.0397111913357399,0.0005215131138042,0.0,1.0,1.0,0.0,0.0
65,10:13:06,3,0.0216606498194946,5660.0,0.023465703971119,0.0216606498194946,1.3093354846911843e-05,0.0180505415162455,0.0001334244793912,0.0144404332129963,0.0001080042099811,0.0108303249097472,0.0001996576939094,0.0072202166064982,4.713607744888264e-05,0.0252707581227435,2.177967806242409e-05,0.0288808664259927,0.0001891510750201,0.0324909747292418,0.0001551722224418,0.036101083032491,0.0001994022138149,0.0397111913357399,0.0005215131138042,0.0,1.0,1.0,0.0,0.0
65,10:13:09,3,0.0216606498194946,76976.0,0.023465703971119,0.0216606498194946,8.23923305000794e-06,0.0180505415162455,0.0001331051292729,0.0144404332129963,0.0001080042099811,0.0108303249097472,0.000201893144737,0.0072202166064982,4.713607744888264e-05,0.0252707581227435,6.67761097192504e-05,0.0288808664259927,0.000189885580292,0.0324909747292418,0.000153703211898,0.036101083032491,0.0001994022138149,0.0397111913357399,0.0005146151512507,0.0,1.0,0.0,0.0,0.0
65,10:13:12,3,0.0216606498194946,36224.0,0.023465703971119,0.0216606498194946,4.247356572290915e-06,0.0180505415162455,0.0001331051292729,0.0144404332129963,0.0001080042099811,0.0108303249097472,0.0002017973397015,0.0072202166064982,4.713607744888264e-05,0.0252707581227435,6.741480995568512e-05,0.0288808664259927,0.000189885580292,0.0324909747292418,0.000153703211898,0.036101083032491,0.0001994022138149,0.0397111913357399,0.0005146151512507,0.0,0.0,0.0,0.0,0.0
65,10:13:15,3,0.0216606498194946,44449.0,0.01985559566787,0.0180505415162455,0.0001333606093675,0.0144404332129963,0.0001080042099811,0.0108303249097472,0.0002017973397015,0.0072202166064982,4.713607744888264e-05,0.0036101083032489,0.0001084193651347,0.0216606498194946,3.065761134886676e-06,0.0252707581227435,5.147923905663876e-05,0.0288808664259927,0.0001903646054693,0.0324909747292418,0.0001526812915197,0.036101083032491,0.0001994022138149,1.0,1.0,1.0,0.0,1.0
65,10:13:18,3,0.0216606498194946,53033.0,0.01985559566787,0.0180505415162455,0.0001280593974051,0.0144404332129963,0.0001084513001466,0.0108303249097472,0.000199561888874,0.0072202166064982,4.713607744888264e-05,0.0036101083032489,0.0001084193651347,0.0216606498194946,8.335038085473149e-06,0.0252707581227435,5.1511174068460494e-05,0.0288808664259927,0.0001919613560604,0.0324909747292418,0.0001526812915197,0.036101083032491,0.0001987635135784,2.0,1.0,1.0,0.0,1.0
65,10:13:21,3,0.0216606498194946,50657.0,0.01985559566787,0.0180505415162455,0.0001293687328898,0.0144404332129963,0.0001084513001466,0.0108303249097472,0.0002011586394651,0.0072202166064982,4.713607744888264e-05,0.0036101083032489,0.0001084193651347,0.0216606498194946,1.1911759409507604e-05,0.0252707581227435,5.38104949196255e-05,0.0288808664259927,0.0001919613560604,0.0324909747292418,0.0001526812915197,0.036101083032491,0.0001987635135784,2.0,1.0,1.0,0.0,1.0
65,10:13:24,3,0.0180505415162455,21160.0,0.01985559566787,0.0180505415162455,0.0001272929571214,0.0144404332129963,0.0001085151701702,0.0108303249097472,0.0002008392893468,0.0072202166064982,4.713607744888264e-05,0.0036101083032489,0.0001084193651347,0.0216606498194946,1.3827860118811776e-05,0.0252707581227435,5.269276950586473e-05,0.0288808664259927,0.0001919613560604,0.0324909747292418,0.0001526812915197,0.036101083032491,0.0001987635135784,2.0,1.0,1.0,0.0,1.0
65,10:13:27,3,0.0216606498194946,87447.0,0.01985559566787,0.0180505415162455,0.0001320832088947,0.0144404332129963,0.0001083235600993,0.0108303249097472,0.0002008392893468,0.0072202166064982,4.713607744888264e-05,0.0036101083032489,0.0001084193651347,0.0216606498194946,4.949926832369111e-06,0.0252707581227435,5.428952009695154e-05,0.0288808664259927,0.0001929832764387,0.0324909747292418,0.0001526812915197,0.036101083032491,0.0001987635135784,1.0,1.0,1.0,0.0,1.0
65,10:13:30,3,0.0180505415162455,3960.0,0.01985559566787,0.0180505415162455,0.0001254087914239,0.0144404332129963,0.0001083235600993,0.0108303249097472,0.0002008392893468,0.0072202166064982,4.713607744888264e-05,0.0036101083032489,0.0001084193651347,0.0216606498194946,4.949926832369111e-06,0.0252707581227435,5.333146974229946e-05,0.0288808664259927,0.0001929832764387,0.0324909747292418,0.000152617421496,0.036101083032491,0.0001987635135784,1.0,1.0,1.0,0.0,1.0
65,10:13:33,3,0.0216606498194946,44148.0,0.023465703971119,0.0216606498194946,5.7163671160907805e-06,0.0180505415162455,0.0001260474916603,0.0144404332129963,0.000107301639721,0.0108303249097472,0.000201350249536,0.0072202166064982,4.713607744888264e-05,0.0252707581227435,5.333146974229946e-05,0.0288808664259927,0.000193462301616,0.0324909747292418,0.0001514996960823,0.036101083032491,0.0001991786687321,0.0397111913357399,0.0005198844282013,0.0,1.0,0.0,0.0,0.0
65,10:13:36,3,0.0216606498194946,3113.0,0.023465703971119,0.0216606498194946,6.323132340703768e-06,0.0180505415162455,0.000126111361684,0.0144404332129963,0.0001075890548274,0.0108303249097472,0.0002010308994178,0.0072202166064982,4.713607744888264e-05,0.0252707581227435,5.2117939293073486e-05,0.0288808664259927,0.000190428475493,0.0324909747292418,0.0001514996960823,0.036101083032491,0.0001972625680228,0.0397111913357399,0.0005198844282013,0.0,1.0,0.0,0.0,0.0
65,10:13:39,3,0.0216606498194946,55472.0,0.023465703971119,0.0216606498194946,8.941803310086137e-07,0.0180505415162455,0.0001286661626297,0.0144404332129963,0.0001075890548274,0.0108303249097472,0.0002010308994178,0.0072202166064982,4.713607744888264e-05,0.0252707581227435,5.487712431447149e-05,0.0288808664259927,0.0001778460808352,0.0324909747292418,0.0001514996960823,0.036101083032491,0.0001972625680228,0.0397111913357399,0.0005198844282013,0.0,0.0,0.0,0.0,0.0
65,10:13:42,3,0.0216606498194946,7924.0,0.01985559566787,0.0180505415162455,0.000129879693079,0.0144404332129963,0.0001075890548274,0.0108303249097472,0.0002011905744769,0.0072202166064982,4.713607744888264e-05,0.0036101083032489,0.0001133373569553,0.0216606498194946,4.5986417023300135e-06,0.0252707581227435,5.727225020110171e-05,0.0288808664259927,0.0001794428314263,0.0324909747292418,0.0001514996960823,0.036101083032491,0.0001974222430819,1.0,1.0,1.0,0.0,1.0
65,10:13:45,3,0.0216606498194946,40186.0,0.01985559566787,0.0180505415162455,0.000129879693079,0.0144404332129963,0.0001080680800047,0.0108303249097472,0.0002011905744769,0.0072202166064982,4.713607744888264e-05,0.0036101083032489,0.0001134970320144,0.0216606498194946,1.916100709304172e-06,0.0252707581227435,5.727225020110171e-05,0.0288808664259927,0.0001794428314263,0.0324909747292418,0.0001514996960823,0.036101083032491,0.0001866282090862,1.0,1.0,1.0,1.0,1.0
65,10:13:48,3,0.0216606498194946,7075.0,0.01985559566787,0.0180505415162455,0.0001300393681381,0.0144404332129963,0.0001144550823691,0.0108303249097472,0.0002040008555172,0.0072202166064982,4.713607744888264e-05,0.0036101083032489,0.0001167224682084,0.0216606498194946,1.8043281679280957e-05,0.0252707581227435,9.572200443447208e-05,0.0288808664259927,0.0001799218566036,0.0324909747292418,0.0001514996960823,0.036101083032491,0.0001866282090862,2.0,1.0,1.0,1.0,1.0
65,10:13:51,3,0.0216606498194946,110370.0,0.01985559566787,0.0180505415162455,0.0001332328693202,0.0144404332129963,0.0001143912123454,0.0108303249097472,0.0002040008555172,0.0072202166064982,4.713607744888264e-05,0.0036101083032489,0.000118223413764,0.0216606498194946,6.259262317060296e-06,0.0252707581227435,9.5977484529046e-05,0.0288808664259927,0.0001799218566036,0.0324909747292418,0.0001514996960823,0.036101083032491,0.0001882249596773,2.0,1.0,1.0,1.0,1.0
65,10:13:54,3,0.0216606498194946,20942.0,0.01985559566787,0.0180505415162455,0.0001333286743557,0.0144404332129963,0.0001143912123454,0.0108303249097472,0.0002043202056354,0.0072202166064982,4.713607744888264e-05,0.0036101083032489,0.000118223413764,0.0216606498194946,4.055746501360498e-06,0.0252707581227435,0.0001049512228509,0.0288808664259927,0.00018056055684,0.0324909747292418,0.0001526812915197,0.036101083032491,0.0001882249596773,1.0,1.0,1.0,1.0,1.0
65,10:13:57,3,0.0216606498194946,1415.0,0.01985559566787,0.0180505415162455,0.0001349254249468,0.0144404332129963,0.0001143912123454,0.0108303249097472,0.0002043202056354,0.0072202166064982,4.713607744888264e-05,0.0036101083032489,0.000118223413764,0.0216606498194946,4.023811489538761e-06,0.0252707581227435,0.0001057815331583,0.0288808664259927,0.0001913545908358,0.0324909747292418,0.0001555554425836,0.036101083032491,0.0001882249596773,1.0,1.0,1.0,1.0,1.0
65,10:14:00,3,0.0216606498194946,35941.0,0.01985559566787,0.0180505415162455,0.0001349254249468,0.0144404332129963,0.0001143912123454,0.0108303249097472,0.0002046395557536,0.0072202166064982,4.713607744888264e-05,0.0036101083032489,0.000118223413764,0.0216606498194946,1.59675059108681e-07,0.0252707581227435,0.0001057815331583,0.0288808664259927,0.0001977415932001,0.0324909747292418,0.0001555554425836,0.036101083032491,0.0001882249596773,1.0,1.0,1.0,1.0,1.0
65,10:14:03,3,0.0216606498194946,876940.0,0.023465703971119,0.0216606498194946,1.373205508334657e-06,0.0180505415162455,3.9120389481626846e-05,0.0144404332129963,0.0001143912123454,0.0108303249097472,0.0002046395557536,0.0072202166064982,4.713607744888264e-05,0.0252707581227435,0.0001055899230873,0.0288808664259927,0.0001977415932001,0.0324909747292418,0.0001552360924654,0.036101083032491,0.0001882249596773,0.0397111913357399,0.0005191179879176,0.0,0.0,0.0,0.0,1.0
65,10:14:06,3,0.0216606498194946,6792.0,0.023465703971119,0.0216606498194946,5.04573186783432e-06,0.0180505415162455,4.237776068744394e-05,0.0144404332129963,0.0001150299125818,0.0108303249097472,0.0002078330569358,0.0072202166064982,4.713607744888264e-05,0.0252707581227435,0.0001052067029455,0.0288808664259927,0.0002137410341228,0.0324909747292418,0.0001552360924654,0.036101083032491,0.0001882249596773,0.0397111913357399,0.0005187347677757,0.0,0.0,0.0,0.0,1.0
65,10:14:09,3,0.0216606498194946,64236.0,0.01985559566787,0.0180505415162455,4.167519042736575e-05,0.0144404332129963,0.0001150299125818,0.0108303249097472,0.0002078330569358,0.0072202166064982,4.713607744888264e-05,0.0036101083032489,0.000118223413764,0.0216606498194946,2.171580803878062e-06,0.0252707581227435,0.0001016299816214,0.0288808664259927,0.0002138049041465,0.0324909747292418,0.0001552360924654,0.036101083032491,0.0001778141458234,1.0,1.0,1.0,1.0,2.0
65,10:14:12,3,0.0216606498194946,3113.0,0.01985559566787,0.0180505415162455,4.151551536825706e-05,0.0144404332129963,0.0001150299125818,0.0108303249097472,0.000208152407054,0.0072202166064982,4.873282803996944e-05,0.0036101083032489,0.000118223413764,0.0216606498194946,1.916100709304172e-06,0.0252707581227435,8.422540017864706e-05,0.0288808664259927,0.0002067792015457,0.0324909747292418,0.0001552360924654,0.036101083032491,0.0001766006153742,1.0,1.0,1.0,1.0,2.0
65,10:14:15,3,0.0180505415162455,25723.0,0.01985559566787,0.0180505415162455,4.055746501360498e-05,0.0144404332129963,0.0001150299125818,0.0108303249097472,0.0002087911072905,0.0072202166064982,4.873282803996944e-05,0.0036101083032489,0.000118223413764,0.0216606498194946,5.077666879656056e-06,0.0252707581227435,8.192607932748206e-05,0.0288808664259927,0.0002044798806945,0.0324909747292418,0.0001559067277137,0.036101083032491,0.0001766006153742,1.0,1.0,0.0,1.0,2.0
65,10:14:18,3,0.0216606498194946,35891.0,0.01985559566787,0.0180505415162455,3.975908971806157e-05,0.0144404332129963,0.0001150299125818,0.0108303249097472,0.0002087911072905,0.0072202166064982,4.873282803996944e-05,0.0036101083032489,0.000118223413764,0.0216606498194946,2.9380210875997307e-06,0.0252707581227435,8.192607932748206e-05,0.0288808664259927,0.0002012863795124,0.0324909747292418,0.0001575034783048,0.036101083032491,0.0001766006153742,1.0,1.0,0.0,1.0,2.0
65,10:14:21,3,0.0216606498194946,0.0,0.01985559566787,0.0180505415162455,4.0174244871744144e-05,0.0144404332129963,0.0001150299125818,0.0108303249097472,0.000209046587385,0.0072202166064982,4.873282803996944e-05,0.0036101083032489,0.000118223413764,0.0216606498194946,7.664402837216689e-06,0.0252707581227435,8.192607932748206e-05,0.0288808664259927,0.0002012863795124,0.0324909747292418,0.0001575034783048,0.036101083032491,0.0001766006153742,1.0,1.0,0.0,1.0,2.0
65,10:14:24,3,0.0216606498194946,0.0,0.01985559566787,0.0180505415162455,4.027004990720935e-05,0.0144404332129963,0.0001150299125818,0.0108303249097472,0.0002098130276688,0.0072202166064982,4.873282803996944e-05,0.0036101083032489,0.000118223413764,0.0216606498194946,8.814063262799192e-06,0.0252707581227435,8.192607932748206e-05,0.0288808664259927,0.000202244429867,0.0324909747292418,0.0001575034783048,0.036101083032491,0.0001756745000313,1.0,1.0,0.0,1.0,2.0
65,10:14:27,3,0.0216606498194946,5660.0,0.01985559566787,0.0180505415162455,4.0174244871744144e-05,0.0144404332129963,0.0001150299125818,0.0108303249097472,0.0002104517279052,0.0072202166064982,4.873282803996944e-05,0.0036101083032489,0.000118223413764,0.0216606498194946,8.23923305000794e-06,0.0252707581227435,8.224542944569942e-05,0.0288808664259927,0.000202244429867,0.0324909747292418,0.0001575034783048,0.036101083032491,0.0001756745000313,1.0,1.0,0.0,1.0,1.0
65,10:14:30,3,0.0216606498194946,14316.0,0.01985559566787,0.0180505415162455,4.037862894740326e-05,0.0144404332129963,0.0001150937826055,0.0108303249097472,0.0002104517279052,0.0072202166064982,4.873282803996944e-05,0.0036101083032489,0.0001188621140005,0.0216606498194946,7.696337849038426e-06,0.0252707581227435,8.454475029686443e-05,0.0288808664259927,0.000202244429867,0.0324909747292418,0.0001575034783048,0.036101083032491,0.0001756745000313,1.0,1.0,0.0,1.0,1.0
65,10:14:33,3,0.0216606498194946,2830.0,0.01985559566787,0.0180505415162455,4.136861431387708e-05,0.0144404332129963,0.0001156366778065,0.0108303249097472,0.0002097491576451,0.0072202166064982,4.873282803996944e-05,0.0036101083032489,0.0001188621140005,0.0216606498194946,7.472792766286272e-06,0.0252707581227435,8.943080710559006e-05,0.0288808664259927,0.0002022124948552,0.0324909747292418,0.0001574715432929,0.036101083032491,0.0001757064350431,1.0,1.0,0.0,1.0,1.0
65,10:14:36,3,0.0180505415162455,57531.0,0.01985559566787,0.0180505415162455,3.667416757608186e-05,0.0144404332129963,0.0001156366778065,0.0108303249097472,0.0002097491576451,0.0072202166064982,4.873282803996944e-05,0.0036101083032489,0.0001188621140005,0.0216606498194946,1.1879824397685868e-05,0.0252707581227435,8.943080710559006e-05,0.0288808664259927,0.0002025318449734,0.0324909747292418,0.0001574715432929,0.036101083032491,0.0001750677348067,1.0,1.0,0.0,1.0,1.0
65,10:14:39,3,0.0216606498194946,44895.0,0.01985559566787,0.0180505415162455,4.68614363472157e-05,0.0144404332129963,0.0001156366778065,0.0108303249097472,0.0002097491576451,0.0072202166064982,4.873282803996944e-05,0.0036101083032489,0.000119309204166,0.0216606498194946,1.3348834941485731e-05,0.0252707581227435,8.943080710559006e-05,0.0288808664259927,0.0002025318449734,0.0324909747292418,0.0001574715432929,0.036101083032491,0.0001750677348067,1.0,1.0,1.0,1.0,1.0
65,10:14:42,3,0.0180505415162455,16381.0,0.01985559566787,0.0180505415162455,4.539242580341584e-05,0.0144404332129963,0.0001156366778065,0.0108303249097472,0.0002099727027279,0.0072202166064982,4.873282803996944e-05,0.0036101083032489,0.000119309204166,0.0216606498194946,1.3061419835090108e-05,0.0252707581227435,8.975015722380742e-05,0.0288808664259927,0.0002025318449734,0.0324909747292418,0.0001574715432929,0.036101083032491,0.0001750677348067,1.0,1.0,0.0,1.0,1.0
65,10:14:45,3,0.0180505415162455,0.0,0.01985559566787,0.0180505415162455,4.539242580341584e-05,0.0144404332129963,0.000107844534922,0.0108303249097472,0.0002099727027279,0.0072202166064982,4.873282803996944e-05,0.0036101083032489,0.0001195327492487,0.0216606498194946,1.3763990095168304e-05,0.0252707581227435,8.975015722380742e-05,0.0288808664259927,0.0002028192600798,0.0324909747292418,0.0001574715432929,0.036101083032491,0.0001750677348067,1.0,0.0,1.0,1.0,1.0
65,10:14:48,3,0.0216606498194946,1698.0,0.01985559566787,0.0180505415162455,4.87136670328764e-05,0.0144404332129963,0.000110335465844,0.0108303249097472,0.0002099727027279,0.0072202166064982,4.873282803996944e-05,0.0036101083032489,0.0001195327492487,0.0216606498194946,2.0150992459515545e-05,0.0252707581227435,8.975015722380742e-05,0.0288808664259927,0.000203138610198,0.0324909747292418,0.0001574715432929,0.036101083032491,0.0001750038647831,1.0,0.0,1.0,1.0,1.0
65,10:14:51,3,0.0216606498194946,10183.0,0.01985559566787,0.0180505415162455,4.880947206834161e-05,0.0144404332129963,0.0001100161157258,0.0108303249097472,0.0002099727027279,0.0072202166064982,4.873282803996944e-05,0.0036101083032489,0.0001195327492487,0.0216606498194946,1.9192942104863457e-05,0.0252707581227435,8.987789727109437e-05,0.0288808664259927,0.000203138610198,0.0324909747292418,0.0001574715432929,0.036101083032491,0.0001769199654924,1.0,0.0,1.0,1.0,1.0
65,10:14:54,3,0.0216606498194946,0.0,0.01985559566787,0.0180505415162455,5.187523320322829e-05,0.0144404332129963,0.0001101757907849,0.0108303249097472,0.0002102920528461,0.0072202166064982,4.873282803996944e-05,0.0036101083032489,0.0001180637387049,0.0216606498194946,2.9539885935105987e-05,0.0252707581227435,9.62648996354416e-05,0.0288808664259927,0.000203138610198,0.0324909747292418,0.0001574715432929,0.036101083032491,0.0001753232149013,1.0,0.0,1.0,1.0,1.0
65,10:14:57,3,0.0216606498194946,126346.0,0.01985559566787,0.0180505415162455,3.788769802530784e-05,0.0144404332129963,0.0001147105624636,0.0108303249097472,0.0002084398221604,0.0072202166064982,4.873282803996944e-05,0.0036101083032489,0.0001180637387049,0.0216606498194946,3.503270796844462e-05,0.0252707581227435,9.62648996354416e-05,0.0288808664259927,0.000203138610198,0.0324909747292418,0.0001574715432929,0.036101083032491,0.0001756425650195,1.0,0.0,1.0,1.0,1.0
65,10:15:00,3,0.0180505415162455,64887.0,0.01985559566787,0.0180505415162455,3.204359086193011e-05,0.0144404332129963,0.0001147105624636,0.0108303249097472,0.0002083759521368,0.0072202166064982,4.873282803996944e-05,0.0036101083032489,0.0001180637387049,0.0216606498194946,3.480916288569246e-05,0.0252707581227435,6.924787963425278e-05,0.0288808664259927,0.0002024999099616,0.0324909747292418,0.0001574715432929,0.036101083032491,0.0001756425650195,0.0,0.0,1.0,1.0,1.0
65,10:15:03,3,0.0216606498194946,3113.0,0.01985559566787,0.0180505415162455,3.383195152394733e-05,0.0144404332129963,0.0001157324828419,0.0108303249097472,0.0002083759521368,0.0072202166064982,4.777477768531736e-05,0.0036101083032489,0.0001180637387049,0.0216606498194946,3.672526359499663e-05,0.0252707581227435,4.839431691465904e-05,0.0288808664259927,0.0002024999099616,0.0324909747292418,0.0001577908934111,0.036101083032491,0.0001756425650195,0.0,0.0,1.0,2.0,1.0
65,10:15:06,3,0.0216606498194946,224804.0,0.01985559566787,0.0180505415162455,1.0806808000475533e-05,0.0144404332129963,0.0001162115080192,0.0108303249097472,0.0002083759521368,0.0072202166064982,4.777477768531736e-05,0.0036101083032489,0.0001178401936222,0.0216606498194946,3.5224318039375035e-05,0.0252707581227435,4.839431691465904e-05,0.0288808664259927,0.0001833389028685,0.0324909747292418,0.0001577908934111,0.036101083032491,0.0001756425650195,0.0,0.0,1.0,2.0,1.0
65,10:15:09,3,0.0216606498194946,0.0,0.01985559566787,0.0180505415162455,1.2818713745244912e-05,0.0144404332129963,0.0001162115080192,0.0108303249097472,0.0002115055832953,0.0072202166064982,4.777477768531736e-05,0.0036101083032489,0.0001179998686813,0.0216606498194946,5.7035931113620856e-05,0.0252707581227435,4.839431691465904e-05,0.0288808664259927,0.0001833389028685,0.0324909747292418,0.0001584295936476,0.036101083032491,0.0001756425650195,0.0,1.0,1.0,2.0,1.0
65,10:15:12,3,0.0216606498194946,82483.0,0.01985559566787,0.0180505415162455,7.964591948341009e-06,0.0144404332129963,0.0001164669881138,0.0108303249097472,0.0002125594386854,0.0072202166064982,4.777477768531736e-05,0.0036101083032489,0.0001182553487758,0.0216606498194946,5.543918052253405e-05,0.0252707581227435,4.797916176097647e-05,0.0288808664259927,0.00017985798658,0.0324909747292418,0.0001584295936476,0.036101083032491,0.0001756425650195,0.0,0.0,1.0,2.0,1.0
65,10:15:15,3,0.0180505415162455,72869.0,0.0162454873646209,0.0144404332129963,0.000116977948303,0.0108303249097472,0.0002125594386854,0.0072202166064982,4.777477768531736e-05,0.0036101083032489,0.0001182553487758,0.0,7.258828187080639e-05,0.0180505415162455,7.907108927061883e-06,0.0216606498194946,5.67165809954035e-05,0.0252707581227435,4.797916176097647e-05,0.0288808664259927,0.00017985798658,0.0324909747292418,0.0001584295936476,1.0,2.0,2.0,2.0,2.0
65,10:15:18,3,0.0180505415162455,7332.0,0.0162454873646209,0.0144404332129963,0.0001190856590832,0.0108303249097472,0.0002125594386854,0.0072202166064982,4.777477768531736e-05,0.0036101083032489,0.0001176166485394,0.0,7.258828187080639e-05,0.0180505415162455,9.184509399931332e-06,0.0216606498194946,5.7834306409164265e-05,0.0252707581227435,4.829851187919384e-05,0.0288808664259927,0.0001801773366982,0.0324909747292418,0.0001584295936476,1.0,2.0,2.0,2.0,2.0
65,10:15:21,3,0.0180505415162455,0.0,0.0162454873646209,0.0144404332129963,0.0001190856590832,0.0108303249097472,0.0002125594386854,0.0072202166064982,4.777477768531736e-05,0.0036101083032489,0.0001176166485394,0.0,7.258828187080639e-05,0.0180505415162455,9.216444411753067e-06,0.0216606498194946,5.8920096811103295e-05,0.0252707581227435,4.893721211562856e-05,0.0288808664259927,0.0001801454016864,0.0324909747292418,0.0001584295936476,1.0,2.0,2.0,2.0,2.0
65,10:15:24,3,0.0180505415162455,0.0,0.0162454873646209,0.0144404332129963,0.0001207143446861,0.0108303249097472,0.0002077691869122,0.0072202166064982,4.777477768531736e-05,0.0036101083032489,0.0001176166485394,0.0,7.578178305298001e-05,0.0180505415162455,9.28031443539654e-06,0.0216606498194946,5.8920096811103295e-05,0.0252707581227435,4.893721211562856e-05,0.0288808664259927,0.0001801454016864,0.0324909747292418,0.0001584295936476,2.0,2.0,2.0,2.0,2.0
65,10:15:27,3,0.0144404332129963,13783.0,0.0162454873646209,0.0144404332129963,0.0001187343739532,0.0108303249097472,0.0002077691869122,0.0072202166064982,4.777477768531736e-05,0.0036101083032489,0.0001176166485394,0.0,7.578178305298001e-05,0.0180505415162455,9.344184459040011e-06,0.0216606498194946,6.211359799327692e-05,0.0252707581227435,4.893721211562856e-05,0.0288808664259927,0.0001801454016864,0.0324909747292418,0.0001584295936476,1.0,2.0,2.0,2.0,2.0
65,10:15:30,3,0.0180505415162455,2256.0,0.0162454873646209,0.0144404332129963,0.0001126028516834,0.0108303249097472,0.0002077691869122,0.0072202166064982,4.777477768531736e-05,0.0036101083032489,0.000117680518563,0.0,7.578178305298001e-05,0.0180505415162455,9.088704364466125e-06,0.0216606498194946,6.278423324153337e-05,0.0252707581227435,4.893721211562856e-05,0.0288808664259927,0.0001801454016864,0.0324909747292418,0.0001584295936476,2.0,2.0,2.0,2.0,2.0
65,10:15:33,3,0.0144404332129963,21644.0,0.0162454873646209,0.0144404332129963,0.0001095051555367,0.0108303249097472,0.000208344017125,0.0072202166064982,4.777477768531736e-05,0.0036101083032489,0.0001175527785158,0.0,7.578178305298001e-05,0.0180505415162455,9.950949683653e-06,0.0216606498194946,6.278423324153337e-05,0.0252707581227435,4.893721211562856e-05,0.0288808664259927,0.0001785486510953,0.0324909747292418,0.0001584295936476,2.0,2.0,2.0,2.0,2.0
65,10:15:36,3,0.0144404332129963,49582.0,0.0162454873646209,0.0144404332129963,0.0001079084049456,0.0108303249097472,0.0002073859667703,0.0072202166064982,4.777477768531736e-05,0.0036101083032489,0.0001175527785158,0.0,7.578178305298001e-05,0.0180505415162455,5.927138194114239e-06,0.0216606498194946,6.278423324153337e-05,0.0252707581227435,4.893721211562856e-05,0.0288808664259927,0.0001785486510953,0.0324909747292418,0.0001584295936476,2.0,2.0,2.0,2.0,2.0
65,10:15:39,3,0.0180505415162455,85677.0,0.01985559566787,0.0180505415162455,2.043840756591117e-06,0.0144404332129963,0.0001054174740235,0.0108303249097472,0.0002068111365575,0.0072202166064982,4.777477768531736e-05,0.0036101083032489,0.0001175527785158,0.0216606498194946,6.003782222486406e-05,0.0252707581227435,4.893721211562856e-05,0.0288808664259927,0.0001812631271001,0.0324909747292418,0.0001584295936476,0.036101083032491,0.0001750357997949,1.0,1.0,1.0,1.0,1.0
65,10:15:42,3,0.0180505415162455,18048.0,0.0162454873646209,0.0144404332129963,0.0001062477843309,0.0108303249097472,0.0002064917864393,0.0072202166064982,4.777477768531736e-05,0.0036101083032489,0.0001175527785158,0.0,7.578178305298001e-05,0.0180505415162455,4.343161607756124e-06,0.0216606498194946,6.00697572366858e-05,0.0252707581227435,4.893721211562856e-05,0.0288808664259927,0.0001812631271001,0.0324909747292418,0.0001594515140259,2.0,2.0,2.0,2.0,2.0
65,10:15:45,3,0.0180505415162455,95598.0,0.01985559566787,0.0180505415162455,2.5356399386458546e-05,0.0144404332129963,0.0001059923042363,0.0108303249097472,0.0002085675622077,0.0072202166064982,4.777477768531736e-05,0.0036101083032489,0.0001175527785158,0.0216606498194946,6.00697572366858e-05,0.0252707581227435,4.880947206834161e-05,0.0288808664259927,0.0001812631271001,0.0324909747292418,0.0001592599039549,0.036101083032491,0.0001750357997949,1.0,1.0,1.0,1.0,1.0
65,10:15:48,3,0.0180505415162455,48504.0,0.01985559566787,0.0180505415162455,2.085356271959374e-05,0.0144404332129963,0.0001060561742599,0.0108303249097472,0.0002085675622077,0.0072202166064982,4.777477768531736e-05,0.0036101083032489,0.0001175527785158,0.0216606498194946,5.917557690567718e-05,0.0252707581227435,4.880947206834161e-05,0.0288808664259927,0.0002113139732244,0.0324909747292418,0.0001592599039549,0.036101083032491,0.0001750357997949,1.0,1.0,1.0,1.0,1.0
65,10:15:51,3,0.0180505415162455,12126.0,0.01985559566787,0.0180505415162455,1.970390229401124e-05,0.0144404332129963,0.0001092496754421,0.0108303249097472,0.0002149545645721,0.0072202166064982,4.777477768531736e-05,0.0036101083032489,0.0001113893212342,0.0216606498194946,5.649303591265134e-05,0.0252707581227435,4.880947206834161e-05,0.0288808664259927,0.0002119526734608,0.0324909747292418,0.0001592599039549,0.036101083032491,0.0001750357997949,1.0,1.0,1.0,1.0,1.0
65,10:15:54,3,0.0180505415162455,8460.0,0.01985559566787,0.0180505415162455,2.0661952648663325e-05,0.0144404332129963,0.0001101438557731,0.0108303249097472,0.0002149545645721,0.0072202166064982,4.777477768531736e-05,0.0036101083032489,0.0001120280214706,0.0216606498194946,5.617368579443398e-05,0.0252707581227435,4.880947206834161e-05,0.0288808664259927,0.0002091743274323,0.0324909747292418,0.0001592599039549,0.036101083032491,0.0001746845146648,1.0,1.0,1.0,1.0,1.0
65,10:15:57,3,0.0216606498194946,38647.0,0.01985559566787,0.0180505415162455,2.7879265320375704e-05,0.0144404332129963,0.0001103674008559,0.0108303249097472,0.0002220760722083,0.0072202166064982,4.777477768531736e-05,0.0036101083032489,0.0001120280214706,0.0216606498194946,5.5918205699860095e-05,0.0252707581227435,4.880947206834161e-05,0.0288808664259927,0.0002091743274323,0.0324909747292418,0.0001592599039549,0.036101083032491,0.0001746845146648,1.0,1.0,1.0,1.0,1.0
65,10:16:00,3,0.0180505415162455,33940.0,0.01985559566787,0.0180505415162455,2.7368305131227925e-05,0.0144404332129963,0.000111964151447,0.0108303249097472,0.0002189783760616,0.0072202166064982,4.873282803996944e-05,0.0036101083032489,0.000112666721707,0.0216606498194946,5.234148437582564e-05,0.0252707581227435,5.096189186512664e-05,0.0288808664259927,0.0002091743274323,0.0324909747292418,0.0001592599039549,0.036101083032491,0.0001746845146648,1.0,1.0,1.0,1.0,1.0
65,10:16:03,3,0.0216606498194946,16131.0,0.01985559566787,0.0180505415162455,2.8965055722314737e-05,0.0144404332129963,0.0001216404600289,0.0108303249097472,0.0002203196465581,0.0072202166064982,5.192632922214307e-05,0.0036101083032489,0.000112666721707,0.0216606498194946,5.0521188701986674e-05,0.0252707581227435,5.223929233799608e-05,0.0288808664259927,0.0002091743274323,0.0324909747292418,0.0001592599039549,0.036101083032491,0.0001746845146648,1.0,1.0,2.0,1.0,1.0
65,10:16:06,3,0.0216606498194946,84726.0,0.01985559566787,0.0180505415162455,2.9316340852353837e-05,0.0144404332129963,0.0001216404600289,0.0108303249097472,0.0002212776969128,0.0072202166064982,5.288437957679515e-05,0.0036101083032489,0.000112666721707,0.0216606498194946,4.649737721244792e-05,0.0252707581227435,5.223929233799608e-05,0.0288808664259927,0.0002091743274323,0.0324909747292418,0.0001592599039549,0.036101083032491,0.0001746845146648,1.0,1.0,2.0,1.0,1.0
65,10:16:09,3,0.0216606498194946,18395.0,0.01985559566787,0.0180505415162455,4.00465048244572e-05,0.0144404332129963,0.0001223110952772,0.0108303249097472,0.0002227147724447,0.0072202166064982,5.288437957679515e-05,0.0036101083032489,0.000112666721707,0.0216606498194946,5.1255693973886606e-05,0.0252707581227435,5.223929233799608e-05,0.0288808664259927,0.0002091743274323,0.0324909747292418,0.0001600582792505,0.036101083032491,0.0001746845146648,1.0,1.0,2.0,1.0,1.0
65,10:16:12,3,0.0180505415162455,5640.0,0.01985559566787,0.0180505415162455,4.391064125488728e-05,0.0144404332129963,0.0001177763235985,0.0108303249097472,0.0002227786424684,0.0072202166064982,5.352307981322987e-05,0.0036101083032489,0.000112666721707,0.0216606498194946,5.547111553435578e-05,0.0252707581227435,5.223929233799608e-05,0.0288808664259927,0.0002091743274323,0.0324909747292418,0.0001600582792505,0.036101083032491,0.000174844189724,1.0,1.0,2.0,1.0,1.0
65,10:16:15,3,0.0216606498194946,43299.0,0.01985559566787,0.0180505415162455,4.806219279171299e-05,0.0144404332129963,0.0001177763235985,0.0108303249097472,0.0002227786424684,0.0072202166064982,5.352307981322987e-05,0.0036101083032489,0.000112666721707,0.0216606498194946,6.134715770955525e-05,0.0252707581227435,5.223929233799608e-05,0.0288808664259927,0.0002098130276688,0.0324909747292418,0.0001600582792505,0.036101083032491,0.000174844189724,1.0,1.0,2.0,1.0,1.0
65,10:16:18,3,0.0216606498194946,14398.0,0.01985559566787,0.0180505415162455,5.757882631459038e-05,0.0144404332129963,0.0001203949945679,0.0108303249097472,0.0002227786424684,0.0072202166064982,5.352307981322987e-05,0.0036101083032489,0.000112666721707,0.0216606498194946,4.486869160953936e-05,0.0252707581227435,5.223929233799608e-05,0.0288808664259927,0.0002098130276688,0.0324909747292418,0.0001600582792505,0.036101083032491,0.0001761215901968,1.0,1.0,2.0,1.0,2.0
65,10:16:21,3,0.0216606498194946,17229.0,0.01985559566787,0.0180505415162455,0.0001085151701702,0.0144404332129963,0.0001197882293433,0.0108303249097472,0.0002309220704829,0.0072202166064982,5.352307981322987e-05,0.0036101083032489,0.0001134650970026,0.0216606498194946,4.186680049829616e-05,0.0252707581227435,5.319734269264817e-05,0.0288808664259927,0.0002098130276688,0.0324909747292418,0.0001600582792505,0.036101083032491,0.0001761215901968,1.0,1.0,2.0,1.0,2.0
65,10:16:24,3,0.0216606498194946,193855.0,0.01985559566787,0.0180505415162455,0.0001162434430311,0.0144404332129963,0.0001181914787522,0.0108303249097472,0.0002297724100573,0.0072202166064982,5.352307981322987e-05,0.0036101083032489,0.0001134650970026,0.0216606498194946,2.00232524122286e-05,0.0252707581227435,5.319734269264817e-05,0.0288808664259927,0.0002098130276688,0.0324909747292418,0.0001600582792505,0.036101083032491,0.0001761215901968,1.0,1.0,2.0,1.0,2.0
65,10:16:27,3,0.0216606498194946,31413.0,0.01985559566787,0.0180505415162455,0.0001208420847334,0.0144404332129963,0.0001165308581375,0.0108303249097472,0.0002297724100573,0.0072202166064982,5.352307981322987e-05,0.0036101083032489,0.0001134650970026,0.0216606498194946,1.647846610001588e-05,0.0252707581227435,5.319734269264817e-05,0.0288808664259927,0.0002098130276688,0.0324909747292418,0.0001600582792505,0.036101083032491,0.0001761215901968,1.0,1.0,1.0,1.0,2.0
65,10:16:30,3,0.0216606498194946,33394.0,0.01985559566787,0.0180505415162455,0.0001212572398871,0.0144404332129963,0.0001174889084921,0.0108303249097472,0.0002297724100573,0.0072202166064982,5.352307981322987e-05,0.0036101083032489,0.0001134650970026,0.0216606498194946,1.2742069716872745e-05,0.0252707581227435,5.191994221977872e-05,0.0288808664259927,0.0002098130276688,0.0324909747292418,0.0001600582792505,0.036101083032491,0.0001761215901968,1.0,1.0,1.0,1.0,2.0
65,10:16:33,3,0.0216606498194946,9905.0,0.01985559566787,0.0180505415162455,0.0001291771228189,0.0144404332129963,0.0001179998686813,0.0108303249097472,0.0002294211249273,0.0072202166064982,5.352307981322987e-05,0.0036101083032489,0.0001166585981848,0.0216606498194946,1.6350726052728936e-05,0.0252707581227435,5.032319162869191e-05,0.0288808664259927,0.0002098130276688,0.0324909747292418,0.0001624534051371,0.036101083032491,0.0001761215901968,1.0,2.0,1.0,1.0,2.0
65,10:16:36,3,0.0180505415162455,2820.0,0.01985559566787,0.0180505415162455,0.0001304225882799,0.0144404332129963,0.0001175847135276,0.0108303249097472,0.0002294211249273,0.0072202166064982,5.352307981322987e-05,0.0036101083032489,0.0001166585981848,0.0216606498194946,1.6350726052728936e-05,0.0252707581227435,5.671019399303915e-05,0.0288808664259927,0.0002098130276688,0.0324909747292418,0.0001624534051371,0.036101083032491,0.0001761215901968,1.0,2.0,1.0,1.0,2.0
65,10:16:39,3,0.0216606498194946,21185.0,0.01985559566787,0.0180505415162455,0.000129336797878,0.0144404332129963,0.0001191814641187,0.0108303249097472,0.0002256847285442,0.0072202166064982,5.524757045160363e-05,0.0036101083032489,0.0001166585981848,0.0216606498194946,1.5616220780829004e-05,0.0252707581227435,5.671019399303915e-05,0.0288808664259927,0.0002098130276688,0.0324909747292418,0.0001611760046643,0.036101083032491,0.0001761215901968,1.0,2.0,1.0,1.0,2.0
65,10:16:42,3,0.0216606498194946,80722.0,0.01985559566787,0.0180505415162455,0.0001254407264357,0.0144404332129963,0.0001204588645915,0.0108303249097472,0.0002256847285442,0.0072202166064982,5.524757045160363e-05,0.0036101083032489,0.0001166585981848,0.0216606498194946,1.3700120071524832e-05,0.0252707581227435,5.671019399303915e-05,0.0288808664259927,0.0002098130276688,0.0324909747292418,0.0001611760046643,0.036101083032491,0.0001761215901968,1.0,2.0,1.0,1.0,2.0
65,10:16:45,3,0.0216606498194946,20376.0,0.01985559566787,0.0180505415162455,0.0001394921316373,0.0144404332129963,0.0001204588645915,0.0108303249097472,0.0002256847285442,0.0072202166064982,5.524757045160363e-05,0.0036101083032489,0.0001166585981848,0.0216606498194946,1.8618111892072207e-05,0.0252707581227435,5.830694458412596e-05,0.0288808664259927,0.0002383309932256,0.0324909747292418,0.000161399549747,0.036101083032491,0.0001761215901968,1.0,2.0,1.0,1.0,2.0
65,10:16:48,3,0.0216606498194946,83950.0,0.01985559566787,0.0180505415162455,0.0001394601966255,0.0144404332129963,0.0001204588645915,0.0108303249097472,0.0002256847285442,0.0072202166064982,5.524757045160363e-05,0.0036101083032489,0.0001166585981848,0.0216606498194946,1.2390784586833646e-05,0.0252707581227435,5.830694458412596e-05,0.0288808664259927,0.0002383309932256,0.0324909747292418,0.000161399549747,0.036101083032491,0.0001761215901968,2.0,2.0,1.0,1.0,2.0
65,10:16:51,3,0.0216606498194946,36449.0,0.01985559566787,0.0180505415162455,0.0001392366515427,0.0144404332129963,0.0001206185396506,0.0108303249097472,0.0002256847285442,0.0072202166064982,5.524757045160363e-05,0.0036101083032489,0.0001179359986576,0.0216606498194946,1.1720149338577186e-05,0.0252707581227435,5.830694458412596e-05,0.0288808664259927,0.0002383309932256,0.0324909747292418,0.000161399549747,0.036101083032491,0.000176440940315,2.0,2.0,1.0,1.0,2.0
65,10:16:54,3,0.0216606498194946,104650.0,0.01985559566787,0.0180505415162455,0.0001318596638119,0.0144404332129963,0.000127005542015,0.0108303249097472,0.0002289101647382,0.0072202166064982,5.524757045160363e-05,0.0036101083032489,0.0001179359986576,0.0216606498194946,1.6446531088194145e-05,0.0252707581227435,5.511344340195234e-05,0.0288808664259927,0.0002383309932256,0.0324909747292418,0.000161399549747,0.036101083032491,0.0001796344414972,2.0,2.0,1.0,1.0,2.0
65,10:16:57,3,0.0216606498194946,21225.0,0.01985559566787,0.0180505415162455,0.00013147644367,0.0144404332129963,0.0001271652170741,0.0108303249097472,0.00022894209975,0.0072202166064982,5.524757045160363e-05,0.0036101083032489,0.0001179359986576,0.0216606498194946,1.4051405201563929e-05,0.0252707581227435,5.254586845148475e-05,0.0288808664259927,0.0002383309932256,0.0324909747292418,0.000161399549747,0.036101083032491,0.0001796344414972,2.0,1.0,1.0,1.0,2.0
65,10:17:00,3,0.0180505415162455,71096.0,0.01985559566787,0.0180505415162455,0.0001250894413057,0.0144404332129963,0.0001271652170741,0.0108303249097472,0.0002345307268188,0.0072202166064982,5.524757045160363e-05,0.0036101083032489,0.0001179359986576,0.0216606498194946,1.3348834941485731e-05,0.0252707581227435,5.254586845148475e-05,0.0288808664259927,0.0002383309932256,0.0324909747292418,0.0001534157967916,0.036101083032491,0.0001796344414972,2.0,1.0,1.0,1.0,2.0
65,10:17:03,3,0.0216606498194946,118294.0,0.023465703971119,0.0216606498194946,2.9699560994214667e-06,0.0180505415162455,0.0001246423511402,0.0144404332129963,0.0001304225882799,0.0108303249097472,0.0002345307268188,0.0072202166064982,5.524757045160363e-05,0.0252707581227435,5.254586845148475e-05,0.0288808664259927,0.0002388100184029,0.0324909747292418,0.0001534157967916,0.036101083032491,0.0001796344414972,0.0397111913357399,0.0004798698583887,1.0,0.0,0.0,0.0,1.0
65,10:17:06,3,0.0216606498194946,1415.0,0.023465703971119,0.0216606498194946,5.97184721066467e-06,0.0180505415162455,0.0001190537240714,0.0144404332129963,0.0001304225882799,0.0108303249097472,0.0002345307268188,0.0072202166064982,5.524757045160363e-05,0.0252707581227435,5.260973847512822e-05,0.0288808664259927,0.0002387780833911,0.0324909747292418,0.0001533838617797,0.036101083032491,0.0001796344414972,0.0397111913357399,0.0004798379233769,1.0,0.0,0.0,0.0,1.0
65,10:17:09,3,0.0216606498194946,2830.0,0.023465703971119,0.0216606498194946,1.060242392481642e-05,0.0180505415162455,0.0001232052756082,0.0144404332129963,0.0001304225882799,0.0108303249097472,0.0002344029867715,0.0072202166064982,5.524757045160363e-05,0.0252707581227435,5.260973847512822e-05,0.0288808664259927,0.0002390974335093,0.0324909747292418,0.0001533838617797,0.036101083032491,0.0001796344414972,0.0397111913357399,0.0004798379233769,1.0,0.0,0.0,0.0,1.0
65,10:17:12,3,0.0216606498194946,283.0,0.023465703971119,0.0216606498194946,1.3093354846911843e-05,0.0180505415162455,0.0001311570935518,0.0144404332129963,0.0001304225882799,0.0108303249097472,0.0002349778169843,0.0072202166064982,5.524757045160363e-05,0.0252707581227435,5.260973847512822e-05,0.0288808664259927,0.0002390974335093,0.0324909747292418,0.0001533838617797,0.036101083032491,0.0001796344414972,0.0397111913357399,0.0004798379233769,0.0,0.0,0.0,0.0,1.0
65,10:17:15,3,0.0216606498194946,0.0,0.023465703971119,0.0216606498194946,1.877778695118089e-05,0.0180505415162455,0.0001316361187291,0.0144404332129963,0.0001301351731735,0.0108303249097472,0.0002355845822089,0.0072202166064982,5.524757045160363e-05,0.0252707581227435,5.260973847512822e-05,0.0288808664259927,0.0002390974335093,0.0324909747292418,0.0001533838617797,0.036101083032491,0.0001796344414972,0.0397111913357399,0.0004798379233769,0.0,0.0,0.0,0.0,1.0
65,10:17:18,3,0.0216606498194946,0.0,0.023465703971119,0.0216606498194946,1.877778695118089e-05,0.0180505415162455,0.0001278039173105,0.0144404332129963,0.0001312528985873,0.0108303249097472,0.0002355845822089,0.0072202166064982,5.524757045160363e-05,0.0252707581227435,5.229038835691086e-05,0.0288808664259927,0.0002390974335093,0.0324909747292418,0.0001533838617797,0.036101083032491,0.000179315091379,0.0397111913357399,0.0004798379233769,0.0,0.0,0.0,1.0,1.0
65,10:17:21,3,0.0216606498194946,0.0,0.023465703971119,0.0216606498194946,2.03745375422677e-05,0.0180505415162455,9.762533113904757e-05,0.0144404332129963,0.0001315722487055,0.0108303249097472,0.0002339878316178,0.0072202166064982,5.524757045160363e-05,0.0252707581227435,5.229038835691086e-05,0.0288808664259927,0.000247562766443,0.0324909747292418,0.0001533838617797,0.036101083032491,0.000179315091379,0.0397111913357399,0.0004798379233769,0.0,0.0,0.0,1.0,1.0
65,10:17:24,3,0.0216606498194946,566.0,0.023465703971119,0.0216606498194946,2.414286893723257e-05,0.0180505415162455,9.762533113904757e-05,0.0144404332129963,0.0001315722487055,0.0108303249097472,0.0002338600915705,0.0072202166064982,6.34229334779681e-05,0.0252707581227435,5.235425838055433e-05,0.0288808664259927,0.000247562766443,0.0324909747292418,0.0001533838617797,0.036101083032491,0.000179315091379,0.0397111913357399,0.0004798379233769,0.0,0.0,0.0,1.0,1.0
65,10:17:27,3,0.0216606498194946,271114.0,0.01985559566787,0.0180505415162455,9.762533113904757e-05,0.0144404332129963,0.0001312528985873,0.0108303249097472,0.0002338600915705,0.0072202166064982,6.34229334779681e-05,0.0036101083032489,0.000114103797239,0.0216606498194946,5.234148437582564e-05,0.0252707581227435,5.369552887706725e-05,0.0288808664259927,0.000247562766443,0.0324909747292418,0.0001533838617797,0.036101083032491,0.000179315091379,1.0,1.0,1.0,2.0,2.0
65,10:17:30,3,0.0216606498194946,5660.0,0.01985559566787,0.0180505415162455,9.76572661508693e-05,0.0144404332129963,0.0001312528985873,0.0108303249097472,0.0002338600915705,0.0072202166064982,6.501968406905491e-05,0.0036101083032489,0.000114103797239,0.0216606498194946,5.2660834494043e-05,0.0252707581227435,5.369552887706725e-05,0.0288808664259927,0.0002469240662066,0.0324909747292418,0.0001532241867206,0.036101083032491,0.000179315091379,1.0,1.0,1.0,2.0,2.0
65,10:17:33,3,0.0216606498194946,54335.0,0.01985559566787,0.0180505415162455,9.692276087896936e-05,0.0144404332129963,0.0001332328693202,0.0108303249097472,0.0002348181419252,0.0072202166064982,6.501968406905491e-05,0.0036101083032489,0.000114103797239,0.0216606498194946,4.659318224791312e-05,0.0252707581227435,5.369552887706725e-05,0.0288808664259927,0.0002469240662066,0.0324909747292418,0.0001532241867206,0.036101083032491,0.000179315091379,1.0,1.0,1.0,2.0,2.0
65,10:17:36,3,0.0180505415162455,18048.0,0.01985559566787,0.0180505415162455,0.0001275803722278,0.0144404332129963,0.0001332328693202,0.0108303249097472,0.0002348181419252,0.0072202166064982,6.501968406905491e-05,0.0036101083032489,0.000114103797239,0.0216606498194946,4.6784792318843535e-05,0.0252707581227435,5.369552887706725e-05,0.0288808664259927,0.0002469240662066,0.0324909747292418,0.0001532241867206,0.036101083032491,0.000179315091379,1.0,1.0,1.0,2.0,2.0
65,10:17:39,3,0.0216606498194946,46695.0,0.01985559566787,0.0180505415162455,0.000127899722346,0.0144404332129963,0.0001332328693202,0.0108303249097472,0.0002350097519961,0.0072202166064982,6.501968406905491e-05,0.0036101083032489,0.000114103797239,0.0216606498194946,4.608222205876534e-05,0.0252707581227435,5.369552887706725e-05,0.0288808664259927,0.0002469240662066,0.0324909747292418,0.0001532241867206,0.036101083032491,0.000179315091379,1.0,1.0,1.0,2.0,2.0
65,10:17:42,3,0.0216606498194946,16128.0,0.01985559566787,0.0180505415162455,0.0001278039173105,0.0144404332129963,0.0001332328693202,0.0108303249097472,0.0002382032531783,0.0072202166064982,6.629708454192436e-05,0.0036101083032489,0.000114103797239,0.0216606498194946,4.461321151496548e-05,0.0252707581227435,5.369552887706725e-05,0.0288808664259927,0.0002469240662066,0.0324909747292418,0.0001532241867206,0.036101083032491,0.000179315091379,1.0,1.0,1.0,2.0,2.0
65,10:17:45,3,0.0216606498194946,849.0,0.01985559566787,0.0180505415162455,0.0001325941690838,0.0144404332129963,0.0001332328693202,0.0108303249097472,0.0002382032531783,0.0072202166064982,6.629708454192436e-05,0.0036101083032489,0.0001138802521563,0.0216606498194946,6.163457281595087e-05,0.0252707581227435,5.257780346330648e-05,0.0288808664259927,0.0002469240662066,0.0324909747292418,0.0001532241867206,0.036101083032491,0.000179315091379,1.0,1.0,1.0,2.0,2.0
65,10:17:48,3,0.0216606498194946,0.0,0.01985559566787,0.0180505415162455,0.0001331051292729,0.0144404332129963,0.0001332328693202,0.0108303249097472,0.0002391613035329,0.0072202166064982,6.629708454192436e-05,0.0036101083032489,0.000114103797239,0.0216606498194946,6.198585794598996e-05,0.0252707581227435,5.2833283557880376e-05,0.0288808664259927,0.0002469240662066,0.0324909747292418,0.0001532241867206,0.036101083032491,0.000179315091379,1.0,1.0,1.0,2.0,2.0
65,10:17:51,3,0.0216606498194946,1415.0,0.01985559566787,0.0180505415162455,0.0001423024126776,0.0144404332129963,0.0001332328693202,0.0108303249097472,0.0002391613035329,0.0072202166064982,6.629708454192436e-05,0.0036101083032489,0.000114103797239,0.0216606498194946,6.214553300509866e-05,0.0252707581227435,5.2833283557880376e-05,0.0288808664259927,0.0002469240662066,0.0324909747292418,0.0001532241867206,0.036101083032491,0.000179315091379,1.0,1.0,1.0,2.0,2.0
65,10:17:54,3,0.0216606498194946,283.0,0.01985559566787,0.0180505415162455,0.0001424620877367,0.0144404332129963,0.0001418553225121,0.0108303249097472,0.0002391613035329,0.0072202166064982,6.629708454192436e-05,0.0036101083032489,0.000114103797239,0.0216606498194946,7.881560917604495e-05,0.0252707581227435,5.2833283557880376e-05,0.0288808664259927,0.0002485208167976,0.0324909747292418,0.0001532241867206,0.036101083032491,0.000179315091379,1.0,1.0,1.0,2.0,2.0
65,10:17:57,3,0.0180505415162455,25990.0,0.01985559566787,0.0180505415162455,0.0001409930771929,0.0144404332129963,0.0001418553225121,0.0108303249097472,0.0002391613035329,0.0072202166064982,6.629708454192436e-05,0.0036101083032489,0.000114103797239,0.0216606498194946,7.734659863224508e-05,0.0252707581227435,5.2833283557880376e-05,0.0288808664259927,0.0002485208167976,0.0324909747292418,0.0001532241867206,0.036101083032491,0.000179315091379,1.0,1.0,1.0,2.0,2.0
65,10:18:00,3,0.0180505415162455,19780.0,0.01985559566787,0.0180505415162455,0.0001400350268383,0.0144404332129963,0.0001418553225121,0.0108303249097472,0.0002394167836275,0.0072202166064982,6.629708454192436e-05,0.0036101083032489,0.000114103797239,0.0216606498194946,8.245620052372288e-05,0.0252707581227435,5.2833283557880376e-05,0.0288808664259927,0.0002485208167976,0.0324909747292418,0.0001532241867206,0.036101083032491,0.000179315091379,1.0,1.0,1.0,2.0,2.0
65,10:18:03,3,0.0216606498194946,31130.0,0.01985559566787,0.0180505415162455,0.0001424620877367,0.0144404332129963,0.0001418553225121,0.0108303249097472,0.0002394167836275,0.0072202166064982,6.629708454192436e-05,0.0036101083032489,0.0001143592773336,0.0216606498194946,8.213685040550551e-05,0.0252707581227435,6.241378710440123e-05,0.0288808664259927,0.0002485208167976,0.0324909747292418,0.0001532241867206,0.036101083032491,0.000179315091379,1.0,1.0,1.0,2.0,2.0
65,10:18:06,3,0.0216606498194946,283.0,0.01985559566787,0.0180505415162455,0.0001440588383278,0.0144404332129963,0.0001420149975712,0.0108303249097472,0.0002394167836275,0.0072202166064982,6.629708454192436e-05,0.0036101083032489,0.0001143592773336,0.0216606498194946,8.964157818361353e-05,0.0252707581227435,6.209443698618387e-05,0.0288808664259927,0.0002485208167976,0.0324909747292418,0.0001532241867206,0.036101083032491,0.000179315091379,1.0,1.0,1.0,2.0,2.0
65,10:18:09,3,0.0216606498194946,76693.0,0.01985559566787,0.0180505415162455,0.0001442185133869,0.0144404332129963,0.0001413762973348,0.0108303249097472,0.0002394167836275,0.0072202166064982,6.629708454192436e-05,0.0036101083032489,0.0001143592773336,0.0216606498194946,8.762967243884415e-05,0.0252707581227435,6.209443698618387e-05,0.0288808664259927,0.0002482014666794,0.0324909747292418,0.0001551402874299,0.036101083032491,0.000179315091379,1.0,1.0,1.0,2.0,2.0
65,10:18:12,3,0.0216606498194946,5660.0,0.01985559566787,0.0180505415162455,0.0001442185133869,0.0144404332129963,0.0001413762973348,0.0108303249097472,0.0002365426325636,0.0072202166064982,6.629708454192436e-05,0.0036101083032489,0.0001153173276882,0.0216606498194946,8.858772279349622e-05,0.0252707581227435,6.209443698618387e-05,0.0288808664259927,0.0002482014666794,0.0324909747292418,0.0001551402874299,0.036101083032491,0.000179315091379,1.0,1.0,1.0,2.0,2.0
65,10:18:15,3,0.0216606498194946,0.0,0.01985559566787,0.0180505415162455,0.0001462623541435,0.0144404332129963,0.000141695647453,0.0108303249097472,0.0002365426325636,0.0072202166064982,6.629708454192436e-05,0.0036101083032489,0.0001153173276882,0.0216606498194946,0.000105864564189,0.0252707581227435,6.209443698618387e-05,0.0288808664259927,0.0002482014666794,0.0324909747292418,0.0001551402874299,0.036101083032491,0.0001789957412608,1.0,1.0,1.0,2.0,2.0
65,10:18:18,3,0.0216606498194946,0.0,0.01985559566787,0.0180505415162455,0.0001461984841199,0.0144404332129963,0.000141695647453,0.0108303249097472,0.0002365426325636,0.0072202166064982,6.629708454192436e-05,0.0036101083032489,0.0001153173276882,0.0216606498194946,0.0001063116543545,0.0252707581227435,6.183895689160999e-05,0.0288808664259927,0.0002482014666794,0.0324909747292418,0.0001551402874299,0.036101083032491,0.0001789957412608,1.0,1.0,2.0,2.0,2.0
65,10:18:21,3,0.0216606498194946,283.0,0.01985559566787,0.0180505415162455,0.0001454959138598,0.0144404332129963,0.0001418553225121,0.0108303249097472,0.0002368619826818,0.0072202166064982,6.629708454192436e-05,0.0036101083032489,0.0001153173276882,0.0216606498194946,0.0001033736332669,0.0252707581227435,6.180702187978825e-05,0.0288808664259927,0.0002481375966558,0.0324909747292418,0.0001551083524181,0.036101083032491,0.000178963806249,1.0,1.0,2.0,2.0,2.0
65,10:18:24,3,0.0216606498194946,3103.0,0.01985559566787,0.0180505415162455,0.0001451765637416,0.0144404332129963,0.0001418553225121,0.0108303249097472,0.0002388100184029,0.0072202166064982,6.629708454192436e-05,0.0036101083032489,0.0001153173276882,0.0216606498194946,0.0001037249183969,0.0252707581227435,6.436182282552714e-05,0.0288808664259927,0.0002481375966558,0.0324909747292418,0.0001551083524181,0.036101083032491,0.0001780057558943,1.0,1.0,2.0,2.0,2.0
65,10:18:27,3,0.0216606498194946,41836.0,0.01985559566787,0.0180505415162455,0.0001436436831741,0.0144404332129963,0.0001418553225121,0.0108303249097472,0.0002388419534147,0.0072202166064982,6.629708454192436e-05,0.0036101083032489,0.0001153173276882,0.0216606498194946,0.0001007230272857,0.0252707581227435,6.394666767184457e-05,0.0288808664259927,0.0002481375966558,0.0324909747292418,0.0001551083524181,0.036101083032491,0.0001780057558943,1.0,1.0,2.0,2.0,2.0
65,10:18:30,3,0.0216606498194946,171498.0,0.01985559566787,0.0180505415162455,0.00014725233951,0.0144404332129963,0.0001418553225121,0.0108303249097472,0.0002388419534147,0.0072202166064982,6.629708454192436e-05,0.0036101083032489,0.0001153173276882,0.0216606498194946,8.172169525182295e-05,0.0252707581227435,6.394666767184457e-05,0.0288808664259927,0.0002481375966558,0.0324909747292418,0.0001551083524181,0.036101083032491,0.0001780057558943,1.0,1.0,2.0,2.0,2.0
65,10:18:33,3,0.0216606498194946,144896.0,0.01985559566787,0.0180505415162455,0.0001485616749947,0.0144404332129963,0.0001418553225121,0.0108303249097472,0.0002405983790649,0.0072202166064982,6.872414544037631e-05,0.0036101083032489,0.0001153173276882,0.0216606498194946,5.949492702389455e-05,0.0252707581227435,6.72359738894834e-05,0.0288808664259927,0.0002481375966558,0.0324909747292418,0.0001544696521817,0.036101083032491,0.0001780057558943,1.0,1.0,2.0,2.0,1.0
65,10:18:36,3,0.0180505415162455,36770.0,0.01985559566787,0.0180505415162455,0.0001482423248764,0.0144404332129963,0.0001418553225121,0.0108303249097472,0.0002405983790649,0.0072202166064982,6.872414544037631e-05,0.0036101083032489,0.000115540872771,0.0216606498194946,5.6109815770790506e-05,0.0252707581227435,6.72359738894834e-05,0.0288808664259927,0.0002482972717149,0.0324909747292418,0.0001544696521817,0.036101083032491,0.0001780057558943,1.0,1.0,2.0,2.0,2.0
65,10:18:39,3,0.0216606498194946,2830.0,0.01985559566787,0.0180505415162455,0.0001504139056803,0.0144404332129963,0.0001418553225121,0.0108303249097472,0.0002399596788285,0.0072202166064982,6.872414544037631e-05,0.0036101083032489,0.000115540872771,0.0216606498194946,5.579046565257315e-05,0.0252707581227435,6.72359738894834e-05,0.0288808664259927,0.0002482972717149,0.0324909747292418,0.0001544696521817,0.036101083032491,0.0001780057558943,1.0,1.0,2.0,2.0,2.0
65,10:18:42,3,0.0216606498194946,0.0,0.01985559566787,0.0180505415162455,0.0001547251322763,0.0144404332129963,0.0001418553225121,0.0108303249097472,0.0002399596788285,0.0072202166064982,6.872414544037631e-05,0.0036101083032489,0.000115540872771,0.0216606498194946,5.585433567621662e-05,0.0252707581227435,6.72359738894834e-05,0.0288808664259927,0.0002482972717149,0.0324909747292418,0.0001544696521817,0.036101083032491,0.0001780057558943,1.0,1.0,2.0,2.0,2.0
65,10:18:45,3,0.0216606498194946,16697.0,0.01985559566787,0.0180505415162455,0.0001536074068625,0.0144404332129963,0.0001418553225121,0.0108303249097472,0.0002390016284738,0.0072202166064982,6.872414544037631e-05,0.0036101083032489,0.000115540872771,0.0216606498194946,5.3970169978734186e-05,0.0252707581227435,6.72359738894834e-05,0.0288808664259927,0.000249894022306,0.0324909747292418,0.0001544696521817,0.036101083032491,0.0001780057558943,1.0,1.0,2.0,2.0,2.0
65,10:18:48,3,0.0216606498194946,17263.0,0.01985559566787,0.0180505415162455,0.0001541503020635,0.0144404332129963,0.0001418553225121,0.0108303249097472,0.0002390016284738,0.0072202166064982,6.872414544037631e-05,0.0036101083032489,0.000115540872771,0.0216606498194946,5.298018461226036e-05,0.0252707581227435,6.72359738894834e-05,0.0288808664259927,0.000249894022306,0.0324909747292418,0.0001544696521817,0.036101083032491,0.0001780057558943,1.0,2.0,2.0,2.0,2.0
65,10:18:51,3,0.0216606498194946,12169.0,0.01985559566787,0.0180505415162455,0.0001541503020635,0.0144404332129963,0.0001418553225121,0.0108303249097472,0.0002396403287103,0.0072202166064982,6.872414544037631e-05,0.0036101083032489,0.000115540872771,0.0216606498194946,5.320372969501252e-05,0.0252707581227435,6.953529474064841e-05,0.0288808664259927,0.0002523530182163,0.0324909747292418,0.0001544696521817,0.036101083032491,0.0001780057558943,1.0,2.0,2.0,2.0,2.0
65,10:18:54,3,0.0216606498194946,100655.0,0.01985559566787,0.0180505415162455,0.0001520745262951,0.0144404332129963,0.0001387895613772,0.0108303249097472,0.0002396403287103,0.0072202166064982,6.872414544037631e-05,0.0036101083032489,0.000115540872771,0.0216606498194946,4.480482158589589e-05,0.0252707581227435,6.953529474064841e-05,0.0288808664259927,0.0002523530182163,0.0324909747292418,0.0001544696521817,0.036101083032491,0.0001780057558943,1.0,2.0,2.0,2.0,2.0
65,10:18:57,3,0.0216606498194946,17829.0,0.01985559566787,0.0180505415162455,0.0001524258114251,0.0144404332129963,0.0001378315110226,0.0108303249097472,0.0002394806536511,0.0072202166064982,6.872414544037631e-05,0.0036101083032489,0.0001153173276882,0.0216606498194946,5.333146974229946e-05,0.0252707581227435,6.953529474064841e-05,0.0288808664259927,0.0002561852196349,0.0324909747292418,0.0001544696521817,0.036101083032491,0.0001780057558943,1.0,2.0,2.0,2.0,2.0
65,10:19:00,3,0.0216606498194946,104993.0,0.01985559566787,0.0180505415162455,0.0001524258114251,0.0144404332129963,0.0001378315110226,0.0108303249097472,0.0002394806536511,0.0072202166064982,6.872414544037631e-05,0.0036101083032489,0.0001153173276882,0.0216606498194946,4.148358035643533e-05,0.0252707581227435,6.953529474064841e-05,0.0288808664259927,0.0002561852196349,0.0324909747292418,0.0001544696521817,0.036101083032491,0.0001796025064854,1.0,2.0,2.0,2.0,2.0
65,10:19:03,3,0.0216606498194946,143196.0,0.01985559566787,0.0180505415162455,0.0001533838617797,0.0144404332129963,0.0001378315110226,0.0108303249097472,0.0002394806536511,0.0072202166064982,6.872414544037631e-05,0.0036101083032489,0.0001153173276882,0.0216606498194946,2.538833439828028e-05,0.0252707581227435,6.953529474064841e-05,0.0288808664259927,0.0002565045697531,0.0324909747292418,0.0001544696521817,0.036101083032491,0.0001796025064854,2.0,2.0,2.0,2.0,2.0
65,10:19:06,3,0.0216606498194946,69618.0,0.01985559566787,0.0180505415162455,0.0001553318975009,0.0144404332129963,0.0001378315110226,0.0108303249097472,0.0002394806536511,0.0072202166064982,9.90624066710257e-05,0.0036101083032489,0.0001153173276882,0.0216606498194946,4.882863307543465e-05,0.0252707581227435,6.953529474064841e-05,0.0288808664259927,0.0002565045697531,0.0324909747292418,0.0001528729015906,0.036101083032491,0.0001796025064854,2.0,2.0,2.0,2.0,2.0
65,10:19:09,3,0.0216606498194946,68188.0,0.01985559566787,0.0180505415162455,0.0001586212037185,0.0144404332129963,0.0001378953810462,0.0108303249097472,0.0002394806536511,0.0072202166064982,9.90624066710257e-05,0.0036101083032489,0.0001153173276882,0.0216606498194946,4.167519042736575e-05,0.0252707581227435,6.950335972882667e-05,0.0288808664259927,0.0002565045697531,0.0324909747292418,0.0001528729015906,0.036101083032491,0.0001796025064854,2.0,2.0,2.0,2.0,2.0
65,10:19:12,3,0.0216606498194946,94539.0,0.01985559566787,0.0180505415162455,0.0001493281152784,0.0144404332129963,0.0001378953810462,0.0108303249097472,0.0002394806536511,0.0072202166064982,9.90624066710257e-05,0.0036101083032489,0.0001153173276882,0.0216606498194946,3.966328468259637e-05,0.0252707581227435,7.205816067456556e-05,0.0288808664259927,0.0002566003747885,0.0324909747292418,0.0001528729015906,0.036101083032491,0.0001796025064854,2.0,2.0,2.0,2.0,2.0
65,10:19:15,3,0.0216606498194946,194401.0,0.01985559566787,0.0180505415162455,0.000150286165633,0.0144404332129963,0.0001378953810462,0.0108303249097472,0.0002394806536511,0.0072202166064982,9.90624066710257e-05,0.0036101083032489,0.0001159560279247,0.0216606498194946,1.839456680932005e-05,0.0252707581227435,7.202622566274383e-05,0.0288808664259927,0.0002566003747885,0.0324909747292418,0.0001528729015906,0.036101083032491,0.0001796025064854,2.0,2.0,2.0,2.0,2.0
65,10:19:18,3,0.0216606498194946,163291.0,0.023465703971119,0.0216606498194946,3.0082781136075505e-05,0.0180505415162455,0.0001490087651602,0.0144404332129963,0.0001378953810462,0.0108303249097472,0.0002394806536511,0.0072202166064982,9.90624066710257e-05,0.0252707581227435,7.218590072185252e-05,0.0288808664259927,0.0002566003747885,0.0324909747292418,0.0001528729015906,0.036101083032491,0.0001796025064854,0.0397111913357399,0.0004852030053629,1.0,1.0,1.0,1.0,1.0
65,10:19:21,3,0.0216606498194946,0.0,0.023465703971119,0.0216606498194946,3.2605647069992664e-05,0.0180505415162455,0.0001559705977373,0.0144404332129963,0.0001378953810462,0.0108303249097472,0.0002410774042422,0.0072202166064982,9.90624066710257e-05,0.0252707581227435,7.228170575731772e-05,0.0288808664259927,0.0002566003747885,0.0324909747292418,0.0001528729015906,0.036101083032491,0.0001796025064854,0.0397111913357399,0.0004852030053629,1.0,1.0,1.0,1.0,1.0
65,10:19:24,3,0.0216606498194946,0.0,0.023465703971119,0.0216606498194946,3.372337248375343e-05,0.0180505415162455,0.0001543738471462,0.0144404332129963,0.0001384063412354,0.0108303249097472,0.0002393529136039,0.0072202166064982,9.90624066710257e-05,0.0252707581227435,7.228170575731772e-05,0.0288808664259927,0.0002566003747885,0.0324909747292418,0.0001528729015906,0.036101083032491,0.0001796025064854,0.0397111913357399,0.0004852030053629,1.0,1.0,1.0,1.0,1.0
65,10:19:27,3,0.0216606498194946,22926.0,0.023465703971119,0.0216606498194946,3.3276282318249126e-05,0.0180505415162455,0.0001543738471462,0.0144404332129963,0.0001384063412354,0.0108303249097472,0.0002393529136039,0.0072202166064982,9.90624066710257e-05,0.0252707581227435,7.177074556816995e-05,0.0288808664259927,0.0002481350418548,0.0324909747292418,0.0001528729015906,0.036101083032491,0.0001796025064854,0.0397111913357399,0.0004852030053629,1.0,1.0,1.0,1.0,1.0
65,10:19:30,3,0.0252707581227435,1704.0,0.023465703971119,0.0216606498194946,3.3276282318249126e-05,0.0180505415162455,0.0001543738471462,0.0144404332129963,0.0001384063412354,0.0108303249097472,0.0002394167836275,0.0072202166064982,9.90624066710257e-05,0.0252707581227435,7.157913549723953e-05,0.0288808664259927,0.0002481350418548,0.0324909747292418,0.0001528729015906,0.036101083032491,0.0001796025064854,0.0397111913357399,0.0004852030053629,1.0,1.0,1.0,1.0,1.0
65,10:19:33,3,0.0216606498194946,80122.0,0.023465703971119,0.0216606498194946,2.439579423086072e-05,0.0180505415162455,0.0001546931972644,0.0144404332129963,0.0001384063412354,0.0108303249097472,0.0002393848486157,0.0072202166064982,9.90624066710257e-05,0.0252707581227435,7.125978537902217e-05,0.0288808664259927,0.0002481350418548,0.0324909747292418,0.0001528729015906,0.036101083032491,0.0001796025064854,0.0397111913357399,0.0004852030053629,1.0,1.0,1.0,0.0,1.0
65,10:19:36,3,0.0252707581227435,198516.0,0.023465703971119,0.0216606498194946,2.439579423086072e-05,0.0180505415162455,0.0001546931972644,0.0144404332129963,0.00013936439159,0.0108303249097472,0.0002393848486157,0.0072202166064982,9.90624066710257e-05,0.0252707581227435,4.89691471274503e-05,0.0288808664259927,0.0002481350418548,0.0324909747292418,0.0001528729015906,0.036101083032491,0.0001796025064854,0.0397111913357399,0.0004852030053629,1.0,1.0,1.0,1.0,1.0
65,10:19:39,3,0.0252707581227435,568.0,0.023465703971119,0.0216606498194946,2.758929541303434e-05,0.0180505415162455,0.0001546931972644,0.0144404332129963,0.0001395240666491,0.0108303249097472,0.0002393848486157,0.0072202166064982,9.53579452997043e-05,0.0252707581227435,4.89691471274503e-05,0.0288808664259927,0.0002481350418548,0.0324909747292418,0.0001528729015906,0.036101083032491,0.0001796025064854,0.0397111913357399,0.000486799755954,1.0,1.0,1.0,1.0,1.0
65,10:19:42,3,0.0216606498194946,45422.0,0.023465703971119,0.0216606498194946,3.148536685528616e-05,0.0180505415162455,0.0001521383963187,0.0144404332129963,0.0001395240666491,0.0108303249097472,0.0002391293685211,0.0072202166064982,9.53579452997043e-05,0.0252707581227435,4.475372556698112e-05,0.0288808664259927,0.0002488695471267,0.0324909747292418,0.0001528729015906,0.036101083032491,0.0001796025064854,0.0397111913357399,0.000486799755954,1.0,1.0,1.0,1.0,1.0
65,10:19:45,3,0.0252707581227435,153360.0,0.023465703971119,0.0216606498194946,3.199632704443394e-05,0.0180505415162455,0.0001515635661059,0.0144404332129963,0.0001395240666491,0.0108303249097472,0.0002392890435802,0.0072202166064982,9.53579452997043e-05,0.0252707581227435,2.750881918324357e-05,0.0288808664259927,0.0002488695471267,0.0324909747292418,0.0001528729015906,0.036101083032491,0.0001796025064854,0.0397111913357399,0.0004871191060722,1.0,1.0,1.0,1.0,1.0
65,10:19:48,3,0.0252707581227435,0.0,0.023465703971119,0.0216606498194946,4.256681595742862e-05,0.0180505415162455,0.0001493281152784,0.0144404332129963,0.0001398434167673,0.0108303249097472,0.0002392890435802,0.0072202166064982,9.53579452997043e-05,0.0252707581227435,2.750881918324357e-05,0.0288808664259927,0.000249188897245,0.0324909747292418,0.0001528729015906,0.036101083032491,0.0001796025064854,0.0397111913357399,0.0004871191060722,1.0,1.0,1.0,1.0,1.0
65,10:19:51,3,0.0216606498194946,32658.0,0.023465703971119,0.0216606498194946,4.7325132718867314e-05,0.0180505415162455,0.0001471565344745,0.0144404332129963,0.0001398434167673,0.0108303249097472,0.000234850076937,0.0072202166064982,9.53579452997043e-05,0.0252707581227435,3.514128700863852e-05,0.0288808664259927,0.000249188897245,0.0324909747292418,0.0001528729015906,0.036101083032491,0.0001796025064854,0.0397111913357399,0.0004871191060722,1.0,1.0,1.0,1.0,1.0
65,10:19:54,3,0.0252707581227435,2272.0,0.023465703971119,0.0216606498194946,5.492566553244053e-05,0.0180505415162455,0.0001472204044982,0.0144404332129963,0.0001398434167673,0.0108303249097472,0.000234850076937,0.0072202166064982,9.53579452997043e-05,0.0252707581227435,3.49496769377081e-05,0.0288808664259927,0.000249188897245,0.0324909747292418,0.0001528729015906,0.036101083032491,0.0001796025064854,0.0397111913357399,0.0004871191060722,1.0,1.0,1.0,1.0,1.0
65,10:19:57,3,0.0252707581227435,7952.0,0.023465703971119,0.0216606498194946,5.492566553244053e-05,0.0180505415162455,0.000148497804971,0.0144404332129963,0.0001398434167673,0.0108303249097472,0.0002344668567951,0.0072202166064982,9.53579452997043e-05,0.0252707581227435,3.405549660669949e-05,0.0288808664259927,0.000249188897245,0.0324909747292418,0.0001528729015906,0.036101083032491,0.0001796025064854,0.0397111913357399,0.0004871191060722,1.0,1.0,1.0,1.0,1.0
65,10:20:00,3,0.0252707581227435,4828.0,0.023465703971119,0.0216606498194946,7.300088222354321e-05,0.0180505415162455,0.0001491365052075,0.0144404332129963,0.0001396837417082,0.0108303249097472,0.0002356803872444,0.0072202166064982,9.53579452997043e-05,0.0252707581227435,3.2554551051077883e-05,0.0288808664259927,0.000249188897245,0.0324909747292418,0.0001528729015906,0.036101083032491,0.0001796025064854,0.0397111913357399,0.000486799755954,1.0,1.0,1.0,1.0,1.0
65,10:20:03,3,0.0252707581227435,14200.0,0.023465703971119,0.0216606498194946,7.300088222354321e-05,0.0180505415162455,0.0001509887358931,0.0144404332129963,0.0001396837417082,0.0108303249097472,0.0002356803872444,0.0072202166064982,9.53579452997043e-05,0.0252707581227435,3.1213280554564966e-05,0.0288808664259927,0.0002523185284035,0.0324909747292418,0.0001528729015906,0.036101083032491,0.0001799218566036,0.0397111913357399,0.000486799755954,1.0,1.0,1.0,1.0,1.0
65,10:20:06,3,0.0252707581227435,262217.0,0.023465703971119,0.0216606498194946,4.850672815627155e-05,0.0180505415162455,0.0001509887358931,0.0144404332129963,0.0001392047165309,0.0108303249097472,0.0002356803872444,0.0072202166064982,9.53579452997043e-05,0.0252707581227435,2.664657386405669e-05,0.0288808664259927,0.0002523185284035,0.0324909747292418,0.0001528729015906,0.036101083032491,0.0001799218566036,0.0397111913357399,0.0004893545568997,1.0,1.0,1.0,1.0,1.0
65,10:20:09,3,0.0252707581227435,2840.0,0.023465703971119,0.0216606498194946,5.492566553244053e-05,0.0180505415162455,0.0001509887358931,0.0144404332129963,0.0001392047165309,0.0108303249097472,0.0002356803872444,0.0072202166064982,9.53579452997043e-05,0.0252707581227435,2.6327223745839324e-05,0.0288808664259927,0.0002523185284035,0.0324909747292418,0.0001528729015906,0.036101083032491,0.0001799218566036,0.0397111913357399,0.0004893545568997,1.0,1.0,1.0,1.0,1.0
65,10:20:12,3,0.0252707581227435,5680.0,0.023465703971119,0.0216606498194946,5.744853146635769e-05,0.0180505415162455,0.0001507971258222,0.0144404332129963,0.0001392047165309,0.0108303249097472,0.0002356165172207,0.0072202166064982,9.53579452997043e-05,0.0252707581227435,2.6007873627621963e-05,0.0288808664259927,0.0002532765787581,0.0324909747292418,0.0001529367716142,0.036101083032491,0.0001799218566036,0.0397111913357399,0.0004893545568997,1.0,1.0,1.0,1.0,1.0
65,10:20:15,3,0.0252707581227435,137740.0,0.023465703971119,0.0216606498194946,5.744853146635769e-05,0.0180505415162455,0.0001507971258222,0.0144404332129963,0.0001392047165309,0.0108303249097472,0.0002356165172207,0.0072202166064982,9.53579452997043e-05,0.0252707581227435,4.497727064973327e-05,0.0288808664259927,0.0002532765787581,0.0324909747292418,0.0001529367716142,0.036101083032491,0.0001799218566036,0.0397111913357399,0.0004893545568997,1.0,1.0,1.0,1.0,1.0
65,10:20:18,3,0.0252707581227435,0.0,0.023465703971119,0.0216606498194946,5.8406581821009776e-05,0.0180505415162455,0.0001507971258222,0.0144404332129963,0.0001393324565782,0.0108303249097472,0.0002356165172207,0.0072202166064982,9.53579452997043e-05,0.0252707581227435,4.5009205661555e-05,0.0288808664259927,0.0002564700799403,0.0324909747292418,0.0001529367716142,0.036101083032491,0.0001799218566036,0.0397111913357399,0.0004893545568997,1.0,1.0,1.0,1.0,1.0
65,10:20:21,3,0.0252707581227435,568.0,0.023465703971119,0.0216606498194946,6.00991374475618e-05,0.0180505415162455,0.0001498390754675,0.0144404332129963,0.0001386937563418,0.0108303249097472,0.0002356803872444,0.0072202166064982,9.909434168284744e-05,0.0252707581227435,4.494533563791153e-05,0.0288808664259927,0.0002580668305314,0.0324909747292418,0.0001529367716142,0.036101083032491,0.0001799218566036,0.0397111913357399,0.0004893545568997,1.0,1.0,1.0,1.0,1.0
65,10:20:24,3,0.0252707581227435,0.0,0.023465703971119,0.0216606498194946,6.00991374475618e-05,0.0180505415162455,0.0001498390754675,0.0144404332129963,0.0001386937563418,0.0108303249097472,0.0002356803872444,0.0072202166064982,9.909434168284744e-05,0.0252707581227435,4.577564594527667e-05,0.0288808664259927,0.0002580668305314,0.0324909747292418,0.0001529367716142,0.036101083032491,0.0001799218566036,0.0397111913357399,0.0004893545568997,1.0,1.0,1.0,1.0,1.0
65,10:20:27,3,0.0252707581227435,0.0,0.023465703971119,0.0216606498194946,6.121686286132256e-05,0.0180505415162455,0.0001498390754675,0.0144404332129963,0.0001386937563418,0.0108303249097472,0.0002354249071498,0.0072202166064982,9.909434168284744e-05,0.0252707581227435,4.6190801098959247e-05,0.0288808664259927,0.0002582265055905,0.0324909747292418,0.0001551083524181,0.036101083032491,0.0001799218566036,0.0397111913357399,0.0004930270832592,1.0,1.0,1.0,1.0,1.0
65,10:20:30,3,0.0252707581227435,4544.0,0.023465703971119,0.0216606498194946,6.140847293225298e-05,0.0180505415162455,0.0001498390754675,0.0144404332129963,0.0001386937563418,0.0108303249097472,0.0002354249071498,0.0072202166064982,0.0001006910922739,0.0252707581227435,4.663789126446355e-05,0.0288808664259927,0.0002518395032262,0.0324909747292418,0.0001581421785412,0.036101083032491,0.0001797941165563,0.0397111913357399,0.0004930270832592,1.0,1.0,1.0,1.0,1.0
65,10:20:33,3,0.0252707581227435,42572.0,0.023465703971119,0.0216606498194946,6.108912281403562e-05,0.0180505415162455,0.0001498390754675,0.0144404332129963,0.0001386937563418,0.0108303249097472,0.0002359997373626,0.0072202166064982,0.0001006910922739,0.0252707581227435,4.274181982221173e-05,0.0288808664259927,0.000253116903699,0.0324909747292418,0.0001581421785412,0.036101083032491,0.0001801134666745,0.0397111913357399,0.0004930270832592,1.0,1.0,0.0,1.0,1.0
65,10:20:36,3,0.0252707581227435,14200.0,0.023465703971119,0.0216606498194946,6.179169307411381e-05,0.0180505415162455,0.0001498390754675,0.0144404332129963,0.0001384382762472,0.0108303249097472,0.0002359997373626,0.0072202166064982,0.0001006910922739,0.0252707581227435,5.3919073959819406e-05,0.0288808664259927,0.000253116903699,0.0324909747292418,0.0001577908934111,0.036101083032491,0.0001801134666745,0.0397111913357399,0.0004930270832592,1.0,1.0,1.0,1.0,1.0
65,10:20:39,3,0.0252707581227435,29536.0,0.023465703971119,0.0216606498194946,6.61029196700482e-05,0.0180505415162455,0.000150477775704,0.0144404332129963,0.0001393963266018,0.0108303249097472,0.0002358081272917,0.0072202166064982,0.0001006910922739,0.0252707581227435,5.155588308501093e-05,0.0288808664259927,0.0002535959288764,0.0324909747292418,0.0001577908934111,0.036101083032491,0.0001817102172656,0.0397111913357399,0.0004930270832592,1.0,1.0,1.0,1.0,1.0
65,10:20:42,3,0.0252707581227435,292088.0,0.023465703971119,0.0216606498194946,3.633948865219006e-05,0.0180505415162455,0.0001505416457276,0.0144404332129963,0.0001393963266018,0.0108303249097472,0.0002358081272917,0.0072202166064982,0.0001006910922739,0.0252707581227435,5.149201306136745e-05,0.0288808664259927,0.0002535959288764,0.0324909747292418,0.0001577908934111,0.036101083032491,0.0001822531124666,0.0397111913357399,0.0004930270832592,1.0,1.0,1.0,1.0,1.0
65,10:20:45,3,0.0252707581227435,55096.0,0.023465703971119,0.0216606498194946,3.633948865219006e-05,0.0180505415162455,0.0001505416457276,0.0144404332129963,0.0001393963266018,0.0108303249097472,0.0002358081272917,0.0072202166064982,0.0001006910922739,0.0252707581227435,4.529662076795063e-05,0.0288808664259927,0.0002575878053541,0.0324909747292418,0.0001577908934111,0.036101083032491,0.0001822531124666,0.0397111913357399,0.0004930270832592,1.0,1.0,1.0,1.0,1.0
65,10:20:48,3,0.0252707581227435,10224.0,0.023465703971119,0.0216606498194946,3.633948865219006e-05,0.0180505415162455,0.0001505735807394,0.0144404332129963,0.0001393963266018,0.0108303249097472,0.0002358081272917,0.0072202166064982,0.0001006910922739,0.0252707581227435,4.414696034236813e-05,0.0288808664259927,0.0002577155454014,0.0324909747292418,0.0001577908934111,0.036101083032491,0.0001820934374075,0.0397111913357399,0.0004930270832592,1.0,1.0,1.0,1.0,1.0
65,10:20:51,3,0.0216606498194946,237663.0,0.023465703971119,0.0216606498194946,3.4902413120211934e-05,0.0180505415162455,0.0001537670819216,0.0144404332129963,0.0001393963266018,0.0108303249097472,0.0002326146261095,0.0072202166064982,0.0001006910922739,0.0252707581227435,1.8854430979553053e-05,0.0288808664259927,0.0002580668305314,0.0324909747292418,0.0001577908934111,0.036101083032491,0.0001820934374075,0.0397111913357399,0.0004930270832592,1.0,1.0,1.0,1.0,1.0
65,10:20:54,3,0.0252707581227435,4260.0,0.023465703971119,0.0216606498194946,4.7995767967123776e-05,0.0180505415162455,0.0001538948219689,0.0144404332129963,0.0001395240666491,0.0108303249097472,0.0002326146261095,0.0072202166064982,0.0001006910922739,0.0252707581227435,1.997215639331382e-05,0.0288808664259927,0.0002580668305314,0.0324909747292418,0.0001577908934111,0.036101083032491,0.0001820934374075,0.0397111913357399,0.000492707733141,1.0,1.0,1.0,1.0,1.0
65,10:20:57,3,0.0252707581227435,27548.0,0.023465703971119,0.0216606498194946,5.339278496499719e-05,0.0180505415162455,0.0001538948219689,0.0144404332129963,0.0001398434167673,0.0108303249097472,0.0002326146261095,0.0072202166064982,0.0001006910922739,0.0252707581227435,2.326146261095265e-05,0.0288808664259927,0.0002580668305314,0.0324909747292418,0.0001577908934111,0.036101083032491,0.0001820934374075,0.0397111913357399,0.000492707733141,1.0,1.0,1.0,1.0,1.0
65,10:21:00,3,0.0252707581227435,4544.0,0.023465703971119,0.0216606498194946,5.371213508321456e-05,0.0180505415162455,0.0001538948219689,0.0144404332129963,0.0001398434167673,0.0108303249097472,0.0002326146261095,0.0072202166064982,0.0001006910922739,0.0252707581227435,2.367661776463522e-05,0.0288808664259927,0.0002580668305314,0.0324909747292418,0.0001583018536003,0.036101083032491,0.0001820934374075,0.0397111913357399,0.000492707733141,1.0,1.0,1.0,1.0,1.0
65,10:21:03,3,0.0252707581227435,1704.0,0.023465703971119,0.0216606498194946,5.371213508321456e-05,0.0180505415162455,0.0001538948219689,0.0144404332129963,0.0001398434167673,0.0108303249097472,0.0002326146261095,0.0072202166064982,0.0001006910922739,0.0252707581227435,2.4123707930139527e-05,0.0288808664259927,0.0002579071554723,0.0324909747292418,0.0001583018536003,0.036101083032491,0.0001820934374075,0.0397111913357399,0.0004914303326681,1.0,0.0,1.0,1.0,1.0
65,10:21:06,3,0.0252707581227435,36636.0,0.023465703971119,0.0216606498194946,5.530888567430137e-05,0.0180505415162455,0.0001546931972644,0.0144404332129963,0.0001398434167673,0.0108303249097472,0.0002326146261095,0.0072202166064982,0.0001006910922739,0.0252707581227435,4.702111140632439e-05,0.0288808664259927,0.0002579071554723,0.0324909747292418,0.0001583018536003,0.036101083032491,0.0001820934374075,0.0397111913357399,0.0004914303326681,1.0,1.0,1.0,1.0,1.0
65,10:21:09,3,0.0216606498194946,9651.0,0.023465703971119,0.0216606498194946,5.642661108806213e-05,0.0180505415162455,0.0001546931972644,0.0144404332129963,0.0001387895613772,0.0108303249097472,0.0002326146261095,0.0072202166064982,0.0001006910922739,0.0252707581227435,4.666982627628528e-05,0.0288808664259927,0.0002582265055905,0.0324909747292418,0.0001583018536003,0.036101083032491,0.0001820934374075,0.0397111913357399,0.0004914303326681,1.0,1.0,1.0,1.0,1.0
65,10:21:12,3,0.0216606498194946,0.0,0.023465703971119,0.0216606498194946,5.642661108806213e-05,0.0180505415162455,0.0001546931972644,0.0144404332129963,0.0001387895613772,0.0108303249097472,0.0002326146261095,0.0072202166064982,0.0001006910922739,0.0252707581227435,4.666982627628528e-05,0.0288808664259927,0.0002582265055905,0.0324909747292418,0.0001583018536003,0.036101083032491,0.0001820934374075,0.0397111913357399,0.0005003082659546,1.0,1.0,1.0,1.0,1.0
65,10:21:15,3,0.0252707581227435,12212.0,0.023465703971119,0.0216606498194946,5.642661108806213e-05,0.0180505415162455,0.0001546931972644,0.0144404332129963,0.0001387895613772,0.0108303249097472,0.0002326146261095,0.0072202166064982,0.0001006910922739,0.0252707581227435,4.529662076795063e-05,0.0288808664259927,0.0002582265055905,0.0324909747292418,0.0001583018536003,0.036101083032491,0.0001820934374075,0.0397111913357399,0.0005003082659546,1.0,1.0,1.0,1.0,2.0
65,10:21:18,3,0.0252707581227435,0.0,0.023465703971119,0.0216606498194946,5.706531132449686e-05,0.0180505415162455,0.0001546931972644,0.0144404332129963,0.0001389173014245,0.0108303249097472,0.0002326146261095,0.0072202166064982,0.0001006910922739,0.0252707581227435,5.037428764760669e-05,0.0288808664259927,0.0002582265055905,0.0324909747292418,0.0001545654572172,0.036101083032491,0.0001820934374075,0.0397111913357399,0.0005003082659546,0.0,1.0,1.0,1.0,2.0
65,10:21:21,3,0.0252707581227435,0.0,0.023465703971119,0.0216606498194946,5.9268827140196656e-05,0.0180505415162455,0.0001546931972644,0.0144404332129963,0.0001389173014245,0.0108303249097472,0.0002326146261095,0.0072202166064982,0.0001006910922739,0.0252707581227435,5.050202769489363e-05,0.0288808664259927,0.0002614200067727,0.0324909747292418,0.0001545654572172,0.036101083032491,0.0001820934374075,0.0397111913357399,0.0005003082659546,1.0,1.0,1.0,1.0,2.0
65,10:21:24,3,0.0216606498194946,19810.0,0.023465703971119,0.0216606498194946,5.732079141907075e-05,0.0180505415162455,0.0001499029454912,0.0144404332129963,0.0001389173014245,0.0108303249097472,0.0002345307268188,0.0072202166064982,0.0001006910922739,0.0252707581227435,7.215396571003078e-05,0.0288808664259927,0.0002616754868673,0.0324909747292418,0.0001545654572172,0.036101083032491,0.0001820934374075,0.0397111913357399,0.0005003082659546,1.0,1.0,1.0,1.0,2.0
65,10:21:27,3,0.0252707581227435,5112.0,0.023465703971119,0.0216606498194946,5.776788158457505e-05,0.0180505415162455,0.0001499029454912,0.0144404332129963,0.0001382786011881,0.0108303249097472,0.0002345307268188,0.0072202166064982,0.0001006910922739,0.0252707581227435,7.157913549723953e-05,0.0288808664259927,0.0002616754868673,0.0324909747292418,0.0001545654572172,0.036101083032491,0.0001820934374075,0.0397111913357399,0.0005003082659546,1.0,1.0,1.0,1.0,2.0
65,10:21:30,3,0.0252707581227435,14200.0,0.023465703971119,0.0216606498194946,5.783175160821852e-05,0.0180505415162455,0.0001499029454912,0.0144404332129963,0.0001383105361999,0.0108303249097472,0.0002345307268188,0.0072202166064982,0.0001006910922739,0.0252707581227435,8.163866422108642e-05,0.0288808664259927,0.0002611964616899,0.0324909747292418,0.0001449849536706,0.036101083032491,0.0001820934374075,0.0397111913357399,0.0005003082659546,1.0,1.0,1.0,1.0,2.0
65,10:21:33,3,0.0216606498194946,533725.0,0.01985559566787,0.0180505415162455,0.0001499029454912,0.0144404332129963,0.0001383105361999,0.0108303249097472,0.0002345307268188,0.0072202166064982,0.0001006910922739,0.0036101083032489,0.0001121238265061,0.0216606498194946,3.962496266841028e-06,0.0252707581227435,8.451281528504269e-05,0.0288808664259927,0.000262793212281,0.0324909747292418,0.0001449849536706,0.036101083032491,0.0001820934374075,2.0,2.0,2.0,2.0,2.0
65,10:21:36,3,0.0216606498194946,43322.0,0.023465703971119,0.0216606498194946,1.4751420660696387e-05,0.0180505415162455,0.0001499029454912,0.0144404332129963,0.0001383105361999,0.0108303249097472,0.0002345307268188,0.0072202166064982,0.0001006910922739,0.0252707581227435,8.492797043872526e-05,0.0288808664259927,0.000262793212281,0.0324909747292418,0.0001454320438361,0.036101083032491,0.0001820934374075,0.0397111913357399,0.0004998292407773,1.0,1.0,1.0,1.0,2.0
65,10:21:39,3,0.0216606498194946,10757.0,0.023465703971119,0.0216606498194946,1.471948564887465e-05,0.0180505415162455,0.0001499029454912,0.0144404332129963,0.0001383105361999,0.0108303249097472,0.0002345307268188,0.0072202166064982,0.0001006910922739,0.0252707581227435,8.626924093523817e-05,0.0288808664259927,0.000262793212281,0.0324909747292418,0.0001454320438361,0.036101083032491,0.0001820934374075,0.0397111913357399,0.0004998292407773,1.0,1.0,1.0,1.0,2.0
65,10:21:42,3,0.0252707581227435,15620.0,0.023465703971119,0.0216606498194946,2.27032386043087e-05,0.0180505415162455,0.0001514996960823,0.0144404332129963,0.0001383105361999,0.0108303249097472,0.000234850076937,0.0072202166064982,0.0001006910922739,0.0252707581227435,8.840888672729451e-05,0.0288808664259927,0.0002624099921392,0.0324909747292418,0.0001454320438361,0.036101083032491,0.0001820934374075,0.0397111913357399,0.0005030227419594,1.0,1.0,1.0,1.0,2.0
65,10:21:45,3,0.0252707581227435,1988.0,0.023465703971119,0.0216606498194946,2.560932468008669e-05,0.0180505415162455,0.0001518190462005,0.0144404332129963,0.0001383105361999,0.0108303249097472,0.000234850076937,0.0072202166064982,0.0001006910922739,0.0252707581227435,8.818534164454235e-05,0.0288808664259927,0.0002624099921392,0.0324909747292418,0.0001454320438361,0.036101083032491,0.0001820934374075,0.0397111913357399,0.0005030227419594,1.0,1.0,1.0,1.0,2.0
65,10:21:48,3,0.0216606498194946,14150.0,0.023465703971119,0.0216606498194946,2.401257408899989e-05,0.0180505415162455,0.0001525535514724,0.0144404332129963,0.0001385660162945,0.0108303249097472,0.000234850076937,0.0072202166064982,0.0001006910922739,0.0252707581227435,8.818534164454235e-05,0.0288808664259927,0.0002624099921392,0.0324909747292418,0.0001454320438361,0.036101083032491,0.0001820934374075,0.0397111913357399,0.0005030227419594,1.0,1.0,1.0,1.0,2.0
65,10:21:51,3,0.0216606498194946,129331.0,0.023465703971119,0.0216606498194946,1.363369524693562e-05,0.0180505415162455,0.0001537990169334,0.0144404332129963,0.0001385660162945,0.0108303249097472,0.000234850076937,0.0072202166064982,0.0001006910922739,0.0252707581227435,8.856856178640319e-05,0.0288808664259927,0.0002624099921392,0.0324909747292418,0.0001454320438361,0.036101083032491,0.0001820934374075,0.0397111913357399,0.0005030227419594,1.0,1.0,1.0,1.0,2.0
65,10:21:54,3,0.0216606498194946,7641.0,0.023465703971119,0.0216606498194946,1.2771449927748745e-05,0.0180505415162455,0.0001537990169334,0.0144404332129963,0.0001385660162945,0.0108303249097472,0.000234850076937,0.0072202166064982,0.0001006910922739,0.0252707581227435,8.73550313371772e-05,0.0288808664259927,0.0002624099921392,0.0324909747292418,0.000145463978848,0.036101083032491,0.0001820934374075,0.0397111913357399,0.0005030227419594,1.0,1.0,1.0,1.0,2.0
65,10:21:57,3,0.0252707581227435,14768.0,0.023465703971119,0.0216606498194946,1.3984980376974718e-05,0.0180505415162455,0.0001537990169334,0.0144404332129963,0.0001385660162945,0.0108303249097472,0.000234850076937,0.0072202166064982,0.0001006910922739,0.0252707581227435,8.582215076973388e-05,0.0288808664259927,0.0002624099921392,0.0324909747292418,0.000145463978848,0.036101083032491,0.0001820934374075,0.0397111913357399,0.0005030227419594,1.0,1.0,1.0,1.0,2.0
65,10:22:00,3,0.0216606498194946,4817.0,0.023465703971119,0.0216606498194946,2.161744820236967e-05,0.0180505415162455,0.0001544377171699,0.0144404332129963,0.0001385660162945,0.0108303249097472,0.000234850076937,0.0072202166064982,0.0001006910922739,0.0252707581227435,8.572634573426866e-05,0.0288808664259927,0.0002624099921392,0.0324909747292418,0.000145463978848,0.036101083032491,0.0001820934374075,0.0397111913357399,0.0005030227419594,1.0,1.0,1.0,1.0,2.0
65,10:22:03,3,0.0216606498194946,0.0,0.023465703971119,0.0216606498194946,2.161744820236967e-05,0.0180505415162455,0.0001544377171699,0.0144404332129963,0.0001385660162945,0.0108303249097472,0.0002348820119488,0.0072202166064982,0.0001006910922739,0.0252707581227435,8.304380474124283e-05,0.0288808664259927,0.0002614519417845,0.0324909747292418,0.0001442823834106,0.036101083032491,0.0001827640726557,0.0397111913357399,0.0005043001424323,1.0,1.0,1.0,1.0,2.0
65,10:22:06,3,0.0252707581227435,32660.0,0.023465703971119,0.0216606498194946,2.551351964462149e-05,0.0180505415162455,0.000154597392229,0.0144404332129963,0.0001385660162945,0.0108303249097472,0.0002348820119488,0.0072202166064982,0.0001006910922739,0.0252707581227435,7.937127838174316e-05,0.0288808664259927,0.0002678389441489,0.0324909747292418,0.0001462623541435,0.036101083032491,0.000187554324429,0.0397111913357399,0.0005043001424323,1.0,1.0,1.0,1.0,2.0
65,10:22:09,3,0.0252707581227435,4530.0,0.023465703971119,0.0216606498194946,6.996705610047828e-05,0.0180505415162455,0.000154597392229,0.0144404332129963,0.0001385660162945,0.0108303249097472,0.0002348820119488,0.0072202166064982,0.0001006910922739,0.0252707581227435,7.930740835809969e-05,0.0288808664259927,0.0002678389441489,0.0324909747292418,0.0001462623541435,0.036101083032491,0.000187554324429,0.0397111913357399,0.0005049388426687,1.0,1.0,1.0,1.0,2.0
65,10:22:12,3,0.0216606498194946,16980.0,0.023465703971119,0.0216606498194946,6.80509553911741e-05,0.0180505415162455,0.000154597392229,0.0144404332129963,0.0001385660162945,0.0108303249097472,0.0002348820119488,0.0072202166064982,0.0001006910922739,0.0252707581227435,8.064867885461261e-05,0.0288808664259927,0.0002678389441489,0.0324909747292418,0.0001462623541435,0.036101083032491,0.000187554324429,0.0397111913357399,0.0005049388426687,1.0,1.0,1.0,1.0,2.0
65,10:22:15,3,0.0216606498194946,0.0,0.023465703971119,0.0216606498194946,8.465716153847693e-05,0.0180505415162455,0.000154597392229,0.0144404332129963,0.0001385660162945,0.0108303249097472,0.0002348820119488,0.0072202166064982,0.0001006910922739,0.0252707581227435,8.064867885461261e-05,0.0288808664259927,0.0002678389441489,0.0324909747292418,0.0001462623541435,0.036101083032491,0.0001939413267934,0.0397111913357399,0.000505749991969,1.0,1.0,1.0,2.0,2.0
65,10:22:18,3,0.0252707581227435,56516.0,0.023465703971119,0.0216606498194946,8.465716153847693e-05,0.0180505415162455,0.000154597392229,0.0144404332129963,0.0001385660162945,0.0108303249097472,0.0002348820119488,0.0072202166064982,0.0001006910922739,0.0252707581227435,7.42936115020871e-05,0.0288808664259927,0.0002678389441489,0.0324909747292418,0.0001462623541435,0.036101083032491,0.0001939413267934,0.0397111913357399,0.000505749991969,1.0,1.0,1.0,2.0,2.0
65,10:22:21,3,0.0252707581227435,27548.0,0.023465703971119,0.0216606498194946,8.465716153847693e-05,0.0180505415162455,0.0001542780421108,0.0144404332129963,0.0001385021462708,0.0108303249097472,0.0002348820119488,0.0072202166064982,0.0001006910922739,0.0252707581227435,7.122785036720043e-05,0.0288808664259927,0.0002696592398227,0.0324909747292418,0.0001462623541435,0.036101083032491,0.0001939413267934,0.0397111913357399,0.000505749991969,1.0,1.0,1.0,2.0,2.0
65,10:22:24,3,0.0252707581227435,0.0,0.023465703971119,0.0216606498194946,8.49765116566943e-05,0.0180505415162455,0.0001545015871935,0.0144404332129963,0.0001385021462708,0.0108303249097472,0.0002348820119488,0.0072202166064982,0.0001006910922739,0.0252707581227435,7.141946043813085e-05,0.0288808664259927,0.0002691802146454,0.0324909747292418,0.0001462623541435,0.036101083032491,0.0001939413267934,0.0397111913357399,0.000505749991969,1.0,1.0,1.0,2.0,2.0
65,10:22:27,3,0.0252707581227435,0.0,0.023465703971119,0.0216606498194946,8.593456201134638e-05,0.0180505415162455,0.0001611760046643,0.0144404332129963,0.0001385021462708,0.0108303249097472,0.0002348820119488,0.0072202166064982,0.0001006910922739,0.0252707581227435,7.311201606468287e-05,0.0288808664259927,0.0002691802146454,0.0324909747292418,0.0001462623541435,0.036101083032491,0.0001939413267934,0.0397111913357399,0.000505749991969,1.0,1.0,1.0,2.0,2.0
65,10:22:30,3,0.0252707581227435,1704.0,0.023465703971119,0.0216606498194946,9.791019144449746e-05,0.0180505415162455,0.0001620701849953,0.0144404332129963,0.0001388853664127,0.0108303249097472,0.0002348820119488,0.0072202166064982,0.0001006910922739,0.0252707581227435,7.79022678379433e-05,0.0288808664259927,0.0002691802146454,0.0324909747292418,0.0001462623541435,0.036101083032491,0.0001939413267934,0.0397111913357399,0.000505749991969,1.0,1.0,1.0,2.0,2.0
65,10:22:33,3,0.0216606498194946,3969.0,0.023465703971119,0.0216606498194946,9.768664636174532e-05,0.0180505415162455,0.0001620701849953,0.0144404332129963,0.0001388853664127,0.0108303249097472,0.0002351374920434,0.0072202166064982,0.0001006910922739,0.0252707581227435,7.946708341720837e-05,0.0288808664259927,0.0002915347229206,0.0324909747292418,0.0001462623541435,0.036101083032491,0.0001971348279755,0.0397111913357399,0.000505749991969,1.0,1.0,1.0,2.0,2.0
65,10:22:36,3,0.0216606498194946,0.0,0.023465703971119,0.0216606498194946,9.771858137356703e-05,0.0180505415162455,0.0001650720761065,0.0144404332129963,0.0001388853664127,0.0108303249097472,0.0002351374920434,0.0072202166064982,0.0001006910922739,0.0252707581227435,7.946708341720837e-05,0.0288808664259927,0.0002918540730388,0.0324909747292418,0.0001462623541435,0.036101083032491,0.0001980928783302,0.0397111913357399,0.000505749991969,1.0,1.0,1.0,2.0,2.0
65,10:22:39,3,0.0216606498194946,0.0,0.023465703971119,0.0216606498194946,9.835728161000176e-05,0.0180505415162455,0.0001639862857046,0.0144404332129963,0.0001388853664127,0.0108303249097472,0.0002351374920434,0.0072202166064982,0.0001006910922739,0.0252707581227435,7.777452779065634e-05,0.0288808664259927,0.0002918540730388,0.0324909747292418,0.0001462623541435,0.036101083032491,0.0001980928783302,0.0397111913357399,0.000505749991969,1.0,1.0,1.0,2.0,2.0
65,10:22:42,3,0.0252707581227435,11928.0,0.023465703971119,0.0216606498194946,9.835728161000176e-05,0.0180505415162455,0.0001639862857046,0.0144404332129963,0.0001385021462708,0.0108303249097472,0.0002351374920434,0.0072202166064982,0.000102287842865,0.0252707581227435,7.812581292069544e-05,0.0288808664259927,0.0002918540730388,0.0324909747292418,0.0001462623541435,0.036101083032491,0.0001980928783302,0.0397111913357399,0.000505749991969,1.0,1.0,1.0,2.0,2.0
65,10:22:45,3,0.0252707581227435,1704.0,0.023465703971119,0.0216606498194946,0.0001069158647782,0.0180505415162455,0.0001639862857046,0.0144404332129963,0.0001394921316373,0.0108303249097472,0.0002351694270552,0.0072202166064982,0.000102287842865,0.0252707581227435,8.048900379550393e-05,0.0288808664259927,0.0002918540730388,0.0324909747292418,0.0001462623541435,0.036101083032491,0.0001980928783302,0.0397111913357399,0.000505749991969,1.0,1.0,1.0,2.0,2.0
65,10:22:48,3,0.0216606498194946,5660.0,0.023465703971119,0.0216606498194946,0.0001062771645417,0.0180505415162455,0.0001609843945933,0.0144404332129963,0.0001349573599586,0.0108303249097472,0.0002351694270552,0.0072202166064982,0.000102287842865,0.0252707581227435,8.064867885461261e-05,0.0288808664259927,0.0002893950771285,0.0324909747292418,0.0001462623541435,0.036101083032491,0.0001982206183775,0.0397111913357399,0.0005154582355628,1.0,1.0,1.0,2.0,2.0
65,10:22:51,3,0.0216606498194946,0.0,0.023465703971119,0.0216606498194946,0.0001094706657239,0.0180505415162455,0.0001609843945933,0.0144404332129963,0.0001349573599586,0.0108303249097472,0.0002360636073862,0.0072202166064982,0.000102287842865,0.0252707581227435,8.064867885461261e-05,0.0288808664259927,0.0002893950771285,0.0324909747292418,0.0001462623541435,0.036101083032491,0.0001982206183775,0.0397111913357399,0.000516863376083,1.0,1.0,1.0,2.0,2.0
65,10:22:54,3,0.0216606498194946,0.0,0.023465703971119,0.0216606498194946,0.0001094706657239,0.0180505415162455,0.0001625811451844,0.0144404332129963,0.0001349573599586,0.0108303249097472,0.0002360636073862,0.0072202166064982,0.000102287842865,0.0252707581227435,8.068061386643435e-05,0.0288808664259927,0.0002996781509351,0.0324909747292418,0.0001462623541435,0.036101083032491,0.0001982206183775,0.0397111913357399,0.0005178214264376,1.0,1.0,1.0,2.0,2.0
65,10:22:57,3,0.0216606498194946,22700.0,0.023465703971119,0.0216606498194946,0.0001088319654875,0.0180505415162455,0.0001625811451844,0.0144404332129963,0.0001349573599586,0.0108303249097472,0.0002360636073862,0.0072202166064982,0.000102287842865,0.0252707581227435,7.876451315713017e-05,0.0288808664259927,0.0002996781509351,0.0324909747292418,0.0001477313646873,0.036101083032491,0.0001982206183775,0.0397111913357399,0.0005196736571233,1.0,1.0,1.0,2.0,2.0
65,10:23:00,3,0.0216606498194946,14150.0,0.023465703971119,0.0216606498194946,0.0001108438712323,0.0180505415162455,0.0001625811451844,0.0144404332129963,0.0001349573599586,0.0108303249097472,0.0002367023076227,0.0072202166064982,0.000102287842865,0.0252707581227435,7.886031819259537e-05,0.0288808664259927,0.0002996781509351,0.0324909747292418,0.0001349573599586,0.036101083032491,0.0001982206183775,0.0397111913357399,0.0005196736571233,1.0,1.0,1.0,2.0,2.0
65,10:23:03,3,0.0252707581227435,4544.0,0.023465703971119,0.0216606498194946,0.0001111312863386,0.0180505415162455,0.0001622617950662,0.0144404332129963,0.0001349573599586,0.0108303249097472,0.0002367023076227,0.0072202166064982,0.000102287842865,0.0252707581227435,7.991417358271268e-05,0.0288808664259927,0.0002991991257578,0.0324909747292418,0.0001349573599586,0.036101083032491,0.0001982206183775,0.0397111913357399,0.0005196736571233,1.0,1.0,1.0,2.0,2.0
65,10:23:06,3,0.0252707581227435,0.0,0.023465703971119,0.0216606498194946,0.0001111632213505,0.0180505415162455,0.0001622617950662,0.0144404332129963,0.0001349573599586,0.0108303249097472,0.0002367023076227,0.0072202166064982,0.000102287842865,0.0252707581227435,8.109576902011691e-05,0.0288808664259927,0.0002992310607696,0.0324909747292418,0.0001349573599586,0.036101083032491,0.0001982206183775,0.0397111913357399,0.0005193543070051,1.0,1.0,1.0,2.0,2.0
65,10:23:09,3,0.0216606498194946,2830.0,0.023465703971119,0.0216606498194946,0.0001108438712323,0.0180505415162455,0.0001618785749243,0.0144404332129963,0.0001349573599586,0.0108303249097472,0.0002398958088048,0.0072202166064982,0.000102287842865,0.0252707581227435,8.109576902011691e-05,0.0288808664259927,0.0002992310607696,0.0324909747292418,0.0001349573599586,0.036101083032491,0.0001982206183775,0.0397111913357399,0.0005193543070051,1.0,1.0,1.0,2.0,2.0
65,10:23:12,3,0.0216606498194946,0.0,0.023465703971119,0.0216606498194946,0.0001108438712323,0.0180505415162455,0.0001618785749243,0.0144404332129963,0.0001349573599586,0.0108303249097472,0.0002398958088048,0.0072202166064982,0.000102287842865,0.0252707581227435,6.46811729437445e-05,0.0288808664259927,0.0002992310607696,0.0324909747292418,0.0001349573599586,0.036101083032491,0.0001982206183775,0.0397111913357399,0.0005199930072415,1.0,1.0,1.0,2.0,2.0
65,10:23:15,3,0.0252707581227435,13348.0,0.023465703971119,0.0216606498194946,0.0001171031335493,0.0180505415162455,0.0001634753255154,0.0144404332129963,0.0001349573599586,0.0108303249097472,0.0002398958088048,0.0072202166064982,0.000102287842865,0.0252707581227435,6.816208923231375e-05,0.0288808664259927,0.0002992310607696,0.0324909747292418,0.0001349573599586,0.036101083032491,0.0001982206183775,0.0397111913357399,0.0005238252086601,1.0,1.0,2.0,2.0,2.0
65,10:23:18,3,0.0252707581227435,97128.0,0.023465703971119,0.0216606498194946,0.0001171031335493,0.0180505415162455,0.0001631559753972,0.0144404332129963,0.0001349573599586,0.0108303249097472,0.0002398958088048,0.0072202166064982,0.000102287842865,0.0252707581227435,5.724031518927997e-05,0.0288808664259927,0.0002992310607696,0.0324909747292418,0.0001349573599586,0.036101083032491,0.0001982206183775,0.0397111913357399,0.0005238252086601,1.0,1.0,2.0,2.0,1.0
65,10:23:21,3,0.0252707581227435,0.0,0.023465703971119,0.0216606498194946,0.0001356573754177,0.0180505415162455,0.0001631559753972,0.0144404332129963,0.0001349573599586,0.0108303249097472,0.0002398958088048,0.0072202166064982,0.000102287842865,0.0252707581227435,5.8869000792188514e-05,0.0288808664259927,0.0002992310607696,0.0324909747292418,0.0001349573599586,0.036101083032491,0.0001982206183775,0.0397111913357399,0.0005238252086601,1.0,1.0,2.0,2.0,1.0
65,10:23:24,3,0.0252707581227435,25276.0,0.023465703971119,0.0216606498194946,0.0001358170504768,0.0180505415162455,0.0001631559753972,0.0144404332129963,0.0001349573599586,0.0108303249097472,0.0002398958088048,0.0072202166064982,0.000102287842865,0.0252707581227435,5.46216442198976e-05,0.0288808664259927,0.0003024245619518,0.0324909747292418,0.0001349573599586,0.036101083032491,0.0001982206183775,0.0397111913357399,0.0005238252086601,1.0,1.0,2.0,2.0,1.0
65,10:23:27,3,0.0252707581227435,22720.0,0.023465703971119,0.0216606498194946,0.0001361683356069,0.0180505415162455,0.0001631559753972,0.0144404332129963,0.0001349573599586,0.0108303249097472,0.0002398958088048,0.0072202166064982,0.000102287842865,0.0252707581227435,5.206684327415871e-05,0.0288808664259927,0.0003024245619518,0.0324909747292418,0.0001349573599586,0.036101083032491,0.0001982206183775,0.0397111913357399,0.0005239210136956,1.0,1.0,2.0,2.0,1.0
65,10:23:30,3,0.0252707581227435,11076.0,0.023465703971119,0.0216606498194946,0.0001344119099567,0.0180505415162455,0.0001636350005745,0.0144404332129963,0.0001349573599586,0.0108303249097472,0.0002398958088048,0.0072202166064982,0.000102287842865,0.0252707581227435,5.114072793132836e-05,0.0288808664259927,0.0003024245619518,0.0324909747292418,0.0001349573599586,0.036101083032491,0.0001982206183775,0.0397111913357399,0.0005240806887547,1.0,1.0,2.0,2.0,1.0
65,10:23:33,3,0.0252707581227435,1988.0,0.023465703971119,0.0216606498194946,0.000136328010666,0.0180505415162455,0.0001636350005745,0.0144404332129963,0.0001349573599586,0.0108303249097472,0.0002398958088048,0.0072202166064982,0.000102287842865,0.0252707581227435,5.09171828485762e-05,0.0288808664259927,0.0003024245619518,0.0324909747292418,0.0001349573599586,0.036101083032491,0.0001982206183775,0.0397111913357399,0.0005240806887547,1.0,1.0,2.0,2.0,1.0
65,10:23:36,3,0.0252707581227435,56800.0,0.023465703971119,0.0216606498194946,0.000136328010666,0.0180505415162455,0.000162836625279,0.0144404332129963,0.0001546293272408,0.0108303249097472,0.0002398958088048,0.0072202166064982,0.000102287842865,0.0252707581227435,4.507307568519848e-05,0.0288808664259927,0.0003024245619518,0.0324909747292418,0.0001349573599586,0.036101083032491,0.0001982206183775,0.0397111913357399,0.0005240806887547,1.0,1.0,2.0,2.0,1.0
65,10:23:39,3,0.0216606498194946,10193.0,0.023465703971119,0.0216606498194946,0.0001357212454414,0.0180505415162455,0.0001630282353499,0.0144404332129963,0.0001546293272408,0.0108303249097472,0.0002398958088048,0.0072202166064982,0.000102287842865,0.0252707581227435,4.6350476158067926e-05,0.0288808664259927,0.0003037019624247,0.0324909747292418,0.0001349573599586,0.036101083032491,0.0001994980188503,0.0397111913357399,0.0005240806887547,1.0,1.0,2.0,2.0,1.0
65,10:23:42,3,0.0252707581227435,2840.0,0.023465703971119,0.0216606498194946,0.0001357212454414,0.0180505415162455,0.0001630282353499,0.0144404332129963,0.0001546293272408,0.0108303249097472,0.0002399596788285,0.0072202166064982,0.000102287842865,0.0252707581227435,4.603112603985056e-05,0.0288808664259927,0.0003037019624247,0.0324909747292418,0.0001349573599586,0.036101083032491,0.0001998173689686,0.0397111913357399,0.0005240806887547,1.0,1.0,2.0,2.0,1.0
65,10:23:45,3,0.0252707581227435,0.0,0.023465703971119,0.0216606498194946,0.0001358809205005,0.0180505415162455,0.0001630282353499,0.0144404332129963,0.0001546293272408,0.0108303249097472,0.0002409177291831,0.0072202166064982,0.000102287842865,0.0252707581227435,4.603112603985056e-05,0.0288808664259927,0.0003037019624247,0.0324909747292418,0.0001349573599586,0.036101083032491,0.0001998173689686,0.0397111913357399,0.0005240806887547,1.0,2.0,2.0,2.0,1.0
65,10:23:48,3,0.0252707581227435,154911.0,0.023465703971119,0.0216606498194946,0.0001308351886327,0.0180505415162455,0.0001630282353499,0.0144404332129963,0.0001546293272408,0.0108303249097472,0.0002409177291831,0.0072202166064982,0.0001032778282314,0.0252707581227435,4.012314885282936e-05,0.0288808664259927,0.0003037019624247,0.0324909747292418,0.0001349573599586,0.036101083032491,0.0001998173689686,0.0397111913357399,0.0005240806887547,1.0,2.0,2.0,2.0,1.0
65,10:23:51,3,0.0252707581227435,3689.0,0.023465703971119,0.0216606498194946,0.0001405434322265,0.0180505415162455,0.0001630282353499,0.0144404332129963,0.0001546293272408,0.0108303249097472,0.0002409177291831,0.0072202166064982,0.0001032778282314,0.0252707581227435,4.149635436116402e-05,0.0288808664259927,0.0003037019624247,0.0324909747292418,0.0001349573599586,0.036101083032491,0.0001998173689686,0.0397111913357399,0.0005240806887547,1.0,2.0,2.0,2.0,1.0
65,10:23:54,3,0.0252707581227435,16990.0,0.023465703971119,0.0216606498194946,0.0001552654726763,0.0180505415162455,0.0001630282353499,0.0144404332129963,0.0001546293272408,0.0108303249097472,0.0002409815992068,0.0072202166064982,0.0001032778282314,0.0252707581227435,4.239053469217264e-05,0.0288808664259927,0.0003041490525902,0.0324909747292418,0.0001351170350177,0.036101083032491,0.0001998173689686,0.0397111913357399,0.0005240806887547,1.0,2.0,2.0,2.0,1.0
65,10:23:57,3,0.0252707581227435,69296.0,0.023465703971119,0.0216606498194946,0.0001552654726763,0.0180505415162455,0.0001629324303144,0.0144404332129963,0.0001546293272408,0.0108303249097472,0.0002409815992068,0.0072202166064982,0.0001032778282314,0.0252707581227435,3.4598391807669e-05,0.0288808664259927,0.0003041490525902,0.0324909747292418,0.0001351170350177,0.036101083032491,0.0002001367190868,0.0397111913357399,0.0005240806887547,1.0,2.0,2.0,2.0,1.0
65,10:24:00,3,0.0252707581227435,50789.0,0.023465703971119,0.0216606498194946,0.0001548503175226,0.0180505415162455,0.0001629324303144,0.0144404332129963,0.0001546293272408,0.0108303249097472,0.0002409815992068,0.0072202166064982,0.0001032778282314,0.0252707581227435,3.558837717414282e-05,0.0288808664259927,0.0003041490525902,0.0324909747292418,0.0001351170350177,0.036101083032491,0.0002001367190868,0.0397111913357399,0.0005240806887547,2.0,2.0,2.0,2.0,1.0
65,10:24:03,3,0.0252707581227435,7648.0,0.023465703971119,0.0216606498194946,0.000151018116104,0.0180505415162455,0.00016408209074,0.0144404332129963,0.000153703211898,0.0108303249097472,0.0002409815992068,0.0072202166064982,0.0001032778282314,0.0252707581227435,3.571611722142977e-05,0.0288808664259927,0.0003041490525902,0.0324909747292418,0.0001351170350177,0.036101083032491,0.0002001367190868,0.0397111913357399,0.0005240806887547,2.0,2.0,2.0,2.0,1.0
65,10:24:06,3,0.0252707581227435,1700.0,0.023465703971119,0.0216606498194946,0.0001508903760567,0.0180505415162455,0.00016408209074,0.0144404332129963,0.000153703211898,0.0108303249097472,0.0002409815992068,0.0072202166064982,0.0001032778282314,0.0252707581227435,3.56522471977863e-05,0.0288808664259927,0.0003041490525902,0.0324909747292418,0.0001344144647576,0.036101083032491,0.0002001367190868,0.0397111913357399,0.0005240806887547,2.0,2.0,2.0,2.0,1.0
65,10:24:09,3,0.0252707581227435,4260.0,0.023465703971119,0.0216606498194946,0.0001508903760567,0.0180505415162455,0.00016408209074,0.0144404332129963,0.000153703211898,0.0108303249097472,0.0002409815992068,0.0072202166064982,0.0001032778282314,0.0252707581227435,3.5173222020460254e-05,0.0288808664259927,0.0003041490525902,0.0324909747292418,0.0001344144647576,0.036101083032491,0.0002003602641695,0.0397111913357399,0.0005240806887547,2.0,2.0,2.0,2.0,1.0
65,10:24:12,3,0.0252707581227435,36920.0,0.023465703971119,0.0216606498194946,0.0001531258268842,0.0180505415162455,0.00016408209074,0.0144404332129963,0.000153703211898,0.0108303249097472,0.0002409815992068,0.0072202166064982,0.0001032778282314,0.0252707581227435,3.134102060185191e-05,0.0288808664259927,0.0003042129226138,0.0324909747292418,0.0001344144647576,0.036101083032491,0.0002006796142877,0.0397111913357399,0.0005224839381636,2.0,2.0,2.0,2.0,1.0
65,10:24:15,3,0.0252707581227435,286101.0,0.0270758122743681,0.0252707581227435,1.456236539071171e-06,0.0216606498194946,0.0001443436986333,0.0180505415162455,0.00016408209074,0.0144404332129963,0.000153703211898,0.0108303249097472,0.0002409815992068,0.0288808664259927,0.0003043406626611,0.0324909747292418,0.0001344144647576,0.036101083032491,0.0002006796142877,0.0397111913357399,0.0005224839381636,0.0433212996389891,0.0003288028817165,1.0,1.0,1.0,1.0,0.0
65,10:24:18,3,0.0252707581227435,0.0,0.0270758122743681,0.0252707581227435,1.2409945593926688e-05,0.0216606498194946,0.0001461959293189,0.0180505415162455,0.00016408209074,0.0144404332129963,0.000153703211898,0.0108303249097472,0.0002409815992068,0.0288808664259927,0.0003043406626611,0.0324909747292418,0.0001344144647576,0.036101083032491,0.0001997215639331,0.0397111913357399,0.0005224839381636,0.0433212996389891,0.0003294735169648,1.0,1.0,1.0,0.0,0.0
65,10:24:21,3,0.0252707581227435,0.0,0.0270758122743681,0.0252707581227435,1.4006696185013498e-05,0.0216606498194946,0.0001461959293189,0.0180505415162455,0.00016408209074,0.0144404332129963,0.000153703211898,0.0108303249097472,0.0002409815992068,0.0288808664259927,0.0003043406626611,0.0324909747292418,0.0001344144647576,0.036101083032491,0.0001997215639331,0.0397111913357399,0.0005224839381636,0.0433212996389891,0.0003294735169648,1.0,1.0,1.0,0.0,0.0
65,10:24:24,3,0.0252707581227435,11360.0,0.0270758122743681,0.0252707581227435,1.272929571214405e-05,0.0216606498194946,0.0001445991787278,0.0180505415162455,0.0001656788413311,0.0144404332129963,0.000153703211898,0.0108303249097472,0.0002409815992068,0.0288808664259927,0.0003060012832758,0.0324909747292418,0.0001344144647576,0.036101083032491,0.0001997215639331,0.0397111913357399,0.0005908248634621,0.0433212996389891,0.0003294735169648,1.0,1.0,1.0,0.0,0.0
65,10:24:27,3,0.0252707581227435,0.0,0.0270758122743681,0.0252707581227435,1.534796668152642e-05,0.0216606498194946,0.000144567243716,0.0180505415162455,0.0001656788413311,0.0144404332129963,0.000153703211898,0.0108303249097472,0.0002409815992068,0.0288808664259927,0.0003060012832758,0.0324909747292418,0.0001360112153487,0.036101083032491,0.0001997215639331,0.0397111913357399,0.0005908248634621,0.0433212996389891,0.0003294735169648,1.0,1.0,1.0,0.0,0.0
65,10:24:30,3,0.0288808664259927,22726.0,0.0270758122743681,0.0252707581227435,7.685479945019035e-05,0.0216606498194946,0.000144567243716,0.0180505415162455,0.0001656788413311,0.0144404332129963,0.0001527132265315,0.0108303249097472,0.0002409815992068,0.0288808664259927,0.0003058096732049,0.0324909747292418,0.0001360112153487,0.036101083032491,0.0001997215639331,0.0397111913357399,0.0005908248634621,0.0433212996389891,0.0003294735169648,1.0,1.0,1.0,0.0,0.0
65,10:24:33,3,0.0252707581227435,5680.0,0.0270758122743681,0.0252707581227435,9.218360512462372e-05,0.0216606498194946,0.0001448227238106,0.0180505415162455,0.0001656788413311,0.0144404332129963,0.0001527132265315,0.0108303249097472,0.0002409815992068,0.0288808664259927,0.0003062567633704,0.0324909747292418,0.0001360112153487,0.036101083032491,0.0001997215639331,0.0397111913357399,0.0005908248634621,0.0433212996389891,0.0003294735169648,1.0,1.0,1.0,0.0,0.0
65,10:24:36,3,0.0252707581227435,1420.0,0.0270758122743681,0.0252707581227435,0.0001001034880564,0.0216606498194946,0.0001448227238106,0.0180505415162455,0.0001656788413311,0.0144404332129963,0.0001527770965551,0.0108303249097472,0.0002409815992068,0.0288808664259927,0.0003065761134886,0.0324909747292418,0.0001361708904078,0.036101083032491,0.0001997215639331,0.0397111913357399,0.0005908248634621,0.0433212996389891,0.0003294735169648,1.0,1.0,1.0,0.0,0.0
65,10:24:39,3,0.0288808664259927,285.0,0.0270758122743681,0.0252707581227435,0.0001010296033992,0.0216606498194946,0.0001464194744017,0.0180505415162455,0.0001656788413311,0.0144404332129963,0.0001527770965551,0.0108303249097472,0.0002409815992068,0.0288808664259927,0.0003090031743871,0.0324909747292418,0.0001361708904078,0.036101083032491,0.000199561888874,0.0397111913357399,0.0005908248634621,0.0433212996389891,0.0003294735169648,1.0,1.0,1.0,0.0,0.0
65,10:24:42,3,0.0288808664259927,0.0,0.0270758122743681,0.0252707581227435,0.0001010296033992,0.0216606498194946,0.0001464194744017,0.0180505415162455,0.0001656788413311,0.0144404332129963,0.0001527770965551,0.0108303249097472,0.0002409815992068,0.0288808664259927,0.0003090031743871,0.0324909747292418,0.0001361708904078,0.036101083032491,0.000199561888874,0.0397111913357399,0.0005835117457549,0.0433212996389891,0.0003294735169648,1.0,1.0,1.0,0.0,0.0
65,10:24:45,3,0.0288808664259927,4845.0,0.0270758122743681,0.0252707581227435,0.0001020195887657,0.0216606498194946,0.0001464194744017,0.0180505415162455,0.0001656788413311,0.0144404332129963,0.0001527770965551,0.0108303249097472,0.0002409815992068,0.0288808664259927,0.0003084602791861,0.0324909747292418,0.0001361708904078,0.036101083032491,0.000199561888874,0.0397111913357399,0.0005835117457549,0.0433212996389891,0.0003294735169648,1.0,1.0,1.0,0.0,0.0
65,10:24:48,3,0.0288808664259927,0.0,0.0270758122743681,0.0252707581227435,9.4304089909587e-05,0.0216606498194946,0.0001465791494608,0.0180505415162455,0.0001656788413311,0.0144404332129963,0.0001527770965551,0.0108303249097472,0.0002409815992068,0.0288808664259927,0.0003084602791861,0.0324909747292418,0.0001361708904078,0.036101083032491,0.000199561888874,0.0397111913357399,0.0005835117457549,0.0433212996389891,0.0003294735169648,1.0,1.0,1.0,0.0,0.0
65,10:24:51,3,0.0288808664259927,97123.0,0.0270758122743681,0.0252707581227435,9.998852201385606e-05,0.0216606498194946,0.0001501878057966,0.0180505415162455,0.0001656788413311,0.0144404332129963,0.0001527770965551,0.0108303249097472,0.0002409815992068,0.0288808664259927,0.0002995504108878,0.0324909747292418,0.0001361708904078,0.036101083032491,0.000199561888874,0.0397111913357399,0.0005835117457549,0.0433212996389891,0.0003295054519766,1.0,1.0,1.0,0.0,0.0
65,10:24:54,3,0.0288808664259927,12825.0,0.0270758122743681,0.0252707581227435,0.0001006272222502,0.0216606498194946,0.0001501878057966,0.0180505415162455,0.0001656788413311,0.0144404332129963,0.0001527770965551,0.0108303249097472,0.0002409815992068,0.0288808664259927,0.0002971552850012,0.0324909747292418,0.0001430688529613,0.036101083032491,0.000199561888874,0.0397111913357399,0.0005835117457549,0.0433212996389891,0.0003295054519766,1.0,1.0,1.0,0.0,0.0
65,10:24:57,3,0.0288808664259927,23935.0,0.0270758122743681,0.0252707581227435,0.0001036291133615,0.0216606498194946,0.0001501878057966,0.0180505415162455,0.0001659981914493,0.0144404332129963,0.0001527770965551,0.0108303249097472,0.0002409815992068,0.0288808664259927,0.0002949837041973,0.0324909747292418,0.0001430688529613,0.036101083032491,0.0001915781359185,0.0397111913357399,0.0005835117457549,0.0433212996389891,0.0003295054519766,1.0,1.0,1.0,0.0,0.0
65,10:25:00,3,0.0288808664259927,7695.0,0.0270758122743681,0.0252707581227435,0.0001036291133615,0.0216606498194946,0.0001501878057966,0.0180505415162455,0.0001659981914493,0.0144404332129963,0.0001527770965551,0.0108303249097472,0.0002409815992068,0.0288808664259927,0.0002941214588781,0.0324909747292418,0.0001430688529613,0.036101083032491,0.0001915781359185,0.0397111913357399,0.0005838310958732,0.0433212996389891,0.0003295054519766,1.0,1.0,1.0,0.0,0.0
65,10:25:03,3,0.0288808664259927,13395.0,0.0270758122743681,0.0252707581227435,0.0001036291133615,0.0216606498194946,0.0001501878057966,0.0180505415162455,0.0001659981914493,0.0144404332129963,0.0001511484109522,0.0108303249097472,0.0002409815992068,0.0288808664259927,0.0002942811339372,0.0324909747292418,0.0001430688529613,0.036101083032491,0.0001950590522071,0.0397111913357399,0.0005838310958732,0.0433212996389891,0.0003295054519766,1.0,1.0,1.0,0.0,0.0
65,10:25:06,3,0.0252707581227435,54388.0,0.0270758122743681,0.0252707581227435,0.000103533308326,0.0216606498194946,0.000153892267168,0.0180505415162455,0.0001659981914493,0.0144404332129963,0.0001511484109522,0.0108303249097472,0.0002412370793013,0.0288808664259927,0.0002896824922349,0.0324909747292418,0.0001430688529613,0.036101083032491,0.0001950590522071,0.0397111913357399,0.0005838310958732,0.0433212996389891,0.0003295054519766,1.0,1.0,1.0,0.0,0.0
65,10:25:09,3,0.0288808664259927,90095.0,0.0270758122743681,0.0252707581227435,9.92220817301344e-05,0.0216606498194946,0.0001632172906199,0.0180505415162455,0.0001659981914493,0.0144404332129963,0.0001511164759404,0.0108303249097472,0.0002412370793013,0.0288808664259927,0.0002885008967975,0.0324909747292418,0.0001430688529613,0.036101083032491,0.0001944522869825,0.0397111913357399,0.0005838310958732,0.0433212996389891,0.0003295054519766,1.0,1.0,1.0,0.0,0.0
65,10:25:12,3,0.0288808664259927,34200.0,0.0270758122743681,0.0252707581227435,9.938175678924306e-05,0.0216606498194946,0.0001632172906199,0.0180505415162455,0.0001667326967212,0.0144404332129963,0.0001511164759404,0.0108303249097472,0.0002412370793013,0.0288808664259927,0.0002851157855444,0.0324909747292418,0.0001430688529613,0.036101083032491,0.0001855743536961,0.0397111913357399,0.0005838310958732,0.0433212996389891,0.0003295054519766,1.0,1.0,1.0,0.0,0.0
65,10:25:15,3,0.0288808664259927,47579.0,0.0270758122743681,0.0252707581227435,0.0001002440021084,0.0216606498194946,0.0001631534205963,0.0180505415162455,0.0001673713969577,0.0144404332129963,0.0001511164759404,0.0108303249097472,0.0002412370793013,0.0288808664259927,0.0002824651795632,0.0324909747292418,0.0001437075531978,0.036101083032491,0.0001855743536961,0.0397111913357399,0.0005838310958732,0.0433212996389891,0.0003295054519766,1.0,1.0,1.0,0.0,0.0
65,10:25:18,3,0.0288808664259927,36665.0,0.0270758122743681,0.0252707581227435,9.705050092625631e-05,0.0216606498194946,0.0001631534205963,0.0180505415162455,0.0001673713969577,0.0144404332129963,0.0001511164759404,0.0108303249097472,0.0002412370793013,0.0288808664259927,0.0002882454167029,0.0324909747292418,0.0001437075531978,0.036101083032491,0.0001868198191571,0.0397111913357399,0.0005838310958732,0.0433212996389891,0.0003295054519766,1.0,1.0,0.0,0.0,0.0
65,10:25:21,3,0.0252707581227435,5964.0,0.0270758122743681,0.0252707581227435,9.637986567799986e-05,0.0216606498194946,0.0001629937455371,0.0180505415162455,0.0001673713969577,0.0144404332129963,0.0001511164759404,0.0108303249097472,0.0002412370793013,0.0288808664259927,0.0002882454167029,0.0324909747292418,0.0001437075531978,0.036101083032491,0.0001868198191571,0.0397111913357399,0.0005838310958732,0.0433212996389891,0.0003295054519766,1.0,1.0,0.0,0.0,0.0
65,10:25:24,3,0.0252707581227435,284.0,0.0270758122743681,0.0252707581227435,9.64118006898216e-05,0.0216606498194946,0.0001629937455371,0.0180505415162455,0.0001674352669813,0.0144404332129963,0.0001511164759404,0.0108303249097472,0.0002409815992068,0.0288808664259927,0.0002882773517148,0.0324909747292418,0.0001437075531978,0.036101083032491,0.0001868198191571,0.0397111913357399,0.0005838310958732,0.0433212996389891,0.0003295054519766,1.0,1.0,0.0,0.0,0.0
65,10:25:27,3,0.0252707581227435,4544.0,0.0270758122743681,0.0252707581227435,9.56134253942782e-05,0.0216606498194946,0.0001629937455371,0.0180505415162455,0.0001674352669813,0.0144404332129963,0.0001511164759404,0.0108303249097472,0.0002409815992068,0.0288808664259927,0.0002882773517148,0.0324909747292418,0.0001437075531978,0.036101083032491,0.0001868198191571,0.0397111913357399,0.0005830327205776,0.0433212996389891,0.0003303038272722,1.0,1.0,0.0,0.0,0.0
65,10:25:30,3,0.0252707581227435,56972.0,0.0270758122743681,0.0252707581227435,9.471924506326958e-05,0.0216606498194946,0.0001629937455371,0.0180505415162455,0.0001664772166267,0.0144404332129963,0.0001511164759404,0.0108303249097472,0.0002416202994432,0.0288808664259927,0.0002840619301543,0.0324909747292418,0.0001441865783751,0.036101083032491,0.0001868198191571,0.0397111913357399,0.0005830327205776,0.0433212996389891,0.0003303038272722,1.0,1.0,0.0,0.0,0.0
65,10:25:33,3,0.0288808664259927,21310.0,0.0270758122743681,0.0252707581227435,9.296281941307408e-05,0.0216606498194946,0.0001629937455371,0.0180505415162455,0.0001664772166267,0.0144404332129963,0.0001510526059168,0.0108303249097472,0.0002418757795378,0.0288808664259927,0.0002869360812182,0.0324909747292418,0.0001473800795573,0.036101083032491,0.000187905609559,0.0397111913357399,0.0005831923956367,0.0433212996389891,0.0003303038272722,1.0,1.0,0.0,0.0,0.0
65,10:25:36,3,0.0288808664259927,0.0,0.0270758122743681,0.0252707581227435,9.296281941307408e-05,0.0216606498194946,0.0001629937455371,0.0180505415162455,0.0001671159168631,0.0144404332129963,0.0001510526059168,0.0108303249097472,0.0002418757795378,0.0288808664259927,0.0002875747814547,0.0324909747292418,0.0001473800795573,0.036101083032491,0.0001875862594408,0.0397111913357399,0.0005831923956367,0.0433212996389891,0.0003302718922603,1.0,1.0,0.0,0.0,0.0
65,10:25:39,3,0.0252707581227435,2840.0,0.0270758122743681,0.0252707581227435,0.0001032458932196,0.0216606498194946,0.000163025680549,0.0180505415162455,0.0001671159168631,0.0144404332129963,0.0001510526059168,0.0108303249097472,0.0002418757795378,0.0288808664259927,0.0002875747814547,0.0324909747292418,0.0001473800795573,0.036101083032491,0.0001875862594408,0.0397111913357399,0.0005831923956367,0.0433212996389891,0.0003302718922603,1.0,1.0,0.0,0.0,0.0
65,10:25:42,3,0.0288808664259927,2565.0,0.0270758122743681,0.0252707581227435,0.0001032458932196,0.0216606498194946,0.0001633450306672,0.0180505415162455,0.0001671159168631,0.0144404332129963,0.0001510526059168,0.0108303249097472,0.0002418757795378,0.0288808664259927,0.000300061371077,0.0324909747292418,0.0001496155303848,0.036101083032491,0.0001875862594408,0.0397111913357399,0.0005831923956367,0.0433212996389891,0.0003302718922603,1.0,1.0,0.0,0.0,0.0
65,10:25:45,3,0.0288808664259927,0.0,0.0270758122743681,0.0252707581227435,0.0001035013733142,0.0216606498194946,0.0001633450306672,0.0180505415162455,0.0001671159168631,0.0144404332129963,0.0001510526059168,0.0108303249097472,0.0002418757795378,0.0288808664259927,0.0003033187422828,0.0324909747292418,0.000153511601827,0.036101083032491,0.0001875862594408,0.0397111913357399,0.0005839269009086,0.0433212996389891,0.0003302718922603,1.0,1.0,0.0,0.0,0.0
65,10:25:48,3,0.0288808664259927,2565.0,0.0270758122743681,0.0252707581227435,0.0001035013733142,0.0216606498194946,0.0001633450306672,0.0180505415162455,0.0001661578665084,0.0144404332129963,0.0001510526059168,0.0108303249097472,0.0002418119095141,0.0288808664259927,0.0003046280777675,0.0324909747292418,0.000153511601827,0.036101083032491,0.0001965280627509,0.0397111913357399,0.0005837672258495,0.0433212996389891,0.0003302718922603,1.0,0.0,0.0,0.0,0.0
65,10:25:51,3,0.0288808664259927,30680.0,0.0270758122743681,0.0252707581227435,9.542181532334776e-05,0.0216606498194946,0.0001622273052534,0.0180505415162455,0.0001661578665084,0.0144404332129963,0.0001504139056803,0.0108303249097472,0.000241843844526,0.0288808664259927,0.0003097057446471,0.0324909747292418,0.0001535435368389,0.036101083032491,0.0001965280627509,0.0397111913357399,0.0005837672258495,0.0433212996389891,0.0003302718922603,1.0,0.0,0.0,0.0,0.0
65,10:25:54,3,0.0252707581227435,14484.0,0.0270758122743681,0.0252707581227435,9.38569997440827e-05,0.0216606498194946,0.0001622273052534,0.0180505415162455,0.0001661578665084,0.0144404332129963,0.0001504139056803,0.0108303249097472,0.0002420993246205,0.0288808664259927,0.0003102167048363,0.0324909747292418,0.0001535435368389,0.036101083032491,0.000198124813342,0.0397111913357399,0.0005837672258495,0.0433212996389891,0.0003302718922603,1.0,0.0,0.0,0.0,0.0
65,10:25:57,3,0.0252707581227435,7100.0,0.0270758122743681,0.0252707581227435,9.241992421210458e-05,0.0216606498194946,0.0001640795359391,0.0180505415162455,0.0001661578665084,0.0144404332129963,0.0001504139056803,0.0108303249097472,0.0002423548047151,0.0288808664259927,0.0003102167048363,0.0324909747292418,0.0001547251322763,0.036101083032491,0.000198124813342,0.0397111913357399,0.0005837672258495,0.0433212996389891,0.0003302718922603,1.0,0.0,0.0,0.0,0.0
65,10:26:00,3,0.0252707581227435,23572.0,0.0270758122743681,0.0252707581227435,9.286701437760888e-05,0.0216606498194946,0.0001672730371213,0.0180505415162455,0.0001661578665084,0.0144404332129963,0.0001504139056803,0.0108303249097472,0.0002425783497979,0.0288808664259927,0.0003103763798954,0.0324909747292418,0.0001547251322763,0.036101083032491,0.000198124813342,0.0397111913357399,0.0005837672258495,0.0433212996389891,0.0003302718922603,1.0,0.0,0.0,0.0,0.0
65,10:26:03,3,0.0288808664259927,21945.0,0.0270758122743681,0.0252707581227435,9.347377960222188e-05,0.0216606498194946,0.0001672730371213,0.0180505415162455,0.0001661578665084,0.0144404332129963,0.0001504139056803,0.0108303249097472,0.0002425783497979,0.0288808664259927,0.0003079173839851,0.0324909747292418,0.0001547251322763,0.036101083032491,0.0002022763648788,0.0397111913357399,0.0005837672258495,0.0433212996389891,0.0003302718922603,0.0,0.0,0.0,0.0,0.0
65,10:26:06,3,0.0252707581227435,609749.0,0.0270758122743681,0.0252707581227435,2.494124423277597e-05,0.0216606498194946,0.0001674327121804,0.0180505415162455,0.0001658385163902,0.0144404332129963,0.0001504139056803,0.0108303249097472,0.0002425783497979,0.0288808664259927,0.0003094821995644,0.0324909747292418,0.0001548848073354,0.036101083032491,0.0002022763648788,0.0397111913357399,0.0005837672258495,0.0433212996389891,0.0003302718922603,0.0,0.0,0.0,0.0,0.0
65,10:26:09,3,0.0252707581227435,47144.0,0.0270758122743681,0.0252707581227435,2.682540993025841e-05,0.0216606498194946,0.0001674327121804,0.0180505415162455,0.0001658385163902,0.0144404332129963,0.000151371956035,0.0108303249097472,0.0002425783497979,0.0288808664259927,0.0003101208998008,0.0324909747292418,0.0001548848073354,0.036101083032491,0.0002019570147606,0.0397111913357399,0.0005837672258495,0.0433212996389891,0.0003302718922603,0.0,0.0,0.0,0.0,0.0
65,10:26:12,3,0.0252707581227435,87188.0,0.0270758122743681,0.0252707581227435,1.925681212850693e-05,0.0216606498194946,0.0001674327121804,0.0180505415162455,0.0001658385163902,0.0144404332129963,0.000151371956035,0.0108303249097472,0.0002414286893723,0.0288808664259927,0.0003112066902028,0.0324909747292418,0.0001548848073354,0.036101083032491,0.000239320978592,0.0397111913357399,0.0005837672258495,0.0433212996389891,0.0003302718922603,0.0,0.0,0.0,0.0,0.0
65,10:26:15,3,0.0288808664259927,84360.0,0.0270758122743681,0.0252707581227435,1.9384552175793875e-05,0.0216606498194946,0.0001674327121804,0.0180505415162455,0.0001594515140259,0.0144404332129963,0.000151371956035,0.0108303249097472,0.0002414286893723,0.0288808664259927,0.0003043725976729,0.0324909747292418,0.0001548848073354,0.036101083032491,0.0002396403287103,0.0397111913357399,0.0005837672258495,0.0433212996389891,0.0003302718922603,0.0,0.0,0.0,0.0,0.0
65,10:26:18,3,0.0252707581227435,215867.0,0.023465703971119,0.0216606498194946,0.0001674327121804,0.0180505415162455,0.0001594515140259,0.0144404332129963,0.000151371956035,0.0108303249097472,0.0002414286893723,0.0072202166064982,0.0001039165284679,0.0252707581227435,4.391064125488728e-05,0.0288808664259927,0.0003038297024719,0.0324909747292418,0.0001548848073354,0.036101083032491,0.0002399596788285,0.0397111913357399,0.0005837672258495,1.0,1.0,0.0,1.0,0.0
65,10:26:21,3,0.0252707581227435,32944.0,0.023465703971119,0.0216606498194946,0.0001674327121804,0.0180505415162455,0.0001594515140259,0.0144404332129963,0.000151371956035,0.0108303249097472,0.0002414286893723,0.0072202166064982,0.0001039165284679,0.0252707581227435,4.087681513182234e-05,0.0288808664259927,0.0003041171175783,0.0324909747292418,0.0001550125473827,0.036101083032491,0.0002396403287103,0.0397111913357399,0.0005837672258495,1.0,1.0,0.0,1.0,0.0
65,10:26:24,3,0.0252707581227435,316376.0,0.023465703971119,0.0216606498194946,0.0001674327121804,0.0180505415162455,0.0001594515140259,0.0144404332129963,0.000151371956035,0.0108303249097472,0.0002666892837233,0.0072202166064982,0.0001039165284679,0.0252707581227435,5.428952009695155e-06,0.0288808664259927,0.0003059374132522,0.0324909747292418,0.0001518190462005,0.036101083032491,0.0002396403287103,0.0397111913357399,0.0005837672258495,1.0,1.0,0.0,1.0,0.0
65,10:26:27,3,0.0252707581227435,5680.0,0.023465703971119,0.0216606498194946,0.0001706262133625,0.0180505415162455,0.0001591321639077,0.0144404332129963,0.000151371956035,0.0108303249097472,0.0002666892837233,0.0072202166064982,0.0001039165284679,0.0252707581227435,6.866027541673283e-05,0.0288808664259927,0.0003059374132522,0.0324909747292418,0.0001518190462005,0.036101083032491,0.0002396403287103,0.0397111913357399,0.0005842462510268,1.0,1.0,1.0,1.0,0.0
65,10:26:30,3,0.0252707581227435,9940.0,0.023465703971119,0.0216606498194946,0.0001706262133625,0.0180505415162455,0.0001591321639077,0.0144404332129963,0.000151371956035,0.0108303249097472,0.0002666892837233,0.0072202166064982,0.0001039165284679,0.0252707581227435,7.185377659890646e-05,0.0288808664259927,0.0003059374132522,0.0324909747292418,0.0001518190462005,0.036101083032491,0.0002396403287103,0.0397111913357399,0.0005839269009086,1.0,1.0,1.0,0.0,0.0
65,10:26:33,3,0.0252707581227435,7384.0,0.023465703971119,0.0216606498194946,0.0001706262133625,0.0180505415162455,0.0001593557089904,0.0144404332129963,0.000151371956035,0.0108303249097472,0.0002666892837233,0.0072202166064982,0.0001039165284679,0.0252707581227435,7.584565307662348e-05,0.0288808664259927,0.0003059374132522,0.0324909747292418,0.0001518190462005,0.036101083032491,0.0002396403287103,0.0397111913357399,0.0005839269009086,1.0,1.0,1.0,0.0,0.0
65,10:26:36,3,0.0252707581227435,0.0,0.023465703971119,0.0216606498194946,0.0001706262133625,0.0180505415162455,0.0001593557089904,0.0144404332129963,0.000151371956035,0.0108303249097472,0.0002666892837233,0.0072202166064982,0.0001039165284679,0.0252707581227435,7.597339312391043e-05,0.0288808664259927,0.0003059374132522,0.0324909747292418,0.0001518190462005,0.036101083032491,0.0002396403287103,0.0397111913357399,0.0005839269009086,1.0,1.0,0.0,0.0,0.0
65,10:26:39,3,0.0216606498194946,869164.0,0.023465703971119,0.0216606498194946,7.488504792102565e-05,0.0180505415162455,0.0001593557089904,0.0144404332129963,0.000151371956035,0.0108303249097472,0.0002666892837233,0.0072202166064982,0.0001039165284679,0.0252707581227435,7.37379422963889e-05,0.0288808664259927,0.0003059374132522,0.0324909747292418,0.0001434201380914,0.036101083032491,0.0002396403287103,0.0397111913357399,0.0005839269009086,1.0,1.0,0.0,0.0,1.0
65,10:26:42,3,0.0252707581227435,3124.0,0.023465703971119,0.0216606498194946,7.820628915048622e-05,0.0180505415162455,0.0001593557089904,0.0144404332129963,0.000151371956035,0.0108303249097472,0.0002666892837233,0.0072202166064982,0.0001039165284679,0.0252707581227435,7.345052718999326e-05,0.0288808664259927,0.0002963569097057,0.0324909747292418,0.0001434201380914,0.036101083032491,0.0002396403287103,0.0397111913357399,0.0005839269009086,1.0,1.0,0.0,0.0,1.0
65,10:26:45,3,0.0216606498194946,650064.0,0.023465703971119,0.0216606498194946,1.5390120897131112e-05,0.0180505415162455,0.0001650082060829,0.0144404332129963,0.000151371956035,0.0108303249097472,0.0002666892837233,0.0072202166064982,0.0001039165284679,0.0252707581227435,6.399776369075936e-05,0.0288808664259927,0.0003005403962543,0.0324909747292418,0.0001432923980441,0.036101083032491,0.0002396403287103,0.0397111913357399,0.0005839269009086,1.0,1.0,0.0,0.0,1.0
65,10:26:48,3,0.0252707581227435,852.0,0.023465703971119,0.0216606498194946,1.6092691157209306e-05,0.0180505415162455,0.0001650082060829,0.0144404332129963,0.000151371956035,0.0108303249097472,0.0002667531537469,0.0072202166064982,0.0001039165284679,0.0252707581227435,6.460452891537234e-05,0.0288808664259927,0.0003005403962543,0.0324909747292418,0.0001432923980441,0.036101083032491,0.0002396403287103,0.0397111913357399,0.0005839269009086,1.0,0.0,0.0,0.0,1.0
65,10:26:51,3,0.0216606498194946,11340.0,0.023465703971119,0.0216606498194946,1.6092691157209306e-05,0.0180505415162455,0.0001650082060829,0.0144404332129963,0.000151371956035,0.0108303249097472,0.0002667531537469,0.0072202166064982,0.0001039165284679,0.0252707581227435,9.733791603265196e-05,0.0288808664259927,0.0003013387715499,0.0324909747292418,0.0001432923980441,0.036101083032491,0.0002396403287103,0.0397111913357399,0.0005840227059441,1.0,0.0,0.0,0.0,1.0
65,10:26:54,3,0.0252707581227435,2840.0,0.023465703971119,0.0216606498194946,1.950973742213508e-05,0.0180505415162455,0.0001650082060829,0.0144404332129963,0.000151371956035,0.0108303249097472,0.0002669766988297,0.0072202166064982,0.0001039165284679,0.0252707581227435,9.87111215409866e-05,0.0288808664259927,0.0003013387715499,0.0324909747292418,0.0001432923980441,0.036101083032491,0.0002460273310746,0.0397111913357399,0.0005840227059441,1.0,0.0,0.0,0.0,1.0
65,10:26:57,3,0.0216606498194946,84900.0,0.023465703971119,0.0216606498194946,9.92923387561422e-06,0.0180505415162455,0.0001650082060829,0.0144404332129963,0.000151371956035,0.0108303249097472,0.0002666573487114,0.0072202166064982,0.0001045552287043,0.0252707581227435,0.0001089941953475,0.0288808664259927,0.0003013387715499,0.0324909747292418,0.0001432923980441,0.036101083032491,0.0002460273310746,0.0397111913357399,0.0005840227059441,1.0,1.0,0.0,0.0,1.0
65,10:27:00,3,0.0216606498194946,145601.0,0.023465703971119,0.0216606498194946,1.4983907546758629e-06,0.0180505415162455,0.0001659023864139,0.0144404332129963,0.0001513080860113,0.0108303249097472,0.0002666573487114,0.0072202166064982,0.0001045552287043,0.0252707581227435,0.0001076848598628,0.0288808664259927,0.0003029355221409,0.0324909747292418,0.0001432923980441,0.036101083032491,0.0002460273310746,0.0397111913357399,0.0005840227059441,1.0,1.0,1.0,0.0,1.0
65,10:27:03,3,0.0216606498194946,23212.0,0.023465703971119,0.0216606498194946,2.264831038397532e-06,0.0180505415162455,0.0001659023864139,0.0144404332129963,0.0001513080860113,0.0108303249097472,0.0002666573487114,0.0072202166064982,0.0001045552287043,0.0252707581227435,0.0001078125999101,0.0288808664259927,0.0003039255075074,0.0324909747292418,0.0001432923980441,0.036101083032491,0.0002460273310746,0.0397111913357399,0.0005849807562987,0.0,1.0,1.0,0.0,1.0
65,10:27:06,3,0.0252707581227435,72704.0,0.023465703971119,0.0216606498194946,2.264831038397532e-06,0.0180505415162455,0.0001659023864139,0.0144404332129963,0.0001513080860113,0.0108303249097472,0.0002666573487114,0.0072202166064982,0.0001045552287043,0.0252707581227435,0.0001014575325576,0.0288808664259927,0.0003024884319754,0.0324909747292418,0.0001442504483987,0.036101083032491,0.0002460273310746,0.0397111913357399,0.0005849807562987,0.0,0.0,1.0,0.0,1.0
65,10:27:09,3,0.0216606498194946,11320.0,0.023465703971119,0.0216606498194946,1.1790406364585007e-06,0.0180505415162455,0.0001659023864139,0.0144404332129963,0.0001513080860113,0.0108303249097472,0.0002666573487114,0.0072202166064982,0.0001045552287043,0.0252707581227435,0.0001018726877113,0.0288808664259927,0.0003009874864198,0.0324909747292418,0.0001442504483987,0.036101083032491,0.0002460273310746,0.0397111913357399,0.0005849807562987,0.0,0.0,1.0,0.0,1.0
65,10:27:12,3,0.0252707581227435,14200.0,0.023465703971119,0.0216606498194946,4.691891936849483e-06,0.0180505415162455,0.0001656788413311,0.0144404332129963,0.0001513080860113,0.0108303249097472,0.0002698508498936,0.0072202166064982,0.0001045552287043,0.0252707581227435,0.0001002759371202,0.0288808664259927,0.0003009874864198,0.0324909747292418,0.0001442504483987,0.036101083032491,0.0002460273310746,0.0397111913357399,0.0005854597814761,1.0,0.0,1.0,0.0,1.0
65,10:27:15,3,0.0252707581227435,2554.0,0.023465703971119,0.0216606498194946,8.07700318995352e-06,0.0180505415162455,0.0001656788413311,0.0144404332129963,0.0001513080860113,0.0108303249097472,0.0002698508498936,0.0072202166064982,0.0001045552287043,0.0252707581227435,0.0001019684927468,0.0288808664259927,0.0003009874864198,0.0324909747292418,0.0001442504483987,0.036101083032491,0.0002460273310746,0.0397111913357399,0.0005854597814761,1.0,0.0,1.0,0.0,1.0
65,10:27:18,3,0.0216606498194946,71577.0,0.01985559566787,0.0180505415162455,0.0001656788413311,0.0144404332129963,0.0001514677610704,0.0108303249097472,0.0002698508498936,0.0072202166064982,0.0001045552287043,0.0036101083032489,0.0001150937826055,0.0216606498194946,5.454500019152544e-07,0.0252707581227435,0.0001022239728413,0.0288808664259927,0.0003009874864198,0.0324909747292418,0.0001442504483987,0.036101083032491,0.0002461870061337,2.0,1.0,2.0,1.0,1.0
65,10:27:21,3,0.0216606498194946,1415.0,0.01985559566787,0.0180505415162455,0.0001653594912129,0.0144404332129963,0.0001514677610704,0.0108303249097472,0.0002698508498936,0.0072202166064982,0.0001045552287043,0.0036101083032489,0.0001150937826055,0.0216606498194946,2.4615507112194263e-06,0.0252707581227435,0.0001065671344491,0.0288808664259927,0.0003016261866562,0.0324909747292418,0.0001442504483987,0.036101083032491,0.0002461870061337,1.0,1.0,2.0,1.0,2.0
65,10:27:24,3,0.0216606498194946,3113.0,0.01985559566787,0.0180505415162455,0.0001665091516385,0.0144404332129963,0.0001514677610704,0.0108303249097472,0.0002700105249527,0.0072202166064982,0.0001045552287043,0.0036101083032489,0.0001150937826055,0.0216606498194946,2.142200593002065e-06,0.0252707581227435,0.0001059284342126,0.0288808664259927,0.0002984007504623,0.0324909747292418,0.0001440907733396,0.036101083032491,0.000246666031311,1.0,1.0,2.0,1.0,2.0
65,10:27:27,3,0.0216606498194946,18983.0,0.023465703971119,0.0216606498194946,7.319504709541938e-07,0.0180505415162455,0.0001662856065557,0.0144404332129963,0.0001514677610704,0.0108303249097472,0.0002700105249527,0.0072202166064982,0.0001045552287043,0.0252707581227435,0.0001091219353948,0.0288808664259927,0.0002984007504623,0.0324909747292418,0.0001642098307873,0.036101083032491,0.0002473047315475,0.0397111913357399,0.0005819644944322,0.0,0.0,1.0,0.0,1.0
65,10:27:30,3,0.0252707581227435,38908.0,0.023465703971119,0.0216606498194946,7.319504709541938e-07,0.0180505415162455,0.0001662856065557,0.0144404332129963,0.0001514677610704,0.0108303249097472,0.0002700105249527,0.0072202166064982,0.0001045552287043,0.0252707581227435,0.0001069822896028,0.0288808664259927,0.0002963569097057,0.0324909747292418,0.0001642098307873,0.036101083032491,0.000249891467505,0.0397111913357399,0.0005819644944322,0.0,1.0,0.0,0.0,0.0
65,10:27:33,3,0.0216606498194946,2270.0,0.023465703971119,0.0216606498194946,1.3067806837454454e-06,0.0180505415162455,0.0001669243067922,0.0144404332129963,0.0001514677610704,0.0108303249097472,0.0002700105249527,0.0072202166064982,0.0001045552287043,0.0252707581227435,0.000105513279059,0.0288808664259927,0.0002965165847648,0.0324909747292418,0.0001642098307873,0.036101083032491,0.000249891467505,0.0397111913357399,0.0005841999452597,0.0,1.0,0.0,0.0,2.0
65,10:27:36,3,0.0216606498194946,41017.0,0.01985559566787,0.0180505415162455,0.0001707565082108,0.0144404332129963,0.0001514677610704,0.0108303249097472,0.0002668170237706,0.0072202166064982,0.0001045552287043,0.0036101083032489,0.0001150937826055,0.0216606498194946,9.925401674195612e-07,0.0252707581227435,7.694581423388229e-05,0.0288808664259927,0.0002965165847648,0.0324909747292418,0.0001642098307873,0.036101083032491,0.000249891467505,1.0,2.0,1.0,1.0,2.0
65,10:27:39,3,0.0216606498194946,128013.0,0.01985559566787,0.0180505415162455,0.0001709800532935,0.0144404332129963,0.0001514677610704,0.0108303249097472,0.0002668170237706,0.0072202166064982,0.0001045552287043,0.0036101083032489,0.0001150937826055,0.0216606498194946,1.5360740686255113e-05,0.0252707581227435,6.481306454256828e-05,0.0288808664259927,0.000296835934883,0.0324909747292418,0.0001642098307873,0.036101083032491,0.0002526059435099,1.0,2.0,1.0,2.0,2.0
65,10:27:42,3,0.0216606498194946,8490.0,0.01985559566787,0.0180505415162455,0.0001722574537664,0.0144404332129963,0.0001514677610704,0.0108303249097472,0.0002668170237706,0.0072202166064982,0.0001045552287043,0.0036101083032489,0.0001150937826055,0.0216606498194946,1.4402690331603027e-05,0.0252707581227435,6.490886957803349e-05,0.0288808664259927,0.000296835934883,0.0324909747292418,0.0001642098307873,0.036101083032491,0.0002526059435099,1.0,2.0,1.0,2.0,2.0
65,10:27:45,3,0.0216606498194946,4528.0,0.01985559566787,0.0180505415162455,0.0001767283554214,0.0144404332129963,0.0001514677610704,0.0108303249097472,0.0002668170237706,0.0072202166064982,0.0001045552287043,0.0036101083032489,0.0001150937826055,0.0216606498194946,1.7851671608350536e-05,0.0252707581227435,6.490886957803349e-05,0.0288808664259927,0.000298273010415,0.0324909747292418,0.0001642098307873,0.036101083032491,0.0002526059435099,2.0,2.0,1.0,2.0,2.0
65,10:27:48,3,0.0216606498194946,35638.0,0.01985559566787,0.0180505415162455,0.0001761535252086,0.0144404332129963,0.0001514677610704,0.0108303249097472,0.0002668170237706,0.0072202166064982,0.0001045552287043,0.0036101083032489,0.0001150937826055,0.0216606498194946,1.44665603552465e-05,0.0252707581227435,6.46533894834596e-05,0.0288808664259927,0.000298273010415,0.0324909747292418,0.0001642098307873,0.036101083032491,0.0002526059435099,2.0,2.0,1.0,2.0,2.0
65,10:27:51,3,0.0216606498194946,3396.0,0.01985559566787,0.0180505415162455,0.0002275688942416,0.0144404332129963,0.0001514677610704,0.0108303249097472,0.0002668170237706,0.0072202166064982,0.0001045552287043,0.0036101083032489,0.0001150937826055,0.0216606498194946,1.4083340213385666e-05,0.0252707581227435,6.388694919973793e-05,0.0288808664259927,0.0002984007504623,0.0324909747292418,0.0001642098307873,0.036101083032491,0.0002526059435099,2.0,2.0,1.0,2.0,2.0
65,10:27:54,3,0.0216606498194946,18112.0,0.01985559566787,0.0180505415162455,0.0002257805335796,0.0144404332129963,0.0001514677610704,0.0108303249097472,0.0002739385314068,0.0072202166064982,0.0001028307380659,0.0036101083032489,0.0001150937826055,0.0216606498194946,1.2071434468616284e-05,0.0252707581227435,6.388694919973793e-05,0.0288808664259927,0.0002984007504623,0.0324909747292418,0.0001642098307873,0.036101083032491,0.0002526059435099,2.0,2.0,1.0,2.0,2.0
65,10:27:57,3,0.0216606498194946,34243.0,0.01985559566787,0.0180505415162455,0.0002257805335796,0.0144404332129963,0.0001530964466734,0.0108303249097472,0.0002739385314068,0.0072202166064982,0.0001028307380659,0.0036101083032489,0.0001150937826055,0.0216606498194946,9.16534839283829e-06,0.0252707581227435,6.388694919973793e-05,0.0288808664259927,0.0002984007504623,0.0324909747292418,0.0001642098307873,0.036101083032491,0.0002526059435099,2.0,2.0,1.0,2.0,2.0
65,10:28:00,3,0.0216606498194946,81221.0,0.023465703971119,0.0216606498194946,6.674417470742867e-06,0.0180505415162455,0.0002311456155657,0.0144404332129963,0.0001530964466734,0.0108303249097472,0.0002739385314068,0.0072202166064982,0.0001028307380659,0.0252707581227435,6.420629931795528e-05,0.0288808664259927,0.0002984007504623,0.0324909747292418,0.0001642098307873,0.036101083032491,0.0002526059435099,0.0397111913357399,0.0005852857356616,1.0,0.0,0.0,1.0,2.0
65,10:28:03,3,0.0216606498194946,3396.0,0.023465703971119,0.0216606498194946,7.887947919968842e-06,0.0180505415162455,0.0002311456155657,0.0144404332129963,0.0001530964466734,0.0108303249097472,0.0002739385314068,0.0072202166064982,0.0001028307380659,0.0252707581227435,8.030154527611033e-05,0.0288808664259927,0.0002984007504623,0.0324909747292418,0.0001642098307873,0.036101083032491,0.0002532446437463,0.0397111913357399,0.0005852857356616,1.0,0.0,0.0,1.0,2.0
65,10:28:06,3,0.0252707581227435,14153.0,0.023465703971119,0.0216606498194946,7.313117707177591e-06,0.0180505415162455,0.0002357761922798,0.0144404332129963,0.0001530964466734,0.0108303249097472,0.0002744175565841,0.0072202166064982,0.0001028307380659,0.0252707581227435,8.343117643464048e-05,0.0288808664259927,0.0002974427001076,0.0324909747292418,0.0001642098307873,0.036101083032491,0.0002532446437463,0.0397111913357399,0.0005852857356616,1.0,0.0,0.0,1.0,2.0
65,10:28:09,3,0.0216606498194946,20376.0,0.023465703971119,0.0216606498194946,6.642482458921131e-06,0.0180505415162455,0.0002367342426345,0.0144404332129963,0.0001530964466734,0.0108303249097472,0.0002744175565841,0.0072202166064982,0.0001028307380659,0.0252707581227435,8.215377596177103e-05,0.0288808664259927,0.0002974427001076,0.0324909747292418,0.0001642098307873,0.036101083032491,0.0002534043188054,0.0397111913357399,0.0005859244358981,1.0,0.0,0.0,1.0,2.0
65,10:28:12,3,0.0216606498194946,8774.0,0.023465703971119,0.0216606498194946,6.035717234308142e-06,0.0180505415162455,0.0002362552174572,0.0144404332129963,0.0001530964466734,0.0108303249097472,0.0002737788563477,0.0072202166064982,0.0001028307380659,0.0252707581227435,8.21218409499493e-05,0.0288808664259927,0.0002974427001076,0.0324909747292418,0.0001642098307873,0.036101083032491,0.0002534043188054,0.0397111913357399,0.0005868824862527,1.0,0.0,0.0,1.0,2.0
65,10:28:15,3,0.0252707581227435,1704.0,0.023465703971119,0.0216606498194946,6.035717234308142e-06,0.0180505415162455,0.0002362552174572,0.0144404332129963,0.0001530964466734,0.0108303249097472,0.0002737788563477,0.0072202166064982,0.0001028307380659,0.0252707581227435,8.193023087901888e-05,0.0288808664259927,0.0003067357885477,0.0324909747292418,0.0001642098307873,0.036101083032491,0.0002534043188054,0.0397111913357399,0.0005873615114301,0.0,0.0,0.0,1.0,2.0
65,10:28:18,3,0.0216606498194946,64281.0,0.023465703971119,0.0216606498194946,2.162000300331541e-05,0.0180505415162455,0.000236095542398,0.0144404332129963,0.0001562899478555,0.0108303249097472,0.0002739385314068,0.0072202166064982,0.0001028307380659,0.0252707581227435,8.065283040614943e-05,0.0288808664259927,0.0003067357885477,0.0324909747292418,0.0001646888559646,0.036101083032491,0.0002534043188054,0.0397111913357399,0.0005873615114301,0.0,0.0,0.0,0.0,2.0
65,10:28:21,3,0.0216606498194946,0.0,0.023465703971119,0.0216606498194946,4.719994747252611e-05,0.0180505415162455,0.000236095542398,0.0144404332129963,0.0001562899478555,0.0108303249097472,0.0002739385314068,0.0072202166064982,0.0001028307380659,0.0252707581227435,7.950316998056694e-05,0.0288808664259927,0.0003067357885477,0.0324909747292418,0.0001646888559646,0.036101083032491,0.0002534043188054,0.0397111913357399,0.0005873615114301,0.0,0.0,0.0,1.0,2.0
65,10:28:24,3,0.0252707581227435,1136.0,0.023465703971119,0.0216606498194946,5.368275487233856e-05,0.0180505415162455,0.000236095542398,0.0144404332129963,0.0001566092979737,0.0108303249097472,0.0002668170237706,0.0072202166064982,0.0001028307380659,0.0252707581227435,8.039735031157555e-05,0.0288808664259927,0.000308651889257,0.0324909747292418,0.0001646888559646,0.036101083032491,0.0002534043188054,0.0397111913357399,0.0005873615114301,0.0,0.0,0.0,1.0,2.0
65,10:28:27,3,0.0216606498194946,14150.0,0.023465703971119,0.0216606498194946,5.2245679340360426e-05,0.0180505415162455,0.000236095542398,0.0144404332129963,0.0001566092979737,0.0108303249097472,0.0002668170237706,0.0072202166064982,0.0001028307380659,0.0252707581227435,8.055702537068423e-05,0.0288808664259927,0.000308651889257,0.0324909747292418,0.0001646888559646,0.036101083032491,0.0002534043188054,0.0397111913357399,0.0005873615114301,0.0,0.0,0.0,1.0,2.0
65,10:28:30,3,0.0216606498194946,470063.0,0.01985559566787,0.0180505415162455,0.0002370535927527,0.0144404332129963,0.0001566092979737,0.0108303249097472,0.0002668170237706,0.0072202166064982,0.0001028307380659,0.0036101083032489,0.0001220236801708,0.0216606498194946,7.632467825394952e-06,0.0252707581227435,8.055702537068423e-05,0.0288808664259927,0.000308651889257,0.0324909747292418,0.0001646888559646,0.036101083032491,0.0002534043188054,1.0,1.0,1.0,1.0,2.0
65,10:28:33,3,0.0216606498194946,34809.0,0.01985559566787,0.0180505415162455,0.0002370535927527,0.0144404332129963,0.0001567689730329,0.0108303249097472,0.0002668170237706,0.0072202166064982,0.0001028307380659,0.0036101083032489,0.0001220236801708,0.0216606498194946,3.7044613713214e-06,0.0252707581227435,8.055702537068423e-05,0.0288808664259927,0.0003085880192334,0.0324909747292418,0.0001646888559646,0.036101083032491,0.0002534043188054,1.0,1.0,1.0,2.0,2.0
65,10:28:36,3,0.0216606498194946,16131.0,0.01985559566787,0.0180505415162455,0.0001862449889443,0.0144404332129963,0.0001567689730329,0.0108303249097472,0.0002671363738888,0.0072202166064982,0.0001028307380659,0.0036101083032489,0.0001220236801708,0.0216606498194946,1.884165697482436e-06,0.0252707581227435,8.055702537068423e-05,0.0288808664259927,0.0003085880192334,0.0324909747292418,0.0001646888559646,0.036101083032491,0.0002534043188054,1.0,1.0,1.0,2.0,2.0
65,10:28:39,3,0.0216606498194946,5094.0,0.01985559566787,0.0180505415162455,0.0001926319913087,0.0144404332129963,0.0001567689730329,0.0108303249097472,0.0002671363738888,0.0072202166064982,0.0001028307380659,0.0036101083032489,0.0001251852463412,0.0216606498194946,1.3093354846911845e-06,0.0252707581227435,8.055702537068423e-05,0.0288808664259927,0.0003101847698245,0.0324909747292418,0.0001646888559646,0.036101083032491,0.0002534043188054,1.0,1.0,2.0,2.0,2.0
65,10:28:42,3,0.0216606498194946,2547.0,0.01985559566787,0.0180505415162455,0.0001941010018525,0.0144404332129963,0.0001579186334584,0.0108303249097472,0.0002671363738888,0.0072202166064982,0.0001028307380659,0.0036101083032489,0.0001251852463412,0.0216606498194946,1.7244906383737549e-06,0.0252707581227435,8.087637548890158e-05,0.0288808664259927,0.0003101847698245,0.0324909747292418,0.0001653594912129,0.036101083032491,0.0002539152789946,1.0,1.0,2.0,2.0,2.0
65,10:28:45,3,0.0216606498194946,1698.0,0.01985559566787,0.0180505415162455,0.0002104197928934,0.0144404332129963,0.0001579186334584,0.0108303249097472,0.0002671363738888,0.0072202166064982,0.0001028307380659,0.0036101083032489,0.0001251852463412,0.0216606498194946,4.726381749616958e-06,0.0252707581227435,8.231345102087971e-05,0.0288808664259927,0.0003101847698245,0.0324909747292418,0.0001655511012838,0.036101083032491,0.0002539152789946,1.0,1.0,2.0,2.0,2.0
65,10:28:48,3,0.0216606498194946,11320.0,0.01985559566787,0.0180505415162455,0.0002104197928934,0.0144404332129963,0.0001579186334584,0.0108303249097472,0.0002671363738888,0.0072202166064982,0.0001028307380659,0.0036101083032489,0.0001251852463412,0.0216606498194946,3.5383993098483714e-05,0.0252707581227435,8.231345102087971e-05,0.0288808664259927,0.0003101847698245,0.0324909747292418,0.0001655511012838,0.036101083032491,0.0002532765787581,1.0,1.0,2.0,2.0,2.0
65,10:28:51,3,0.0216606498194946,0.0,0.01985559566787,0.0180505415162455,0.0002104197928934,0.0144404332129963,0.0001579186334584,0.0108303249097472,0.0002710005103192,0.0072202166064982,0.0001028307380659,0.0036101083032489,0.0001251852463412,0.0216606498194946,3.5511733145770655e-05,0.0252707581227435,8.99778538580964e-05,0.0288808664259927,0.0003101847698245,0.0324909747292418,0.0001655511012838,0.036101083032491,0.0002532765787581,1.0,1.0,2.0,2.0,2.0
65,10:28:54,3,0.0216606498194946,0.0,0.01985559566787,0.0180505415162455,0.0002104197928934,0.0144404332129963,0.0001579825034821,0.0108303249097472,0.0002710005103192,0.0072202166064982,0.0001028307380659,0.0036101083032489,0.000130582263339,0.0216606498194946,3.56394731930576e-05,0.0252707581227435,8.99778538580964e-05,0.0288808664259927,0.0003101847698245,0.0324909747292418,0.0001655511012838,0.036101083032491,0.0002532765787581,1.0,1.0,2.0,2.0,2.0
65,10:28:57,3,0.0216606498194946,0.0,0.01985559566787,0.0180505415162455,0.0002097810926569,0.0144404332129963,0.0001579825034821,0.0108303249097472,0.0002710005103192,0.0072202166064982,0.0001028307380659,0.0036101083032489,0.000130582263339,0.0216606498194946,4.099816817674494e-05,0.0252707581227435,9.061655409453112e-05,0.0288808664259927,0.0003101847698245,0.0324909747292418,0.0001655511012838,0.036101083032491,0.0002532765787581,1.0,1.0,2.0,2.0,2.0
65,10:29:00,3,0.0216606498194946,5094.0,0.01985559566787,0.0180505415162455,0.0002097810926569,0.0144404332129963,0.0001579825034821,0.0108303249097472,0.0002710005103192,0.0072202166064982,0.0001028307380659,0.0036101083032489,0.000130582263339,0.0216606498194946,4.0423337963953687e-05,0.0252707581227435,9.061655409453112e-05,0.0288808664259927,0.0003080131890206,0.0324909747292418,0.0001655511012838,0.036101083032491,0.0002532765787581,1.0,1.0,2.0,2.0,2.0
65,10:29:03,3,0.0216606498194946,424698.0,0.01985559566787,0.0180505415162455,0.0001618785749243,0.0144404332129963,0.0001579825034821,0.0108303249097472,0.0002711601853783,0.0072202166064982,0.0001028307380659,0.0036101083032489,0.000130582263339,0.0216606498194946,4.048720798759716e-05,0.0252707581227435,9.061655409453112e-05,0.0288808664259927,0.0003110789501555,0.0324909747292418,0.0001655511012838,0.036101083032491,0.0002532765787581,1.0,1.0,2.0,2.0,2.0
65,10:29:06,3,0.0216606498194946,0.0,0.01985559566787,0.0180505415162455,0.0001618785749243,0.0144404332129963,0.0001551083524181,0.0108303249097472,0.0002711601853783,0.0072202166064982,0.0001028307380659,0.0036101083032489,0.000130582263339,0.0216606498194946,4.048720798759716e-05,0.0252707581227435,7.020752673949596e-05,0.0288808664259927,0.0003158053319051,0.0324909747292418,0.0001655511012838,0.036101083032491,0.0002532765787581,1.0,1.0,2.0,2.0,2.0
65,10:29:09,3,0.0216606498194946,41601.0,0.01985559566787,0.0180505415162455,0.0001618785749243,0.0144404332129963,0.0001551083524181,0.0108303249097472,0.0002711601853783,0.0072202166064982,0.0001028307380659,0.0036101083032489,0.000130582263339,0.0216606498194946,3.6048241344375824e-05,0.0252707581227435,7.691387922206055e-05,0.0288808664259927,0.0003165717721888,0.0324909747292418,0.0001671159168631,0.036101083032491,0.0002532765787581,1.0,2.0,2.0,2.0,2.0
65,10:29:12,3,0.0216606498194946,440580.0,0.01985559566787,0.0180505415162455,0.0001414695475693,0.0144404332129963,0.0001551083524181,0.0108303249097472,0.0002711601853783,0.0072202166064982,0.0001028307380659,0.0036101083032489,0.000130582263339,0.0216606498194946,7.306730704813243e-06,0.0252707581227435,7.691387922206055e-05,0.0288808664259927,0.0003165717721888,0.0324909747292418,0.0001671159168631,0.036101083032491,0.0002532765787581,1.0,2.0,2.0,2.0,2.0
65,10:29:15,3,0.0216606498194946,32262.0,0.01985559566787,0.0180505415162455,0.0001414695475693,0.0144404332129963,0.0001551083524181,0.0108303249097472,0.0002711601853783,0.0072202166064982,0.0001028307380659,0.0036101083032489,0.000130582263339,0.0216606498194946,5.965460208300323e-06,0.0252707581227435,7.691387922206055e-05,0.0288808664259927,0.0003165717721888,0.0324909747292418,0.0001670520468395,0.036101083032491,0.0002532765787581,1.0,2.0,2.0,2.0,2.0
65,10:29:18,3,0.0216606498194946,29998.0,0.01985559566787,0.0180505415162455,0.0001418527677112,0.0144404332129963,0.0001551083524181,0.0108303249097472,0.000271224055402,0.0072202166064982,0.0001028307380659,0.0036101083032489,0.000130582263339,0.0216606498194946,2.5803489551962854e-06,0.0252707581227435,7.691387922206055e-05,0.0288808664259927,0.0003165717721888,0.0324909747292418,0.0001670520468395,0.036101083032491,0.0002532765787581,1.0,2.0,1.0,2.0,2.0
65,10:29:21,3,0.0216606498194946,2830.0,0.01985559566787,0.0180505415162455,0.0001418527677112,0.0144404332129963,0.0001551083524181,0.0108303249097472,0.000271224055402,0.0072202166064982,0.0001025113879477,0.0036101083032489,0.000130582263339,0.0216606498194946,2.388738884265868e-06,0.0252707581227435,7.621130896198236e-05,0.0288808664259927,0.0003165717721888,0.0324909747292418,0.0001670520468395,0.036101083032491,0.0002532765787581,1.0,2.0,2.0,2.0,2.0
65,10:29:24,3,0.0216606498194946,1132.0,0.01985559566787,0.0180505415162455,0.0001418527677112,0.0144404332129963,0.0001551083524181,0.0108303249097472,0.000271224055402,0.0072202166064982,0.0001025113879477,0.0036101083032489,0.000130582263339,0.0216606498194946,2.4845439197310765e-06,0.0252707581227435,7.461455837089556e-05,0.0288808664259927,0.0003165717721888,0.0324909747292418,0.0001670520468395,0.036101083032491,0.0002532765787581,2.0,2.0,2.0,2.0,2.0
65,10:29:27,3,0.0180505415162455,11315.0,0.01985559566787,0.0180505415162455,0.0001370625159379,0.0144404332129963,0.0001551083524181,0.0108303249097472,0.000271224055402,0.0072202166064982,0.0001025113879477,0.0036101083032489,0.000130582263339,0.0216606498194946,1.3668185059703096e-06,0.0252707581227435,6.822755600654831e-05,0.0288808664259927,0.0003165717721888,0.0324909747292418,0.0001673394619458,0.036101083032491,0.0002532765787581,2.0,2.0,2.0,2.0,2.0
65,10:29:30,3,0.0216606498194946,31130.0,0.01985559566787,0.0180505415162455,0.0001373179960325,0.0144404332129963,0.0001551083524181,0.0108303249097472,0.000271224055402,0.0072202166064982,0.0001015533375931,0.0036101083032489,0.000130582263339,0.0216606498194946,1.0474683877529474e-06,0.0252707581227435,6.822755600654831e-05,0.0288808664259927,0.0003165717721888,0.0324909747292418,0.0001673394619458,0.036101083032491,0.0002532765787581,2.0,2.0,1.0,2.0,2.0
65,10:29:33,3,0.0216606498194946,2830.0,0.01985559566787,0.0180505415162455,0.0001373179960325,0.0144404332129963,0.0001551083524181,0.0108303249097472,0.000271224055402,0.0072202166064982,0.0001043316836216,0.0036101083032489,0.000130582263339,0.0216606498194946,7.919882931790579e-07,0.0252707581227435,6.822755600654831e-05,0.0288808664259927,0.0003167633822598,0.0324909747292418,0.0001673394619458,0.036101083032491,0.0002532765787581,2.0,2.0,2.0,2.0,2.0
65,10:29:36,3,0.0216606498194946,2264.0,0.01985559566787,0.0180505415162455,0.0001373179960325,0.0144404332129963,0.0001551083524181,0.0108303249097472,0.000271224055402,0.0072202166064982,0.0001043316836216,0.0036101083032489,0.0001315403136937,0.0216606498194946,5.365081986051683e-07,0.0252707581227435,6.886625624298304e-05,0.0288808664259927,0.0003167633822598,0.0324909747292418,0.0001673394619458,0.036101083032491,0.0002532765787581,2.0,2.0,2.0,2.0,2.0
65,10:29:39,3,0.0216606498194946,7575.0,0.023465703971119,0.0216606498194946,6.425324378533324e-06,0.0180505415162455,0.000138659266529,0.0144404332129963,0.0001551083524181,0.0108303249097472,0.0002720863007211,0.0072202166064982,0.0001043316836216,0.0252707581227435,7.046300683406984e-05,0.0288808664259927,0.0003167633822598,0.0324909747292418,0.0001673394619458,0.036101083032491,0.0002532765787581,0.0397111913357399,0.0005837209200824,1.0,1.0,2.0,2.0,2.0
65,10:29:42,3,0.0216606498194946,3962.0,0.023465703971119,0.0216606498194946,6.265649319424643e-06,0.0180505415162455,0.000138659266529,0.0144404332129963,0.0001552680274772,0.0108303249097472,0.0002720863007211,0.0072202166064982,0.0001043316836216,0.0252707581227435,7.126138212961325e-05,0.0288808664259927,0.0003167633822598,0.0324909747292418,0.0001673394619458,0.036101083032491,0.0002532765787581,0.0397111913357399,0.0005837209200824,1.0,1.0,2.0,2.0,2.0
65,10:29:45,3,0.0252707581227435,30004.0,0.023465703971119,0.0216606498194946,4.541158681050888e-06,0.0180505415162455,0.000138659266529,0.0144404332129963,0.0001488810251129,0.0108303249097472,0.0002720863007211,0.0072202166064982,0.0001043316836216,0.0252707581227435,7.298587276798701e-05,0.0288808664259927,0.0003167633822598,0.0324909747292418,0.0001673394619458,0.036101083032491,0.0002461231361101,0.0397111913357399,0.000583241894905,1.0,1.0,2.0,2.0,2.0
65,10:29:48,3,0.0216606498194946,7641.0,0.023465703971119,0.0216606498194946,3.998263480081373e-06,0.0180505415162455,0.0001385953965053,0.0144404332129963,0.0001488810251129,0.0108303249097472,0.0002720863007211,0.0072202166064982,0.0001043316836216,0.0252707581227435,7.298587276798701e-05,0.0288808664259927,0.0003167633822598,0.0324909747292418,0.0001673394619458,0.036101083032491,0.0002461231361101,0.0397111913357399,0.000583241894905,1.0,0.0,2.0,2.0,2.0
65,10:29:51,3,0.0216606498194946,9622.0,0.023465703971119,0.0216606498194946,1.3067806837454457e-05,0.0180505415162455,0.0001385953965053,0.0144404332129963,0.0001488810251129,0.0108303249097472,0.0002720224306975,0.0072202166064982,0.0001043316836216,0.0252707581227435,7.429520825267818e-05,0.0288808664259927,0.0003167633822598,0.0324909747292418,0.0001673394619458,0.036101083032491,0.0002461231361101,0.0397111913357399,0.000583241894905,1.0,1.0,2.0,2.0,2.0
65,10:29:54,3,0.0216606498194946,0.0,0.023465703971119,0.0216606498194946,1.3323286932028345e-05,0.0180505415162455,0.0001392340967418,0.0144404332129963,0.0001488810251129,0.0108303249097472,0.0002720224306975,0.0072202166064982,0.0001043316836216,0.0252707581227435,7.429520825267818e-05,0.0288808664259927,0.0003167633822598,0.0324909747292418,0.0001673394619458,0.036101083032491,0.0002461231361101,0.0397111913357399,0.000583241894905,1.0,1.0,2.0,2.0,2.0
65,10:29:57,3,0.0216606498194946,0.0,0.023465703971119,0.0216606498194946,1.4632622416719529e-05,0.0180505415162455,0.0001392660317536,0.0144404332129963,0.0001488810251129,0.0108303249097472,0.0002720224306975,0.0072202166064982,0.0001043316836216,0.0252707581227435,9.9619672627315e-05,0.0288808664259927,0.0003167633822598,0.0324909747292418,0.0001673394619458,0.036101083032491,0.0002461231361101,0.0397111913357399,0.000583241894905,1.0,1.0,2.0,2.0,2.0
65,10:30:00,3,0.0216606498194946,25187.0,0.023465703971119,0.0216606498194946,1.1790406364585006e-05,0.0180505415162455,0.0001459723842362,0.0144404332129963,0.0001497113354202,0.0108303249097472,0.0002720863007211,0.0072202166064982,0.0001043316836216,0.0252707581227435,0.0001032921989868,0.0288808664259927,0.0003167633822598,0.0324909747292418,0.0001673394619458,0.036101083032491,0.0002461231361101,0.0397111913357399,0.000583241894905,1.0,0.0,2.0,2.0,2.0
65,10:30:03,3,0.0216606498194946,45563.0,0.023465703971119,0.0216606498194946,9.012060336093956e-06,0.0180505415162455,0.0001459723842362,0.0144404332129963,0.0001497113354202,0.0108303249097472,0.0002720863007211,0.0072202166064982,0.0001050342538816,0.0252707581227435,0.0001053679747552,0.0288808664259927,0.0003167633822598,0.0324909747292418,0.0001673394619458,0.036101083032491,0.0002458037859919,0.0397111913357399,0.0005833057649287,0.0,2.0,2.0,2.0,2.0
65,10:30:06,3,0.0252707581227435,46984.0,0.023465703971119,0.0216606498194946,3.902458444616164e-06,0.0180505415162455,0.0001459723842362,0.0144404332129963,0.0001497113354202,0.0108303249097472,0.0002720863007211,0.0072202166064982,0.0001050342538816,0.0252707581227435,0.0001115633670486,0.0288808664259927,0.0003168591872952,0.0324909747292418,0.0001673394619458,0.036101083032491,0.0002458037859919,0.0397111913357399,0.0005864992661109,1.0,2.0,2.0,2.0,2.0
65,10:30:09,3,0.0216606498194946,32828.0,0.023465703971119,0.0216606498194946,3.5767213240344545e-07,0.0180505415162455,0.0001491658854183,0.0144404332129963,0.0001497113354202,0.0108303249097472,0.0002722459757803,0.0072202166064982,0.0001051939289407,0.0252707581227435,0.0001350675357494,0.0288808664259927,0.0003168591872952,0.0324909747292418,0.0001673394619458,0.036101083032491,0.0002458037859919,0.0397111913357399,0.0005864992661109,1.0,2.0,2.0,2.0,2.0
65,10:30:12,3,0.0216606498194946,849.0,0.023465703971119,0.0216606498194946,2.6186709693823685e-07,0.0180505415162455,0.0001491658854183,0.0144404332129963,0.0001497113354202,0.0108303249097472,0.0002722459757803,0.0072202166064982,0.0001051939289407,0.0252707581227435,0.000136025586104,0.0288808664259927,0.0003168591872952,0.0324909747292418,0.0001688404075015,0.036101083032491,0.0002458037859919,0.0397111913357399,0.0005864992661109,1.0,2.0,2.0,2.0,2.0
65,10:30:15,3,0.0216606498194946,2264.0,0.023465703971119,0.0216606498194946,6.38700236434724e-09,0.0180505415162455,0.0001491658854183,0.0144404332129963,0.0001487532850656,0.0108303249097472,0.0002724056508394,0.0072202166064982,0.0001051939289407,0.0252707581227435,0.0001363449362223,0.0288808664259927,0.0003168591872952,0.0324909747292418,0.0001720339086836,0.036101083032491,0.0002458037859919,0.0397111913357399,0.0005864992661109,0.0,2.0,2.0,2.0,2.0
65,10:30:18,3,0.0216606498194946,15910.0,0.01985559566787,0.0180505415162455,0.0001491658854183,0.0144404332129963,0.0001487532850656,0.0108303249097472,0.0002724056508394,0.0072202166064982,0.0001051939289407,0.0036101083032489,0.0001323386889892,0.0216606498194946,1.5903635887224629e-06,0.0252707581227435,0.0001365365462932,0.0288808664259927,0.0003168591872952,0.0324909747292418,0.0001720339086836,0.036101083032491,0.0002458037859919,2.0,2.0,2.0,2.0,2.0
65,10:30:21,3,0.0216606498194946,22018.0,0.023465703971119,0.0216606498194946,6.770222506208075e-07,0.0180505415162455,0.0001494852355366,0.0144404332129963,0.0001487532850656,0.0108303249097472,0.0002737788563477,0.0072202166064982,0.0001051939289407,0.0252707581227435,0.0001365365462932,0.0288808664259927,0.0003168591872952,0.0324909747292418,0.0001720339086836,0.036101083032491,0.0002458037859919,0.0397111913357399,0.0005868186162291,2.0,2.0,2.0,2.0,2.0
65,10:30:24,3,0.0252707581227435,44864.0,0.023465703971119,0.0216606498194946,4.215421560469179e-07,0.0180505415162455,0.0001494852355366,0.0144404332129963,0.0001487532850656,0.0108303249097472,0.0002721821057566,0.0072202166064982,0.0001051939289407,0.0252707581227435,0.0001324169297682,0.0288808664259927,0.0003168591872952,0.0324909747292418,0.0001720339086836,0.036101083032491,0.0002458037859919,0.0397111913357399,0.0005868186162291,2.0,2.0,2.0,2.0,2.0
65,10:30:27,3,0.0252707581227435,0.0,0.023465703971119,0.0216606498194946,1.698942628916366e-06,0.0180505415162455,0.0001491658854183,0.0144404332129963,0.0001487532850656,0.0108303249097472,0.0002721821057566,0.0072202166064982,0.0001040442685152,0.0252707581227435,0.0001324169297682,0.0288808664259927,0.0003168591872952,0.0324909747292418,0.0001720339086836,0.036101083032491,0.0002458037859919,0.0397111913357399,0.0005868186162291,2.0,2.0,2.0,2.0,2.0
65,10:30:30,3,0.0216606498194946,18168.0,0.01985559566787,0.0180505415162455,0.0001491658854183,0.0144404332129963,0.0001487532850656,0.0108303249097472,0.0002721821057566,0.0072202166064982,0.0001040442685152,0.0036101083032489,0.0001343186597222,0.0216606498194946,1.0308621816056448e-05,0.0252707581227435,0.0001357509450024,0.0288808664259927,0.0003119092604628,0.0324909747292418,0.0001733113091565,0.036101083032491,0.0002458037859919,2.0,2.0,2.0,2.0,2.0
65,10:30:33,3,0.0252707581227435,2861503.0,0.0252707581227435,0.0216606498194946,1.916100709304172e-06,0.0180505415162455,0.0001491658854183,0.0144404332129963,0.0001487532850656,0.0108303249097472,0.0002721821057566,0.0072202166064982,0.0001040442685152,0.0288808664259927,0.0001370538934847,0.0324909747292418,0.0001736306592747,0.036101083032491,0.0002458037859919,0.0397111913357399,0.0005868186162291,0.0433212996389891,0.0003320921879342,2.0,2.0,2.0,2.0,2.0
65,10:30:36,3,0.0252707581227435,0.0,0.0252707581227435,0.0216606498194946,7.281182695355854e-06,0.0180505415162455,0.0001491658854183,0.0144404332129963,0.0001487532850656,0.0108303249097472,0.0002721821057566,0.0072202166064982,0.0001040442685152,0.0288808664259927,0.0001386506440758,0.0324909747292418,0.0001736306592747,0.036101083032491,0.0002458037859919,0.0397111913357399,0.0005868186162291,0.0433212996389891,0.0003320921879342,2.0,2.0,2.0,2.0,2.0
65,10:30:39,3,0.0252707581227435,0.0,0.0270758122743681,0.0252707581227435,3.512851300390982e-06,0.0216606498194946,7.281182695355854e-06,0.0180505415162455,0.0001491658854183,0.0144404332129963,0.0001487532850656,0.0108303249097472,0.0002721821057566,0.0288808664259927,0.0001386506440758,0.0324909747292418,0.0001736306592747,0.036101083032491,0.0002458037859919,0.0397111913357399,0.0005868186162291,0.0433212996389891,0.0003320921879342,1.0,1.0,1.0,2.0,2.0
65,10:30:42,3,0.0252707581227435,5680.0,0.0270758122743681,0.0252707581227435,2.8741510639562583e-06,0.0216606498194946,8.23923305000794e-06,0.0180505415162455,0.0001478884849455,0.0144404332129963,0.0001471565344745,0.0108303249097472,0.0002719585606739,0.0288808664259927,0.0001354571428936,0.0324909747292418,0.0001736306592747,0.036101083032491,0.0002458037859919,0.0397111913357399,0.0005822199745268,0.0433212996389891,0.0003320921879342,1.0,1.0,2.0,2.0,2.0
65,10:30:45,3,0.0288808664259927,32430.0,0.0270758122743681,0.0252707581227435,3.959941465895289e-06,0.0216606498194946,1.4945585532572544e-05,0.0180505415162455,0.0001485271851819,0.0144404332129963,0.0001471565344745,0.0108303249097472,0.0002719585606739,0.0288808664259927,0.0001337326522552,0.0324909747292418,0.0001736306592747,0.036101083032491,0.0002458037859919,0.0397111913357399,0.0005822199745268,0.0433212996389891,0.0003320921879342,1.0,1.0,2.0,2.0,2.0
65,10:30:48,3,0.0252707581227435,2556.0,0.0270758122743681,0.0252707581227435,3.896071442251817e-06,0.0216606498194946,1.5073325579859488e-05,0.0180505415162455,0.0001485271851819,0.0144404332129963,0.0001471565344745,0.0108303249097472,0.0002719585606739,0.0288808664259927,0.0001415886651634,0.0324909747292418,0.0001707884432226,0.036101083032491,0.0002458037859919,0.0397111913357399,0.0005822199745268,0.0433212996389891,0.0003320921879342,1.0,1.0,2.0,2.0,2.0
65,10:30:51,3,0.0252707581227435,64475.0,0.0270758122743681,0.0252707581227435,1.2071434468616284e-05,0.0216606498194946,2.1460327944206728e-05,0.0180505415162455,0.0001485271851819,0.0144404332129963,0.0001471565344745,0.0108303249097472,0.0002719585606739,0.0288808664259927,0.0001413651200806,0.0324909747292418,0.0001675949420404,0.036101083032491,0.0002458037859919,0.0397111913357399,0.0005815812742903,0.0433212996389891,0.0003320921879342,1.0,1.0,2.0,2.0,2.0
65,10:30:54,3,0.0288808664259927,30142.0,0.0270758122743681,0.0252707581227435,9.899853664738224e-06,0.0216606498194946,2.1460327944206728e-05,0.0180505415162455,0.0001485271851819,0.0144404332129963,0.0001471565344745,0.0108303249097472,0.0002719585606739,0.0288808664259927,0.0001415567301516,0.0324909747292418,0.0001675949420404,0.036101083032491,0.0002458037859919,0.0397111913357399,0.0005815812742903,0.0433212996389891,0.0003320921879342,1.0,1.0,2.0,2.0,2.0
65,10:30:57,3,0.0252707581227435,1136.0,0.0270758122743681,0.0252707581227435,1.2678199693229273e-05,0.0216606498194946,2.168387302695888e-05,0.0180505415162455,0.0001485271851819,0.0144404332129963,0.0001471565344745,0.0108303249097472,0.0002719585606739,0.0288808664259927,0.0001415567301516,0.0324909747292418,0.0001675949420404,0.036101083032491,0.0002458037859919,0.0397111913357399,0.0005815812742903,0.0433212996389891,0.0003320921879342,1.0,1.0,2.0,2.0,2.0
65,10:31:00,3,0.0252707581227435,20184.0,0.0270758122743681,0.0252707581227435,1.1049514090320726e-05,0.0216606498194946,2.193935312153277e-05,0.0180505415162455,0.0001485271851819,0.0144404332129963,0.0001455278488716,0.0108303249097472,0.0002719585606739,0.0288808664259927,0.0001418760802698,0.0324909747292418,0.0001672755919222,0.036101083032491,0.0002458037859919,0.0397111913357399,0.0005815812742903,0.0433212996389891,0.0003320921879342,1.0,1.0,2.0,2.0,2.0
65,10:31:03,3,0.0288808664259927,24715.0,0.0270758122743681,0.0252707581227435,1.8809721963002625e-05,0.0216606498194946,4.608222205876534e-05,0.0180505415162455,0.0001485271851819,0.0144404332129963,0.0001455278488716,0.0108303249097472,0.0002719585606739,0.0288808664259927,0.000141652535187,0.0324909747292418,0.0001684891223714,0.036101083032491,0.0002504024276942,0.0397111913357399,0.0005818048193731,0.0433212996389891,0.0003320921879342,1.0,1.0,2.0,2.0,2.0
65,10:31:06,3,0.0288808664259927,165585.0,0.0270758122743681,0.0252707581227435,2.126871787327631e-05,0.0216606498194946,4.608222205876534e-05,0.0180505415162455,0.0001485271851819,0.0144404332129963,0.0001455278488716,0.0108303249097472,0.0002719585606739,0.0288808664259927,0.0001223637880467,0.0324909747292418,0.0001768880304805,0.036101083032491,0.0002504024276942,0.0397111913357399,0.0005818048193731,0.0433212996389891,0.0003320921879342,1.0,1.0,2.0,2.0,2.0
65,10:31:09,3,0.0252707581227435,3124.0,0.0270758122743681,0.0252707581227435,2.641025477657584e-05,0.0216606498194946,5.087247383202577e-05,0.0180505415162455,0.0001485271851819,0.0144404332129963,0.0001455278488716,0.0108303249097472,0.0002719585606739,0.0288808664259927,0.0001253018091343,0.0324909747292418,0.0001768880304805,0.036101083032491,0.0002504024276942,0.0397111913357399,0.0005818048193731,0.0433212996389891,0.0003320921879342,1.0,1.0,2.0,2.0,2.0
65,10:31:12,3,0.0288808664259927,1140.0,0.0270758122743681,0.0252707581227435,3.049793628975808e-05,0.0216606498194946,5.1351499009351815e-05,0.0180505415162455,0.0001485271851819,0.0144404332129963,0.0001455278488716,0.0108303249097472,0.0002738746613832,0.0288808664259927,0.0001235773184959,0.0324909747292418,0.0001768880304805,0.036101083032491,0.0002507217778124,0.0397111913357399,0.0005818048193731,0.0433212996389891,0.0003320921879342,1.0,2.0,2.0,2.0,2.0
65,10:31:15,3,0.0252707581227435,23929.0,0.0270758122743681,0.0252707581227435,4.298452591205693e-05,0.0216606498194946,5.269276950586473e-05,0.0180505415162455,0.0001485271851819,0.0144404332129963,0.0001455278488716,0.0108303249097472,0.0002738746613832,0.0288808664259927,0.0001212460626329,0.0324909747292418,0.0001768880304805,0.036101083032491,0.0002507217778124,0.0397111913357399,0.0005818048193731,0.0433212996389891,0.0003320921879342,1.0,2.0,2.0,2.0,2.0
65,10:31:18,3,0.0288808664259927,1710.0,0.0270758122743681,0.0252707581227435,6.5977734423707e-05,0.0216606498194946,5.371468988416029e-05,0.0180505415162455,0.0001485271851819,0.0144404332129963,0.0001455278488716,0.0108303249097472,0.0002738746613832,0.0288808664259927,0.0001253656791579,0.0324909747292418,0.0001768880304805,0.036101083032491,0.0002507217778124,0.0397111913357399,0.0005818048193731,0.0433212996389891,0.0003320921879342,1.0,2.0,2.0,2.0,2.0
65,10:31:21,3,0.0288808664259927,74050.0,0.0270758122743681,0.0252707581227435,6.623321451828088e-05,0.0216606498194946,5.269276950586473e-05,0.0180505415162455,0.0001482397700755,0.0144404332129963,0.0001455278488716,0.0108303249097472,0.0002738746613832,0.0288808664259927,0.0001188190017345,0.0324909747292418,0.0001761535252086,0.036101083032491,0.0002507217778124,0.0397111913357399,0.0005818048193731,0.0433212996389891,0.0003320921879342,1.0,2.0,2.0,2.0,2.0
65,10:31:24,3,0.0288808664259927,110010.0,0.0270758122743681,0.0252707581227435,7.08318562206109e-05,0.0216606498194946,5.269276950586473e-05,0.0180505415162455,0.0001482397700755,0.0144404332129963,0.0001448891486352,0.0108303249097472,0.0002738746613832,0.0288808664259927,0.0001197451170773,0.0324909747292418,0.0001761535252086,0.036101083032491,0.0002507217778124,0.0397111913357399,0.0005818048193731,0.0433212996389891,0.0003320921879342,1.0,2.0,2.0,2.0,2.0
65,10:31:27,3,0.0288808664259927,167580.0,0.0270758122743681,0.0252707581227435,7.511114780472354e-05,0.0216606498194946,5.444919515606022e-05,0.0180505415162455,0.0001482397700755,0.0144404332129963,0.000146166549108,0.0108303249097472,0.0002738746613832,0.0288808664259927,0.0001010312001498,0.0324909747292418,0.0001761535252086,0.036101083032491,0.0002793355484047,0.0397111913357399,0.0005819006244085,0.0433212996389891,0.0003320921879342,2.0,2.0,2.0,2.0,2.0
65,10:31:30,3,0.0288808664259927,285.0,0.0270758122743681,0.0252707581227435,7.648435331305821e-05,0.0216606498194946,4.940346328822591e-05,0.0180505415162455,0.0001482397700755,0.0144404332129963,0.000146166549108,0.0108303249097472,0.0002738746613832,0.0288808664259927,0.0001022766656108,0.0324909747292418,0.0001771115755633,0.036101083032491,0.0002793355484047,0.0397111913357399,0.0005819006244085,0.0433212996389891,0.0003320921879342,2.0,2.0,2.0,2.0,2.0
65,10:31:33,3,0.0288808664259927,11383.0,0.0270758122743681,0.0252707581227435,7.594145811208869e-05,0.0216606498194946,4.879669806361292e-05,0.0180505415162455,0.0001482397700755,0.0144404332129963,0.0001458471989898,0.0108303249097472,0.0002723098458039,0.0288808664259927,0.000106013061994,0.0324909747292418,0.0001771115755633,0.036101083032491,0.0002796548985229,0.0397111913357399,0.0005819006244085,0.0433212996389891,0.0003320921879342,2.0,2.0,2.0,2.0,2.0
65,10:31:36,3,0.0288808664259927,75525.0,0.0270758122743681,0.0252707581227435,7.41850324618932e-05,0.0216606498194946,4.879669806361292e-05,0.0180505415162455,0.0001479204199573,0.0144404332129963,0.0001458471989898,0.0108303249097472,0.0002723098458039,0.0288808664259927,9.75502838612665e-05,0.0324909747292418,0.000178069625918,0.036101083032491,0.0002797187685465,0.0397111913357399,0.0005819006244085,0.0433212996389891,0.0003320921879342,2.0,2.0,2.0,2.0,2.0
65,10:31:39,3,0.0288808664259927,876660.0,0.0270758122743681,0.0252707581227435,7.472792766286271e-05,0.0216606498194946,4.879669806361292e-05,0.0180505415162455,0.0001465791494608,0.0144404332129963,0.0001458471989898,0.0108303249097472,0.0002723098458039,0.0288808664259927,9.468731005144784e-07,0.0324909747292418,0.000178069625918,0.036101083032491,0.0002797187685465,0.0397111913357399,0.0005819006244085,0.0433212996389891,0.0003320921879342,2.0,2.0,2.0,2.0,2.0
65,10:31:42,3,0.0288808664259927,8450.0,0.0306859205776173,0.0288808664259927,3.683703613637271e-06,0.0252707581227435,7.472792766286271e-05,0.0216606498194946,5.179858917485612e-05,0.0180505415162455,0.0001478565499336,0.0144404332129963,0.0001458471989898,0.0324909747292418,0.000178069625918,0.036101083032491,0.0002829122697287,0.0397111913357399,0.0005819006244085,0.0433212996389891,0.0003327308881706,0.0469314079422382,0.0006374867059854,1.0,2.0,1.0,1.0,1.0
65,10:31:45,3,0.0324909747292418,24229.0,0.0306859205776173,0.0288808664259927,7.579775055889088e-06,0.0252707581227435,7.472792766286271e-05,0.0216606498194946,5.179858917485612e-05,0.0180505415162455,0.0001478565499336,0.0144404332129963,0.0001458471989898,0.0324909747292418,0.0001773351206461,0.036101083032491,0.0002829122697287,0.0397111913357399,0.0005814215992312,0.0433212996389891,0.0003327308881706,0.0469314079422382,0.0006374867059854,2.0,2.0,0.0,1.0,1.0
65,10:31:48,3,0.0288808664259927,64695.0,0.0306859205776173,0.0288808664259927,6.035717234308142e-06,0.0252707581227435,7.175797156344126e-05,0.0216606498194946,5.499209035702975e-05,0.0180505415162455,0.0001481759000519,0.0144404332129963,0.0001458471989898,0.0324909747292418,0.0001757703050668,0.036101083032491,0.0002829122697287,0.0397111913357399,0.0005814215992312,0.0433212996389891,0.0003328905632297,0.0469314079422382,0.0006374867059854,2.0,2.0,1.0,1.0,1.0
65,10:31:51,3,0.0288808664259927,8550.0,0.0306859205776173,0.0288808664259927,1.203949945679455e-05,0.0252707581227435,7.31311770717759e-05,0.0216606498194946,5.499209035702975e-05,0.0180505415162455,0.0001481759000519,0.0144404332129963,0.0001458471989898,0.0324909747292418,0.0001773670556579,0.036101083032491,0.0002829122697287,0.0397111913357399,0.0005807828989948,0.0433212996389891,0.0003328905632297,0.0469314079422382,0.0006374867059854,2.0,2.0,1.0,1.0,1.0
65,10:31:54,3,0.0324909747292418,11440.0,0.0306859205776173,0.0288808664259927,1.5712025816294213e-05,0.0252707581227435,7.172603655161952e-05,0.0216606498194946,5.499209035702975e-05,0.0180505415162455,0.0001491339504065,0.0144404332129963,0.0001458471989898,0.0324909747292418,0.0001768560954687,0.036101083032491,0.0002845090203198,0.0397111913357399,0.0005807828989948,0.0433212996389891,0.0003440678173673,0.0469314079422382,0.0006374867059854,2.0,2.0,1.0,1.0,1.0
65,10:31:57,3,0.0288808664259927,5423.0,0.0306859205776173,0.0288808664259927,2.4526089079093404e-05,0.0252707581227435,7.332278714270632e-05,0.0216606498194946,5.9782342130290174e-05,0.0180505415162455,0.0001491339504065,0.0144404332129963,0.0001458471989898,0.0324909747292418,0.0001764090053032,0.036101083032491,0.0002845090203198,0.0397111913357399,0.0005807828989948,0.0433212996389891,0.0003440678173673,0.0469314079422382,0.0006362731755362,2.0,2.0,1.0,1.0,1.0
65,10:32:00,3,0.036101083032491,1834007.0,0.0324909747292418,0.0288808664259927,9.644373570164331e-06,0.0252707581227435,7.086379123243263e-05,0.0216606498194946,5.9782342130290174e-05,0.0180505415162455,0.0001331345094838,0.0144404332129963,0.0001458471989898,0.036101083032491,0.0002720863007211,0.0397111913357399,0.0005807828989948,0.0433212996389891,0.0003431097670127,0.0469314079422382,0.0006362731755362,0.0505415162454874,0.0001549167423472,2.0,2.0,2.0,0.0,0.0
65,10:32:03,3,0.036101083032491,0.0,0.0342960288808664,0.0324909747292418,4.055746501360498e-06,0.0288808664259927,1.7660061537420122e-05,0.0252707581227435,6.840479532215895e-05,0.0216606498194946,5.9782342130290174e-05,0.0180505415162455,0.0001332941845429,0.036101083032491,0.0002784733030855,0.0397111913357399,0.0005775893978126,0.0433212996389891,0.0003431097670127,0.0469314079422382,0.0006362731755362,0.0505415162454874,0.0001549167423472,1.0,1.0,1.0,0.0,0.0
65,10:32:06,3,0.036101083032491,115349.0,0.0342960288808664,0.0324909747292418,9.174928896384812e-05,0.0288808664259927,1.7660061537420122e-05,0.0252707581227435,6.904349555859367e-05,0.0216606498194946,5.9782342130290174e-05,0.0180505415162455,0.0001332941845429,0.036101083032491,0.0002664338036287,0.0397111913357399,0.0005780684229899,0.0433212996389891,0.0003431097670127,0.0469314079422382,0.0006362731755362,0.0505415162454874,0.0001549167423472,1.0,1.0,1.0,0.0,0.0
65,10:32:09,3,0.0324909747292418,42376.0,0.0342960288808664,0.0324909747292418,8.951383813632657e-05,0.0288808664259927,1.8298761773854845e-05,0.0252707581227435,6.64248245892113e-05,0.0216606498194946,5.9782342130290174e-05,0.0180505415162455,0.0001186066339059,0.036101083032491,0.0002655396232977,0.0397111913357399,0.0005773977877417,0.0433212996389891,0.0003431097670127,0.0469314079422382,0.0006362731755362,0.0505415162454874,0.000154597392229,1.0,1.0,1.0,0.0,0.0
65,10:32:12,3,0.036101083032491,15211.0,0.0342960288808664,0.0324909747292418,8.85557877816745e-05,0.0288808664259927,1.7181036360094078e-05,0.0252707581227435,5.943105700025107e-05,0.0216606498194946,5.9782342130290174e-05,0.0180505415162455,0.0001186066339059,0.036101083032491,0.000263336107482,0.0397111913357399,0.0005766313474579,0.0433212996389891,0.0003431097670127,0.0469314079422382,0.0006362731755362,0.0505415162454874,0.000154597392229,1.0,0.0,1.0,0.0,0.0
65,10:32:15,3,0.036101083032491,159472.0,0.0342960288808664,0.0324909747292418,8.762967243884415e-05,0.0288808664259927,2.6953149977545354e-05,0.0252707581227435,3.867329931612254e-05,0.0216606498194946,5.9782342130290174e-05,0.0180505415162455,0.0001186066339059,0.036101083032491,0.000257428130295,0.0397111913357399,0.000575545557056,0.0433212996389891,0.0003431097670127,0.0469314079422382,0.0006378699261273,0.0505415162454874,0.000154597392229,1.0,0.0,1.0,0.0,0.0
65,10:32:18,3,0.036101083032491,109347.0,0.0342960288808664,0.0324909747292418,8.881126787624838e-05,0.0288808664259927,2.7017020001188828e-05,0.0252707581227435,3.803459907968782e-05,0.0216606498194946,5.834526659831204e-05,0.0180505415162455,0.0001186066339059,0.036101083032491,0.0002447818656136,0.0397111913357399,0.0005763758673634,0.0433212996389891,0.0003431097670127,0.0469314079422382,0.0006378699261273,0.0505415162454874,0.000154597392229,1.0,0.0,1.0,0.0,0.0
65,10:32:21,3,0.036101083032491,98441.0,0.0342960288808664,0.0324909747292418,9.158961390473944e-05,0.0288808664259927,2.6378319764754105e-05,0.0252707581227435,3.803459907968782e-05,0.0216606498194946,5.834526659831204e-05,0.0180505415162455,0.0001186066339059,0.036101083032491,0.0002327104311449,0.0397111913357399,0.0005764078023752,0.0433212996389891,0.0003431097670127,0.0469314079422382,0.0006378699261273,0.0505415162454874,0.000154597392229,1.0,0.0,1.0,0.0,0.0
65,10:32:24,3,0.036101083032491,80332.0,0.0342960288808664,0.0324909747292418,9.947756182470828e-05,0.0288808664259927,2.6378319764754105e-05,0.0252707581227435,3.803459907968782e-05,0.0216606498194946,5.962266707118149e-05,0.0180505415162455,0.0001182872837877,0.036101083032491,0.0002209264117827,0.0397111913357399,0.0005741723515477,0.0433212996389891,0.0003431097670127,0.0469314079422382,0.0006374867059854,0.0505415162454874,0.000154597392229,1.0,0.0,1.0,0.0,0.0
65,10:32:27,3,0.036101083032491,126660.0,0.0342960288808664,0.0324909747292418,9.28989493894306e-05,0.0288808664259927,5.384242993144724e-05,0.0252707581227435,2.5420269410102016e-05,0.0216606498194946,5.987814716575538e-05,0.0180505415162455,0.0001208420847334,0.036101083032491,0.000216040354974,0.0397111913357399,0.0005741723515477,0.0433212996389891,0.0003431097670127,0.0469314079422382,0.0006376463810446,0.0505415162454874,0.000154597392229,0.0,0.0,1.0,0.0,0.0
65,10:32:30,3,0.036101083032491,22099.0,0.0342960288808664,0.0324909747292418,0.0001024794529359,0.0288808664259927,4.011037484810067e-05,0.0252707581227435,2.6857344942080146e-05,0.0216606498194946,6.04210423667249e-05,0.0180505415162455,0.0001208420847334,0.036101083032491,0.0002116971933662,0.0397111913357399,0.0005743639616186,0.0433212996389891,0.0003431097670127,0.0469314079422382,0.0006376463810446,0.0505415162454874,0.000154597392229,0.0,1.0,1.0,0.0,0.0
65,10:32:33,3,0.036101083032491,45633.0,0.0342960288808664,0.0324909747292418,0.0001024794529359,0.0288808664259927,4.330387603027429e-05,0.0252707581227435,2.6857344942080146e-05,0.0216606498194946,6.019749728397274e-05,0.0180505415162455,0.0001208420847334,0.036101083032491,0.0002107710780234,0.0397111913357399,0.000573405911264,0.0433212996389891,0.0003431097670127,0.0469314079422382,0.00063774218608,0.0505415162454874,0.000154597392229,0.0,1.0,0.0,0.0,0.0
65,10:32:36,3,0.036101083032491,167608.0,0.0342960288808664,0.0324909747292418,0.000102639127995,0.0288808664259927,4.330387603027429e-05,0.0252707581227435,2.6857344942080146e-05,0.0216606498194946,6.019749728397274e-05,0.0180505415162455,0.0001208420847334,0.036101083032491,0.0001905242805284,0.0397111913357399,0.000573405911264,0.0433212996389891,0.0003431097670127,0.0469314079422382,0.00063774218608,0.0505415162454874,0.000154597392229,0.0,1.0,0.0,0.0,0.0
65,10:32:39,3,0.036101083032491,502148.0,0.0342960288808664,0.0324909747292418,8.028461971984481e-05,0.0288808664259927,4.6625117259734856e-05,0.0252707581227435,3.4521747779296834e-05,0.0216606498194946,6.339099846614637e-05,0.0180505415162455,0.0001208420847334,0.036101083032491,0.000162836625279,0.0397111913357399,0.000573405911264,0.0433212996389891,0.0003374253349084,0.0469314079422382,0.00063774218608,0.0505415162454874,0.000154597392229,0.0,1.0,0.0,0.0,0.0
65,10:32:42,3,0.036101083032491,1249296.0,0.0306859205776173,0.0252707581227435,2.52286593391716e-05,0.0216606498194946,6.514742411634185e-05,0.0180505415162455,0.0001210017597925,0.0144404332129963,0.0001425578927722,0.0108303249097472,0.0002585777907205,0.036101083032491,0.0001525854864842,0.0397111913357399,0.0005734697812876,0.0433212996389891,0.0003367546996602,0.0469314079422382,0.0006393389366711,0.0505415162454874,0.0001565134929383,1.0,2.0,1.0,1.0,1.0
65,10:32:45,3,0.0324909747292418,127001.0,0.0288808664259927,0.0252707581227435,4.3846771231243805e-05,0.0216606498194946,7.236473678805423e-05,0.0180505415162455,0.0001210017597925,0.0144404332129963,0.0001425578927722,0.0108303249097472,0.0002585777907205,0.0324909747292418,1.044274886570774e-05,0.036101083032491,0.000164624985941,0.0397111913357399,0.0005735336513112,0.0433212996389891,0.0003367546996602,0.0469314079422382,0.0006396582867893,2.0,2.0,2.0,2.0,2.0
65,10:32:48,3,0.0324909747292418,64248.0,0.0306859205776173,0.0288808664259927,6.578612435277658e-06,0.0252707581227435,4.3846771231243805e-05,0.0216606498194946,7.236473678805423e-05,0.0180505415162455,0.0001210017597925,0.0144404332129963,0.0001425578927722,0.0324909747292418,1.1975629433151076e-05,0.036101083032491,0.0001702774830334,0.0397111913357399,0.0005735336513112,0.0433212996389891,0.0003373933998966,0.0469314079422382,0.000639722156813,2.0,2.0,1.0,1.0,1.0
65,10:32:51,3,0.0324909747292418,25710.0,0.0306859205776173,0.0288808664259927,1.1145319125785934e-05,0.0252707581227435,4.3846771231243805e-05,0.0216606498194946,7.444051255646709e-05,0.0180505415162455,0.0001210017597925,0.0144404332129963,0.0001425578927722,0.0324909747292418,1.6446531088194145e-05,0.036101083032491,0.0001702774830334,0.0397111913357399,0.000580559353912,0.0433212996389891,0.0003370740497784,0.0469314079422382,0.0006429156579951,2.0,2.0,1.0,1.0,1.0
65,10:32:54,3,0.0288808664259927,114385.0,0.0306859205776173,0.0288808664259927,1.5935570899046366e-05,0.0252707581227435,4.416612134946117e-05,0.0216606498194946,7.444051255646709e-05,0.0180505415162455,0.0001210017597925,0.0144404332129963,0.000142238542654,0.0324909747292418,4.151551536825706e-06,0.036101083032491,0.0001726726089201,0.0397111913357399,0.0005735655863231,0.0433212996389891,0.0003370740497784,0.0469314079422382,0.0006429156579951,2.0,2.0,1.0,1.0,0.0
65,10:32:57,3,0.0324909747292418,28886.0,0.0306859205776173,0.0288808664259927,1.5935570899046366e-05,0.0252707581227435,4.416612134946117e-05,0.0216606498194946,8.082751492081432e-05,0.0180505415162455,0.0001210017597925,0.0144404332129963,0.000142238542654,0.0324909747292418,1.3412704965129205e-06,0.036101083032491,0.0001754828899604,0.0397111913357399,0.0005716047765972,0.0433212996389891,0.0003361159994237,0.0469314079422382,0.0006413189074041,2.0,2.0,1.0,1.0,0.0
65,10:33:00,3,0.0288808664259927,245276.0,0.0342960288808664,0.0324909747292418,7.249247683534119e-05,0.0288808664259927,2.2322573263393607e-05,0.0252707581227435,4.506030168046978e-05,0.0216606498194946,8.028461971984481e-05,0.0180505415162455,0.0001136886420853,0.036101083032491,0.0001767283554214,0.0397111913357399,0.000570742531278,0.0433212996389891,0.0003329224982415,0.0469314079422382,0.0006473865596502,0.0505415162454874,0.0001565134929383,1.0,1.0,0.0,0.0,0.0
65,10:33:03,3,0.036101083032491,1435.0,0.0342960288808664,0.0324909747292418,8.296716071287066e-05,0.0288808664259927,2.3663843759906528e-05,0.0252707581227435,4.442160144403506e-05,0.0216606498194946,8.379747102023579e-05,0.0180505415162455,0.0001136886420853,0.036101083032491,0.0001788680012135,0.0397111913357399,0.0005742553825784,0.0433212996389891,0.0003329224982415,0.0469314079422382,0.0006473865596502,0.0505415162454874,0.0001587489437658,1.0,0.0,0.0,0.0,0.0
65,10:33:06,3,0.036101083032491,0.0,0.0342960288808664,0.0324909747292418,8.42445611857401e-05,0.0288808664259927,2.918860080506689e-05,0.0252707581227435,4.921185321729549e-05,0.0216606498194946,8.379747102023579e-05,0.0180505415162455,0.0001136886420853,0.036101083032491,0.0001894704251383,0.0397111913357399,0.0005745747326966,0.0433212996389891,0.0003330821733007,0.0469314079422382,0.0006473865596502,0.0505415162454874,0.0001603456943569,1.0,0.0,0.0,0.0,0.0
65,10:33:09,3,0.036101083032491,2862.0,0.0342960288808664,0.0324909747292418,8.718258227333983e-05,0.0288808664259927,2.870957562774085e-05,0.0252707581227435,4.761510262620868e-05,0.0216606498194946,8.699097220240942e-05,0.0180505415162455,0.0001136886420853,0.036101083032491,0.0001997534989449,0.0397111913357399,0.0005701677010652,0.0433212996389891,0.0003330821733007,0.0469314079422382,0.0006477059097684,0.0505415162454874,0.0001603456943569,1.0,0.0,0.0,0.0,0.0
65,10:33:12,3,0.036101083032491,45602.0,0.0342960288808664,0.0324909747292418,8.587324678864865e-05,0.0288808664259927,3.0625676337045016e-05,0.0252707581227435,4.761510262620868e-05,0.0216606498194946,8.699097220240942e-05,0.0180505415162455,0.0001136886420853,0.036101083032491,0.0001951229222308,0.0397111913357399,0.000569848350947,0.0433212996389891,0.0003330821733007,0.0469314079422382,0.0006483765450167,0.0505415162454874,0.0001603456943569,1.0,0.0,0.0,0.0,0.0
65,10:33:15,3,0.0324909747292418,384728.0,0.0342960288808664,0.0324909747292418,4.627383212969576e-05,0.0288808664259927,4.799832276806951e-05,0.0252707581227435,4.953120333551285e-05,0.0216606498194946,8.699097220240942e-05,0.0180505415162455,0.0001100161157258,0.036101083032491,0.0001935900416633,0.0397111913357399,0.0005671019399303,0.0433212996389891,0.0003330821733007,0.0469314079422382,0.0006483765450167,0.0505415162454874,0.0001603456943569,1.0,0.0,0.0,0.0,0.0
65,10:33:18,3,0.036101083032491,32606.0,0.0342960288808664,0.0324909747292418,4.349548610120471e-05,0.0288808664259927,5.358694983687335e-05,0.0252707581227435,4.953120333551285e-05,0.0216606498194946,0.0001026710630068,0.0180505415162455,0.0001100161157258,0.036101083032491,0.0002094298075269,0.0397111913357399,0.0005648664891028,0.0433212996389891,0.0003330821733007,0.0469314079422382,0.0006480571948984,0.0505415162454874,0.0001603456943569,0.0,0.0,0.0,0.0,0.0
65,10:33:21,3,0.036101083032491,72150.0,0.0342960288808664,0.0324909747292418,3.995069978899199e-05,0.0288808664259927,5.48643503097428e-05,0.0252707581227435,5.01060335483041e-05,0.0216606498194946,0.0001021920378295,0.0180505415162455,0.0001100161157258,0.036101083032491,0.0002085356271959,0.0397111913357399,0.0005648664891028,0.0433212996389891,0.0003332546223645,0.0469314079422382,0.0006480571948984,0.0505415162454874,0.0001603456943569,0.0,0.0,0.0,0.0,0.0
65,10:33:24,3,0.0324909747292418,293262.0,0.0342960288808664,0.0324909747292418,2.720863007211925e-05,0.0288808664259927,6.0740392484942256e-05,0.0252707581227435,5.01060335483041e-05,0.0216606498194946,0.0001024155829123,0.0180505415162455,0.0001109741660805,0.036101083032491,0.000189342685091,0.0397111913357399,0.0005645471389846,0.0433212996389891,0.0003332546223645,0.0469314079422382,0.0006478975198393,0.0505415162454874,0.0001603456943569,0.0,0.0,0.0,0.0,0.0
65,10:33:27,3,0.0324909747292418,81732.0,0.0342960288808664,0.0324909747292418,2.5675749504675907e-05,0.0288808664259927,6.15707027923074e-05,0.0252707581227435,5.01060335483041e-05,0.0216606498194946,0.000104970383858,0.0180505415162455,0.0001128902667898,0.036101083032491,0.0001827002026321,0.0397111913357399,0.0005482922179673,0.0433212996389891,0.0003332546223645,0.0469314079422382,0.0006510910210215,0.0505415162454874,0.0001603456943569,0.0,0.0,0.0,0.0,0.0
65,10:33:30,3,0.0324909747292418,38610.0,0.0342960288808664,0.0324909747292418,2.136452290874152e-05,0.0288808664259927,6.15707027923074e-05,0.0252707581227435,5.01060335483041e-05,0.0216606498194946,0.0001305183933154,0.0180505415162455,0.0001148702375227,0.036101083032491,0.0002207667367236,0.0397111913357399,0.0005510705639958,0.0433212996389891,0.0003332546223645,0.0469314079422382,0.000651186826057,0.0505415162454874,0.0001603456943569,0.0,0.0,0.0,0.0,0.0
65,10:33:33,3,0.0324909747292418,194497.0,0.0306859205776173,0.0288808664259927,6.57222543291331e-05,0.0252707581227435,5.01060335483041e-05,0.0216606498194946,0.0001305183933154,0.0180505415162455,0.0001148702375227,0.0144404332129963,0.0001397476117319,0.0324909747292418,5.748302127912517e-07,0.036101083032491,0.0002355526471971,0.0397111913357399,0.0005510705639958,0.0433212996389891,0.0003344681528137,0.0469314079422382,0.0006628750403837,1.0,1.0,1.0,1.0,1.0
65,10:33:36,3,0.0324909747292418,36932.0,0.0306859205776173,0.0288808664259927,6.57222543291331e-05,0.0252707581227435,5.0425383666521465e-05,0.0216606498194946,0.0001305183933154,0.0180505415162455,0.0001148702375227,0.0144404332129963,0.0001397476117319,0.0324909747292418,2.436641401998472e-05,0.036101083032491,0.0002409815992068,0.0397111913357399,0.0005510705639958,0.0433212996389891,0.0003344681528137,0.0469314079422382,0.0006628750403837,1.0,1.0,1.0,1.0,0.0
65,10:33:39,3,0.0324909747292418,125840.0,0.0306859205776173,0.0288808664259927,6.57222543291331e-05,0.0252707581227435,5.352307981322987e-05,0.0216606498194946,0.0001305183933154,0.0180505415162455,0.0001148702375227,0.0144404332129963,0.0001397476117319,0.0324909747292418,1.893746201028957e-05,0.036101083032491,0.0002441751003889,0.0397111913357399,0.0005510705639958,0.0433212996389891,0.0003344681528137,0.0469314079422382,0.0006592983190597,1.0,1.0,1.0,1.0,0.0
65,10:33:42,3,0.0324909747292418,90948.0,0.0306859205776173,0.0288808664259927,6.556257927002442e-05,0.0252707581227435,5.384242993144724e-05,0.0216606498194946,0.0001231733405964,0.0180505415162455,0.0001112615811869,0.0144404332129963,0.0001403863119683,0.0324909747292418,2.0534212601376378e-05,0.036101083032491,0.0002480073018076,0.0397111913357399,0.0005523479644687,0.0433212996389891,0.000337278433854,0.0469314079422382,0.0006592983190597,1.0,1.0,1.0,1.0,1.0
65,10:33:45,3,0.0324909747292418,18304.0,0.0306859205776173,0.0288808664259927,6.620127950645915e-05,0.0252707581227435,5.384242993144724e-05,0.0216606498194946,0.0001228539904782,0.0180505415162455,0.0001112615811869,0.0144404332129963,0.0001403863119683,0.0324909747292418,1.8618111892072207e-05,0.036101083032491,0.0002563104048812,0.0397111913357399,0.0005523479644687,0.0433212996389891,0.0003374381089131,0.0469314079422382,0.0006021346478988,1.0,1.0,1.0,1.0,1.0
65,10:33:48,3,0.0324909747292418,2860.0,0.0306859205776173,0.0288808664259927,6.652062962467651e-05,0.0252707581227435,5.352307981322987e-05,0.0216606498194946,0.0001231733405964,0.0180505415162455,0.0001112615811869,0.0144404332129963,0.0001403863119683,0.0324909747292418,2.245031331068055e-05,0.036101083032491,0.0002580348955196,0.0397111913357399,0.0005523479644687,0.0433212996389891,0.0003391306645397,0.0469314079422382,0.0006022623879461,1.0,1.0,1.0,1.0,1.0
65,10:33:51,3,0.0324909747292418,23452.0,0.0306859205776173,0.0288808664259927,6.926704064134582e-05,0.0252707581227435,5.476854527427759e-05,0.0216606498194946,0.0001244507410693,0.0180505415162455,0.0001114851262696,0.0144404332129963,0.0001403863119683,0.0324909747292418,2.5867359575606325e-05,0.036101083032491,0.0002583542456378,0.0397111913357399,0.0005531463397642,0.0433212996389891,0.0003391306645397,0.0469314079422382,0.0006040826836199,1.0,1.0,1.0,1.0,1.0
65,10:33:54,3,0.0324909747292418,13728.0,0.0306859205776173,0.0288808664259927,8.689516716694421e-05,0.0252707581227435,5.476854527427759e-05,0.0216606498194946,0.000124674286152,0.0180505415162455,0.0001379911860817,0.0144404332129963,0.0001403863119683,0.0324909747292418,2.510091929188465e-05,0.036101083032491,0.0002583542456378,0.0397111913357399,0.0005531463397642,0.0433212996389891,0.0003391306645397,0.0469314079422382,0.0006040826836199,1.0,1.0,1.0,0.0,1.0
65,10:33:57,3,0.0324909747292418,167310.0,0.0306859205776173,0.0288808664259927,8.753386740337893e-05,0.0252707581227435,5.3171794683190776e-05,0.0216606498194946,0.000124674286152,0.0180505415162455,0.0001379911860817,0.0144404332129963,0.0001403863119683,0.0324909747292418,1.1975629433151076e-05,0.036101083032491,0.0002622183820682,0.0397111913357399,0.0005547430903553,0.0433212996389891,0.0003391306645397,0.0469314079422382,0.000601208532556,1.0,1.0,1.0,0.0,1.0
65,10:34:00,3,0.0324909747292418,20878.0,0.0306859205776173,0.0288808664259927,8.753386740337893e-05,0.0252707581227435,5.333146974229946e-05,0.0216606498194946,0.0001251533113293,0.0180505415162455,0.0001379911860817,0.0144404332129963,0.0001403863119683,0.0324909747292418,9.708243593807808e-06,0.036101083032491,0.0002820180893977,0.0397111913357399,0.0005499528385821,0.0433212996389891,0.0003391306645397,0.0469314079422382,0.000601208532556,1.0,1.0,1.0,0.0,0.0
65,10:34:03,3,0.0324909747292418,2855.0,0.0306859205776173,0.0288808664259927,8.418069116209663e-05,0.0252707581227435,5.333146974229946e-05,0.0216606498194946,0.0001251533113293,0.0180505415162455,0.0001379911860817,0.0144404332129963,0.0001403863119683,0.0324909747292418,1.085790401939031e-05,0.036101083032491,0.0002983049454268,0.0397111913357399,0.0005489947882274,0.0433212996389891,0.0003391306645397,0.0469314079422382,0.000601208532556,1.0,1.0,1.0,0.0,0.0
65,10:34:06,3,0.0288808664259927,1715.0,0.0306859205776173,0.0288808664259927,8.641614198961816e-05,0.0252707581227435,5.53114404752471e-05,0.0216606498194946,0.0001251533113293,0.0180505415162455,0.0001402266369092,0.0144404332129963,0.0001403863119683,0.0324909747292418,1.0698228960281629e-05,0.036101083032491,0.0002966123898002,0.0397111913357399,0.0005484518930264,0.0433212996389891,0.0003391306645397,0.0469314079422382,0.000601208532556,1.0,1.0,1.0,0.0,0.0
65,10:34:09,3,0.0324909747292418,13156.0,0.0306859205776173,0.0288808664259927,8.689516716694421e-05,0.0252707581227435,5.53114404752471e-05,0.0216606498194946,0.0001251533113293,0.0180505415162455,0.0001402266369092,0.0144404332129963,0.0001403863119683,0.0324909747292418,1.6350726052728936e-05,0.036101083032491,0.0002998058909824,0.0397111913357399,0.0005484518930264,0.0433212996389891,0.0003388113144215,0.0469314079422382,0.0006021665829106,1.0,1.0,1.0,0.0,0.0
65,10:34:12,3,0.0324909747292418,0.0,0.0306859205776173,0.0288808664259927,0.0001034375032906,0.0252707581227435,5.53114404752471e-05,0.0216606498194946,0.0001251533113293,0.0180505415162455,0.0001402266369092,0.0144404332129963,0.0001403863119683,0.0324909747292418,3.516044801573156e-05,0.036101083032491,0.0003020413418099,0.0397111913357399,0.0005490905932629,0.0433212996389891,0.0003388751844451,0.0469314079422382,0.0006023262579697,1.0,1.0,1.0,0.0,0.0
65,10:34:15,3,0.0324909747292418,0.0,0.0306859205776173,0.0288808664259927,9.673115080803896e-05,0.0252707581227435,6.137909272137699e-05,0.0216606498194946,0.0001251533113293,0.0180505415162455,0.0001402266369092,0.0144404332129963,0.0001394282616137,0.0324909747292418,4.608222205876534e-05,0.036101083032491,0.0003222881393049,0.0397111913357399,0.0005497292934993,0.0433212996389891,0.0003388751844451,0.0469314079422382,0.0006031565682771,1.0,1.0,1.0,0.0,0.0
65,10:34:18,3,0.0288808664259927,188100.0,0.0306859205776173,0.0288808664259927,7.817690893961023e-05,0.0252707581227435,6.754255000297207e-05,0.0216606498194946,0.0001249936362702,0.0180505415162455,0.000139907286791,0.0144404332129963,0.000138470211259,0.0324909747292418,4.927572324093896e-05,0.036101083032491,0.0003206913887138,0.0397111913357399,0.0005497292934993,0.0433212996389891,0.0003409509602135,0.0469314079422382,0.0006031565682771,1.0,1.0,1.0,0.0,0.0
65,10:34:21,3,0.0288808664259927,108962.0,0.0306859205776173,0.0288808664259927,8.146621515724905e-05,0.0252707581227435,6.754255000297207e-05,0.0216606498194946,0.0001249936362702,0.0180505415162455,0.0001403863119683,0.0144404332129963,0.000138470211259,0.0324909747292418,3.892877941069643e-05,0.036101083032491,0.0003242042400142,0.0397111913357399,0.0005499847735939,0.0433212996389891,0.0003409509602135,0.0469314079422382,0.0006037952685135,1.0,1.0,1.0,0.0,0.0
65,10:34:24,3,0.0288808664259927,0.0,0.0306859205776173,0.0288808664259927,8.165782522817947e-05,0.0252707581227435,6.434904882079845e-05,0.0216606498194946,0.0001249936362702,0.0180505415162455,0.0001403863119683,0.0144404332129963,0.000138470211259,0.0324909747292418,4.617802709423055e-05,0.036101083032491,0.0003296331920239,0.0397111913357399,0.0005499847735939,0.0433212996389891,0.0003409509602135,0.0469314079422382,0.0006037952685135,1.0,1.0,1.0,0.0,0.0
65,10:34:27,3,0.0324909747292418,7415.0,0.0306859205776173,0.0288808664259927,7.93904393888362e-05,0.0252707581227435,6.441291884444192e-05,0.0216606498194946,0.0001247062211638,0.0180505415162455,0.0001417595174766,0.0144404332129963,0.0001387895613772,0.0324909747292418,5.157504409210397e-05,0.036101083032491,0.0003314854227096,0.0397111913357399,0.0005500805786294,0.0433212996389891,0.0003412703103318,0.0469314079422382,0.0006037952685135,1.0,1.0,1.0,0.0,0.0
65,10:34:30,3,0.0288808664259927,33630.0,0.0306859205776173,0.0288808664259927,7.562210799387133e-05,0.0252707581227435,6.533903418727227e-05,0.0216606498194946,0.0001253449214003,0.0180505415162455,0.0001417595174766,0.0144404332129963,0.0001387895613772,0.0324909747292418,0.000115189587641,0.036101083032491,0.0003126437657347,0.0397111913357399,0.0005500805786294,0.0433212996389891,0.0003412703103318,0.0469314079422382,0.0006079468200503,1.0,1.0,1.0,1.0,0.0
65,10:34:33,3,0.0288808664259927,1425.0,0.0306859205776173,0.0288808664259927,8.558583168225303e-05,0.0252707581227435,6.559451428184616e-05,0.0216606498194946,0.0001253449214003,0.0180505415162455,0.0001417595174766,0.0144404332129963,0.0001387895613772,0.0324909747292418,0.0001214169149462,0.036101083032491,0.0003136018160894,0.0397111913357399,0.0005500805786294,0.0433212996389891,0.0003412703103318,0.0469314079422382,0.0006092242205232,1.0,1.0,1.0,1.0,0.0
65,10:34:36,3,0.0324909747292418,260080.0,0.0306859205776173,0.0288808664259927,7.983752955434051e-05,0.0252707581227435,7.306730704813243e-05,0.0216606498194946,0.0001349573599586,0.0180505415162455,0.0001417595174766,0.0144404332129963,0.0001387895613772,0.0324909747292418,0.0001076848598628,0.036101083032491,0.0003136018160894,0.0397111913357399,0.0005500805786294,0.0433212996389891,0.0003414299853909,0.0469314079422382,0.0006092242205232,1.0,1.0,1.0,0.0,0.0
65,10:34:39,3,0.0324909747292418,0.0,0.0306859205776173,0.0288808664259927,8.012494466073613e-05,0.0252707581227435,7.306730704813243e-05,0.0216606498194946,0.0001362347604315,0.0180505415162455,0.0001417595174766,0.0144404332129963,0.0001387895613772,0.0324909747292418,0.0001101438557731,0.036101083032491,0.0003136018160894,0.0397111913357399,0.0005500805786294,0.0433212996389891,0.0003414299853909,0.0469314079422382,0.0006092242205232,1.0,1.0,1.0,0.0,0.0
65,10:34:42,3,0.0324909747292418,45940.0,0.0306859205776173,0.0288808664259927,6.952252073591972e-05,0.0252707581227435,7.306730704813243e-05,0.0216606498194946,0.0001362347604315,0.0180505415162455,0.0001420149975712,0.0144404332129963,0.0001385340812826,0.0324909747292418,0.00012253464036,0.036101083032491,0.000315294371716,0.0397111913357399,0.0005500805786294,0.0433212996389891,0.0003414299853909,0.0469314079422382,0.0006092242205232,1.0,1.0,1.0,1.0,0.0
65,10:34:45,3,0.0324909747292418,0.0,0.0306859205776173,0.0288808664259927,7.274795692991507e-05,0.0252707581227435,7.306730704813243e-05,0.0216606498194946,0.0001374163558689,0.0180505415162455,0.0001400988968619,0.0144404332129963,0.0001385340812826,0.0324909747292418,0.0001231414055846,0.036101083032491,0.000315294371716,0.0397111913357399,0.0005571701512538,0.0433212996389891,0.0003414299853909,0.0469314079422382,0.0006098629207596,1.0,1.0,1.0,1.0,0.0
65,10:34:48,3,0.0288808664259927,1710.0,0.0306859205776173,0.0288808664259927,7.281182695355855e-05,0.0252707581227435,7.306730704813243e-05,0.0216606498194946,0.0001376079659398,0.0180505415162455,0.0001390769764836,0.0144404332129963,0.0001385340812826,0.0324909747292418,0.0001626450152081,0.036101083032491,0.0003156137218342,0.0397111913357399,0.0005571701512538,0.0433212996389891,0.0003414299853909,0.0469314079422382,0.0006123219166699,1.0,1.0,1.0,1.0,0.0
65,10:34:51,3,0.0324909747292418,286.0,0.0306859205776173,0.0288808664259927,7.281182695355855e-05,0.0252707581227435,7.306730704813243e-05,0.0216606498194946,0.0001376079659398,0.0180505415162455,0.0001390769764836,0.0144404332129963,0.0001385340812826,0.0324909747292418,0.0001659981914493,0.036101083032491,0.0003157733968933,0.0397111913357399,0.0005563398409464,0.0433212996389891,0.0003414299853909,0.0469314079422382,0.0006134396420837,1.0,1.0,1.0,1.0,0.0
65,10:34:54,3,0.0324909747292418,75563.0,0.0306859205776173,0.0288808664259927,6.600966943552874e-05,0.0252707581227435,8.034848974348829e-05,0.0216606498194946,0.0001376079659398,0.0180505415162455,0.0001390769764836,0.0144404332129963,0.0001395879366728,0.0324909747292418,0.0001662536715439,0.036101083032491,0.0003224797493758,0.0397111913357399,0.0005563398409464,0.0433212996389891,0.0003414299853909,0.0469314079422382,0.0006134396420837,1.0,1.0,0.0,1.0,0.0
65,10:34:57,3,0.0324909747292418,263911.0,0.0306859205776173,0.0288808664259927,3.678913361864011e-05,0.0252707581227435,8.034848974348829e-05,0.0216606498194946,0.0001376079659398,0.0180505415162455,0.0001390769764836,0.0144404332129963,0.0001395879366728,0.0324909747292418,0.0001668604367685,0.036101083032491,0.0003224797493758,0.0397111913357399,0.0005563398409464,0.0433212996389891,0.0003426435158401,0.0469314079422382,0.0006158667029821,1.0,1.0,0.0,1.0,0.0
65,10:35:00,3,0.0288808664259927,32205.0,0.0306859205776173,0.0288808664259927,3.318047728278392e-05,0.0252707581227435,8.034848974348829e-05,0.0216606498194946,0.0001376079659398,0.0180505415162455,0.0001693833027024,0.0144404332129963,0.0001395879366728,0.0324909747292418,0.0001484339349474,0.036101083032491,0.0003358285843173,0.0397111913357399,0.0005541043901189,0.0433212996389891,0.0003426435158401,0.0469314079422382,0.0006158667029821,1.0,1.0,0.0,0.0,0.0
65,10:35:03,3,0.0324909747292418,181885.0,0.0306859205776173,0.0288808664259927,1.3093354846911843e-05,0.0252707581227435,8.65438820369051e-05,0.0216606498194946,0.0001376079659398,0.0180505415162455,0.0001693833027024,0.0144404332129963,0.0001396198716846,0.0324909747292418,0.0001497432704321,0.036101083032491,0.0003371059847902,0.0397111913357399,0.0005541043901189,0.0433212996389891,0.0003426435158401,0.0469314079422382,0.0006158667029821,1.0,1.0,0.0,0.0,0.0
65,10:35:06,3,0.0288808664259927,3139.0,0.0306859205776173,0.0288808664259927,1.4530430378889971e-05,0.0252707581227435,8.65438820369051e-05,0.0216606498194946,0.0001388853664127,0.0180505415162455,0.000169095887596,0.0144404332129963,0.0001412804922993,0.0324909747292418,0.0001506374507631,0.036101083032491,0.0003371059847902,0.0397111913357399,0.0005553817905918,0.0433212996389891,0.000343729306242,0.0469314079422382,0.0006158667029821,1.0,1.0,0.0,0.0,0.0
65,10:35:09,3,0.0288808664259927,37620.0,0.0306859205776173,0.0288808664259927,1.0315008818420792e-05,0.0252707581227435,8.65438820369051e-05,0.0216606498194946,0.0001388853664127,0.0180505415162455,0.000169095887596,0.0144404332129963,0.0001412804922993,0.0324909747292418,0.0001508609958458,0.036101083032491,0.0003355092341991,0.0397111913357399,0.0005553817905918,0.0433212996389891,0.000343729306242,0.0469314079422382,0.0006155473528639,1.0,1.0,0.0,0.0,0.0
65,10:35:12,3,0.0324909747292418,18590.0,0.0306859205776173,0.0288808664259927,1.0953709054855518e-05,0.0252707581227435,8.65438820369051e-05,0.0216606498194946,0.0001388853664127,0.0180505415162455,0.000169095887596,0.0144404332129963,0.0001412804922993,0.0324909747292418,0.0001465497692499,0.036101083032491,0.0003366269596129,0.0397111913357399,0.0005563398409464,0.0433212996389891,0.000343729306242,0.0469314079422382,0.0006155473528639,1.0,1.0,0.0,0.0,0.0
65,10:35:15,3,0.0288808664259927,1142.0,0.0306859205776173,0.0288808664259927,1.162434430311198e-05,0.0252707581227435,8.65438820369051e-05,0.0216606498194946,0.0001388853664127,0.0180505415162455,0.0001731835691092,0.0144404332129963,0.0001428772428904,0.0324909747292418,0.0001503500356567,0.036101083032491,0.0003374892049321,0.0397111913357399,0.0005651219691974,0.0433212996389891,0.000343729306242,0.0469314079422382,0.0006155473528639,1.0,1.0,0.0,0.0,0.0
65,10:35:18,3,0.0324909747292418,14842.0,0.0306859205776173,0.0288808664259927,1.1336929196716352e-05,0.0252707581227435,8.65438820369051e-05,0.0216606498194946,0.0001388853664127,0.0180505415162455,0.0001731835691092,0.0144404332129963,0.0001428772428904,0.0324909747292418,0.0001501264905739,0.036101083032491,0.0003390859555231,0.0397111913357399,0.000568602885486,0.0433212996389891,0.0003458370170223,0.0469314079422382,0.0006155473528639,1.0,1.0,0.0,0.0,0.0
65,10:35:21,3,0.0324909747292418,2860.0,0.0306859205776173,0.0288808664259927,1.6222986005441992e-05,0.0252707581227435,8.65438820369051e-05,0.0216606498194946,0.0001388853664127,0.0180505415162455,0.000170724573199,0.0144404332129963,0.0001428772428904,0.0324909747292418,0.0001515635661059,0.036101083032491,0.0003397246557596,0.0397111913357399,0.0005654093843038,0.0433212996389891,0.0003458370170223,0.0469314079422382,0.0006161860531004,1.0,1.0,0.0,0.0,0.0
65,10:35:24,3,0.0288808664259927,73302.0,0.0306859205776173,0.0288808664259927,1.3572380024237886e-05,0.0252707581227435,7.986946456616225e-05,0.0216606498194946,0.0001388853664127,0.0180505415162455,0.000170724573199,0.0144404332129963,0.0001428772428904,0.0324909747292418,0.0001623895351135,0.036101083032491,0.0003464310082421,0.0397111913357399,0.0005654093843038,0.0433212996389891,0.0003458370170223,0.0469314079422382,0.0006161860531004,1.0,0.0,0.0,0.0,0.0
65,10:35:27,3,0.0288808664259927,74966.0,0.0306859205776173,0.0288808664259927,1.4370755319781292e-05,0.0252707581227435,7.986946456616225e-05,0.0216606498194946,0.000141344362323,0.0180505415162455,0.000170724573199,0.0144404332129963,0.0001428772428904,0.0324909747292418,0.0001616550298416,0.036101083032491,0.0003464310082421,0.0397111913357399,0.0005654093843038,0.0433212996389891,0.000345517666904,0.0469314079422382,0.0006152280027457,1.0,0.0,0.0,0.0,0.0
65,10:35:30,3,0.0288808664259927,2850.0,0.0306859205776173,0.0288808664259927,1.4690105437998654e-05,0.0252707581227435,7.986946456616225e-05,0.0216606498194946,0.0001415998424175,0.0180505415162455,0.000170724573199,0.0144404332129963,0.0001428772428904,0.0324909747292418,0.0001702774830334,0.036101083032491,0.0003497203144598,0.0397111913357399,0.0005620562080625,0.0433212996389891,0.0003471144174951,0.0469314079422382,0.0006147809125802,1.0,0.0,1.0,0.0,0.0
65,10:35:33,3,0.0288808664259927,15106.0,0.0306859205776173,0.0288808664259927,1.3029484823268371e-05,0.0252707581227435,7.986946456616225e-05,0.0216606498194946,0.0001415998424175,0.0180505415162455,0.000170724573199,0.0144404332129963,0.0001428772428904,0.0324909747292418,0.0001718103636009,0.036101083032491,0.0003497203144598,0.0397111913357399,0.0005627907133344,0.0433212996389891,0.0003471144174951,0.0469314079422382,0.000614461562462,1.0,0.0,1.0,0.0,0.0
65,10:35:36,3,0.0288808664259927,64745.0,0.0306859205776173,0.0288808664259927,9.93178867655996e-06,0.0252707581227435,7.986946456616225e-05,0.0216606498194946,0.0001447933435997,0.0180505415162455,0.000170724573199,0.0144404332129963,0.0001285064875706,0.0324909747292418,0.0001749719297712,0.036101083032491,0.000350390949708,0.0397111913357399,0.0005627907133344,0.0433212996389891,0.0003471144174951,0.0469314079422382,0.000614461562462,1.0,0.0,0.0,0.0,0.0
65,10:35:39,3,0.0288808664259927,29355.0,0.0306859205776173,0.0288808664259927,6.642482458921131e-06,0.0252707581227435,7.843238903418411e-05,0.0216606498194946,0.0001447933435997,0.0180505415162455,0.000170724573199,0.0144404332129963,0.0001285064875706,0.0324909747292418,0.0001771435105751,0.036101083032491,0.0003529457506538,0.0397111913357399,0.0005627907133344,0.0433212996389891,0.0003490305182044,0.0469314079422382,0.000614461562462,0.0,0.0,0.0,0.0,0.0
65,10:35:42,3,0.0324909747292418,572.0,0.0306859205776173,0.0288808664259927,7.057637612603701e-06,0.0252707581227435,7.843238903418411e-05,0.0216606498194946,0.0001448891486352,0.0180505415162455,0.000170724573199,0.0144404332129963,0.0001283787475233,0.0324909747292418,0.0001771754455869,0.036101083032491,0.0003529457506538,0.0397111913357399,0.0005640042437836,0.0433212996389891,0.0003490305182044,0.0469314079422382,0.000614461562462,0.0,0.0,1.0,0.0,0.0
65,10:35:45,3,0.0288808664259927,65265.0,0.0306859205776173,0.0288808664259927,6.450872387990713e-06,0.0252707581227435,7.843238903418411e-05,0.0216606498194946,0.0001448891486352,0.0180505415162455,0.000170724573199,0.0144404332129963,0.0001283787475233,0.0324909747292418,0.0001739819444048,0.036101083032491,0.000353807995973,0.0397111913357399,0.0005640042437836,0.0433212996389891,0.0003490305182044,0.0469314079422382,0.000614461562462,0.0,0.0,1.0,0.0,0.0
65,10:35:48,3,0.0288808664259927,28500.0,0.0306859205776173,0.0288808664259927,4.981861844190847e-06,0.0252707581227435,8.018881468437961e-05,0.0216606498194946,0.0001439310982805,0.0180505415162455,0.000170724573199,0.0144404332129963,0.0001283787475233,0.0324909747292418,0.0001768560954687,0.036101083032491,0.0003528499456183,0.0397111913357399,0.0005645471389846,0.0433212996389891,0.0003485195580153,0.0469314079422382,0.000614461562462,0.0,0.0,1.0,0.0,0.0
65,10:35:51,3,0.0288808664259927,33060.0,0.0306859205776173,0.0288808664259927,2.8741510639562583e-06,0.0252707581227435,8.018881468437961e-05,0.0216606498194946,0.0001439310982805,0.0180505415162455,0.000170724573199,0.0144404332129963,0.0001283787475233,0.0324909747292418,0.0001676268770522,0.036101083032491,0.0003527860755947,0.0397111913357399,0.000565728734422,0.0433212996389891,0.0003485195580153,0.0469314079422382,0.000614461562462,0.0,0.0,1.0,0.0,0.0
65,10:35:54,3,0.0288808664259927,30216.0,0.0270758122743681,0.0252707581227435,8.018881468437961e-05,0.0216606498194946,0.0001439310982805,0.0180505415162455,0.0001684891223714,0.0144404332129963,0.0001283787475233,0.0108303249097472,0.000281602934244,0.0288808664259927,8.047622979077522e-06,0.0324909747292418,0.0002006796142877,0.036101083032491,0.0003585343777226,0.0397111913357399,0.0005602678474005,0.0433212996389891,0.0003485195580153,1.0,1.0,2.0,1.0,1.0
65,10:35:57,3,0.0288808664259927,32775.0,0.0270758122743681,0.0252707581227435,8.382940603205753e-05,0.0216606498194946,0.0001439310982805,0.0180505415162455,0.0001694471727261,0.0144404332129963,0.0001283787475233,0.0108303249097472,0.000281602934244,0.0288808664259927,6.291197328882032e-06,0.0324909747292418,0.000205118580931,0.036101083032491,0.0003588856628526,0.0397111913357399,0.0005602678474005,0.0433212996389891,0.0003485195580153,1.0,1.0,2.0,1.0,1.0
65,10:36:00,3,0.0288808664259927,27075.0,0.0270758122743681,0.0252707581227435,8.197717534639683e-05,0.0216606498194946,0.0001453681738125,0.0180505415162455,0.0001694471727261,0.0144404332129963,0.0001283787475233,0.0108303249097472,0.000281602934244,0.0288808664259927,4.854121796903903e-06,0.0324909747292418,0.0002054379310492,0.036101083032491,0.0003588856628526,0.0397111913357399,0.0005604275224596,0.0433212996389891,0.0003485195580153,1.0,2.0,1.0,1.0,1.0
65,10:36:03,3,0.0288808664259927,29640.0,0.0270758122743681,0.0252707581227435,8.197717534639683e-05,0.0216606498194946,0.0001453681738125,0.0180505415162455,0.0001694471727261,0.0144404332129963,0.0001283787475233,0.0108303249097472,0.0002819222843622,0.0288808664259927,5.365081986051682e-06,0.0324909747292418,0.0002063959814038,0.036101083032491,0.0003588856628526,0.0397111913357399,0.0005604275224596,0.0433212996389891,0.0003485195580153,1.0,2.0,1.0,1.0,1.0
65,10:36:06,3,0.0288808664259927,1710.0,0.0270758122743681,0.0252707581227435,8.197717534639683e-05,0.0216606498194946,0.0001453681738125,0.0180505415162455,0.0001694471727261,0.0144404332129963,0.0001283787475233,0.0108303249097472,0.0002819222843622,0.0288808664259927,6.259262317060296e-06,0.0324909747292418,0.0001921849011432,0.036101083032491,0.0003564266669423,0.0397111913357399,0.0005636210236418,0.0433212996389891,0.0003485195580153,1.0,1.0,1.0,1.0,1.0
65,10:36:09,3,0.0288808664259927,3705.0,0.0270758122743681,0.0252707581227435,8.197717534639683e-05,0.0216606498194946,0.0001457194589425,0.0180505415162455,0.0001694471727261,0.0144404332129963,0.0001283787475233,0.0108303249097472,0.0002819222843622,0.0288808664259927,9.229218416481762e-06,0.0324909747292418,0.000188991399961,0.036101083032491,0.0003618875539639,0.0397111913357399,0.0005637168286772,0.0433212996389891,0.0003485195580153,1.0,1.0,1.0,1.0,1.0
65,10:36:12,3,0.0288808664259927,85785.0,0.0270758122743681,0.0252707581227435,8.197717534639683e-05,0.0216606498194946,0.0001457194589425,0.0180505415162455,0.0001728322839792,0.0144404332129963,0.0001283787475233,0.0108303249097472,0.0002819222843622,0.0288808664259927,6.387002364347242e-08,0.0324909747292418,0.0001891830100319,0.036101083032491,0.0003641230047914,0.0397111913357399,0.0005637168286772,0.0433212996389891,0.0003485195580153,1.0,2.0,1.0,1.0,1.0
65,10:36:15,3,0.0288808664259927,15675.0,0.0270758122743681,0.0252707581227435,8.354199092566191e-05,0.0216606498194946,0.0001457194589425,0.0180505415162455,0.0001728322839792,0.0144404332129963,0.0001283787475233,0.0108303249097472,0.0002819222843622,0.0288808664259927,1.3444639976950942e-05,0.0324909747292418,0.0001892149450437,0.036101083032491,0.0003660391055007,0.0397111913357399,0.0005617687929561,0.0433212996389891,0.0003485195580153,2.0,2.0,1.0,1.0,2.0
65,10:36:18,3,0.0288808664259927,1425.0,0.0270758122743681,0.0252707581227435,8.418069116209663e-05,0.0216606498194946,0.0001457194589425,0.0180505415162455,0.0001728322839792,0.0144404332129963,0.0001283787475233,0.0108303249097472,0.0002819222843622,0.0288808664259927,1.328496491784226e-05,0.0324909747292418,0.0001892149450437,0.036101083032491,0.0003660391055007,0.0397111913357399,0.0005617687929561,0.0433212996389891,0.0003517130591975,2.0,2.0,1.0,1.0,2.0
65,10:36:21,3,0.0288808664259927,0.0,0.0270758122743681,0.0252707581227435,8.42445611857401e-05,0.0216606498194946,0.0001492003752311,0.0180505415162455,0.0001728322839792,0.0144404332129963,0.0001283787475233,0.0108303249097472,0.0002819222843622,0.0288808664259927,1.96719672821895e-05,0.0324909747292418,0.0001900771903629,0.036101083032491,0.0003660391055007,0.0397111913357399,0.0005617687929561,0.0433212996389891,0.0003517130591975,1.0,2.0,1.0,1.0,2.0
65,10:36:24,3,0.0288808664259927,19655.0,0.0270758122743681,0.0252707581227435,8.398908109116621e-05,0.0216606498194946,0.0001499987505266,0.0180505415162455,0.0001728322839792,0.0144404332129963,0.0001316999887528,0.0108303249097472,0.0002819222843622,0.0288808664259927,1.8171021726567895e-05,0.0324909747292418,0.0001891191400083,0.036101083032491,0.0003660391055007,0.0397111913357399,0.0005617687929561,0.0433212996389891,0.0003521282143511,1.0,2.0,1.0,1.0,1.0
65,10:36:27,3,0.0288808664259927,53990.0,0.0270758122743681,0.0252707581227435,7.887947919968842e-05,0.0216606498194946,0.0001515955011177,0.0180505415162455,0.0001728322839792,0.0144404332129963,0.0001315722487055,0.0108303249097472,0.0002819222843622,0.0288808664259927,1.7340711419202757e-05,0.0324909747292418,0.0001907158905994,0.036101083032491,0.0003660391055007,0.0397111913357399,0.0005617687929561,0.0433212996389891,0.0003521282143511,2.0,2.0,1.0,1.0,1.0
65,10:36:30,3,0.0288808664259927,154755.0,0.0306859205776173,0.0288808664259927,2.0119057447693806e-06,0.0252707581227435,8.060396983806218e-05,0.0216606498194946,0.0001547890022999,0.0180505415162455,0.0001820615023957,0.0144404332129963,0.0001315722487055,0.0324909747292418,0.0001847121083769,0.036101083032491,0.0003660391055007,0.0397111913357399,0.0005617687929561,0.0433212996389891,0.0003521282143511,0.0469314079422382,0.0006123219166699,1.0,0.0,0.0,0.0,1.0
65,10:36:33,3,0.0252707581227435,42663.0,0.0306859205776173,0.0288808664259927,9.58050354652086e-07,0.0252707581227435,8.625646693050948e-05,0.0216606498194946,0.0001547890022999,0.0180505415162455,0.0001819337623484,0.0144404332129963,0.0001316999887528,0.0324909747292418,0.0001882888297009,0.036101083032491,0.0003660391055007,0.0397111913357399,0.0005617687929561,0.0433212996389891,0.0003521282143511,0.0469314079422382,0.0006123219166699,1.0,0.0,0.0,0.0,1.0
65,10:36:36,3,0.0288808664259927,8550.0,0.0270758122743681,0.0252707581227435,8.625646693050948e-05,0.0216606498194946,0.0001547890022999,0.0180505415162455,0.0001819337623484,0.0144404332129963,0.0001316999887528,0.0108303249097472,0.0002819222843622,0.0288808664259927,3.1935011821736204e-06,0.0324909747292418,0.0001882888297009,0.036101083032491,0.0003660391055007,0.0397111913357399,0.0005617687929561,0.0433212996389891,0.0003521282143511,2.0,1.0,1.0,1.0,2.0
65,10:36:39,3,0.0288808664259927,5985.0,0.0270758122743681,0.0252707581227435,8.625646693050948e-05,0.0216606498194946,0.0001547890022999,0.0180505415162455,0.000182189242443,0.0144404332129963,0.0001316999887528,0.0108303249097472,0.0002819222843622,0.0288808664259927,5.492822033338627e-06,0.0324909747292418,0.0001892788150674,0.036101083032491,0.0003661987805598,0.0397111913357399,0.0005617687929561,0.0433212996389891,0.0003521282143511,2.0,1.0,1.0,1.0,2.0
65,10:36:42,3,0.0288808664259927,49020.0,0.0306859205776173,0.0288808664259927,4.087681513182234e-06,0.0252707581227435,8.625646693050948e-05,0.0216606498194946,0.0001547890022999,0.0180505415162455,0.000182189242443,0.0144404332129963,0.0001322748189656,0.0324909747292418,0.0001892788150674,0.036101083032491,0.0003769608795437,0.0397111913357399,0.0005556372706863,0.0433212996389891,0.0003521282143511,0.0469314079422382,0.0006126412667881,1.0,0.0,0.0,0.0,1.0
65,10:36:45,3,0.0288808664259927,2280.0,0.0306859205776173,0.0288808664259927,5.620562080625572e-06,0.0252707581227435,8.625646693050948e-05,0.0216606498194946,0.0001547890022999,0.0180505415162455,0.000182189242443,0.0144404332129963,0.0001322748189656,0.0324909747292418,0.0001893107500792,0.036101083032491,0.0003769608795437,0.0397111913357399,0.0005556372706863,0.0433212996389891,0.0003521282143511,0.0469314079422382,0.0006129606169064,0.0,0.0,0.0,0.0,1.0
65,10:36:48,3,0.0288808664259927,5132.0,0.0306859205776173,0.0288808664259927,5.428952009695155e-06,0.0252707581227435,8.625646693050948e-05,0.0216606498194946,0.0001550764174063,0.0180505415162455,0.000182189242443,0.0144404332129963,0.0001322748189656,0.0324909747292418,0.0001892468800556,0.036101083032491,0.0003794518104658,0.0397111913357399,0.0005553817905918,0.0433212996389891,0.0003521282143511,0.0469314079422382,0.0006129606169064,0.0,0.0,0.0,0.0,1.0
65,10:36:51,3,0.0288808664259927,3990.0,0.0306859205776173,0.0288808664259927,1.2326914563190174e-05,0.0252707581227435,8.944996811268311e-05,0.0216606498194946,0.0001553957675245,0.0180505415162455,0.000183785993034,0.0144404332129963,0.0001322748189656,0.0324909747292418,0.0001924403812377,0.036101083032491,0.0003792282653831,0.0397111913357399,0.0005553817905918,0.0433212996389891,0.0003521282143511,0.0469314079422382,0.0006129606169064,0.0,0.0,0.0,0.0,1.0
65,10:36:54,3,0.0288808664259927,57000.0,0.0306859205776173,0.0288808664259927,6.89796255349502e-06,0.0252707581227435,8.944996811268311e-05,0.0216606498194946,0.0001553957675245,0.0180505415162455,0.000183785993034,0.0144404332129963,0.0001322748189656,0.0324909747292418,0.0001924403812377,0.036101083032491,0.0003468461633958,0.0397111913357399,0.0005553817905918,0.0433212996389891,0.0003521282143511,0.0469314079422382,0.0006129606169064,0.0,0.0,0.0,0.0,1.0
65,10:36:57,3,0.0288808664259927,17986.0,0.0306859205776173,0.0288808664259927,6.035717234308142e-06,0.0252707581227435,8.944996811268311e-05,0.0216606498194946,0.0001556193126073,0.0180505415162455,0.000183785993034,0.0144404332129963,0.0001322748189656,0.0324909747292418,0.0001914503958713,0.036101083032491,0.0003465268132776,0.0397111913357399,0.0005553817905918,0.0433212996389891,0.0003521282143511,0.0469314079422382,0.0006129606169064,0.0,0.0,0.0,0.0,1.0
65,10:37:00,3,0.0288808664259927,135945.0,0.0270758122743681,0.0252707581227435,8.178556527546641e-05,0.0216606498194946,0.0001556193126073,0.0180505415162455,0.000183785993034,0.0144404332129963,0.0001322748189656,0.0108303249097472,0.0002839980601307,0.0288808664259927,1.2231109527724964e-05,0.0324909747292418,0.000197581918141,0.036101083032491,0.0003433333120954,0.0397111913357399,0.0005553817905918,0.0433212996389891,0.0003521282143511,1.0,1.0,1.0,1.0,2.0
65,10:37:03,3,0.0288808664259927,0.0,0.0270758122743681,0.0252707581227435,8.178556527546641e-05,0.0216606498194946,0.0001556193126073,0.0180505415162455,0.000183785993034,0.0144404332129963,0.0001322748189656,0.0108303249097472,0.0002839980601307,0.0288808664259927,2.8198615438593063e-05,0.0324909747292418,0.0001971028929637,0.036101083032491,0.0003433333120954,0.0397111913357399,0.0005553817905918,0.0433212996389891,0.0003521282143511,1.0,1.0,1.0,1.0,2.0
65,10:37:06,3,0.0288808664259927,37050.0,0.0270758122743681,0.0252707581227435,8.200911035821857e-05,0.0216606498194946,0.0001565454279501,0.0180505415162455,0.000183785993034,0.0144404332129963,0.0001322748189656,0.0108303249097472,0.0002839980601307,0.0288808664259927,2.404706390176736e-05,0.0324909747292418,0.0001988593186139,0.036101083032491,0.0003433333120954,0.0397111913357399,0.0005553817905918,0.0433212996389891,0.0003514895141147,1.0,1.0,1.0,1.0,2.0
65,10:37:09,3,0.0288808664259927,0.0,0.0270758122743681,0.0252707581227435,8.200911035821857e-05,0.0216606498194946,0.0001565454279501,0.0180505415162455,0.000183785993034,0.0144404332129963,0.0001322748189656,0.0108303249097472,0.0002839980601307,0.0288808664259927,2.724056508394098e-05,0.0324909747292418,0.0001988593186139,0.036101083032491,0.0003433333120954,0.0397111913357399,0.0005553817905918,0.0433212996389891,0.0003514895141147,1.0,1.0,1.0,1.0,2.0
65,10:37:12,3,0.0288808664259927,23075.0,0.0270758122743681,0.0252707581227435,8.303103073651412e-05,0.0216606498194946,0.0001565454279501,0.0180505415162455,0.000183785993034,0.0144404332129963,0.0001322748189656,0.0108303249097472,0.0002839980601307,0.0288808664259927,2.5452204421923755e-05,0.0324909747292418,0.0001996576939094,0.036101083032491,0.0003433333120954,0.0397111913357399,0.0005553817905918,0.0433212996389891,0.0003514895141147,1.0,1.0,1.0,1.0,2.0
65,10:37:15,3,0.0288808664259927,5700.0,0.0270758122743681,0.0252707581227435,8.168976024000121e-05,0.0216606498194946,0.0001565454279501,0.0180505415162455,0.000183785993034,0.0144404332129963,0.0001322748189656,0.0108303249097472,0.0002840938651661,0.0288808664259927,2.6282514729288896e-05,0.0324909747292418,0.0002028511950916,0.036101083032491,0.0003442785884454,0.0397111913357399,0.0005534018198588,0.0433212996389891,0.0003514895141147,1.0,1.0,1.0,2.0,2.0
65,10:37:18,3,0.0288808664259927,0.0,0.0270758122743681,0.0252707581227435,8.168976024000121e-05,0.0216606498194946,0.0001585892687067,0.0180505415162455,0.0001828279426794,0.0144404332129963,0.0001322748189656,0.0108303249097472,0.0002841577351898,0.0288808664259927,4.63057671415175e-05,0.0324909747292418,0.0002021486248315,0.036101083032491,0.0003442785884454,0.0397111913357399,0.0005515495891732,0.0433212996389891,0.0003514895141147,1.0,1.0,1.0,2.0,2.0
65,10:37:21,3,0.0288808664259927,119700.0,0.0270758122743681,0.0252707581227435,8.200911035821857e-05,0.0216606498194946,0.0001585892687067,0.0180505415162455,0.0001828279426794,0.0144404332129963,0.0001322748189656,0.0108303249097472,0.0002841577351898,0.0288808664259927,3.583108326398802e-05,0.0324909747292418,0.0002021486248315,0.036101083032491,0.0003442785884454,0.0397111913357399,0.0005519008743032,0.0433212996389891,0.0003514895141147,1.0,1.0,1.0,2.0,2.0
65,10:37:24,3,0.0288808664259927,9975.0,0.0270758122743681,0.0252707581227435,8.26478105946533e-05,0.0216606498194946,0.0001585892687067,0.0180505415162455,0.0001828279426794,0.0144404332129963,0.0001338715695567,0.0108303249097472,0.0002860738358991,0.0288808664259927,3.490496792115767e-05,0.0324909747292418,0.0001998173689686,0.036101083032491,0.0003442785884454,0.0397111913357399,0.0005519008743032,0.0433212996389891,0.0003514895141147,1.0,1.0,1.0,1.0,2.0
65,10:37:27,3,0.0288808664259927,18810.0,0.0270758122743681,0.0252707581227435,8.277555064194024e-05,0.0216606498194946,0.0001585892687067,0.0180505415162455,0.0001828279426794,0.0144404332129963,0.0001338715695567,0.0108303249097472,0.0002860738358991,0.0288808664259927,4.237776068744394e-05,0.0324909747292418,0.0001994980188503,0.036101083032491,0.0003442785884454,0.0397111913357399,0.0005503041237121,0.0433212996389891,0.0003514895141147,1.0,1.0,1.0,1.0,2.0
65,10:37:30,3,0.0288808664259927,4845.0,0.0270758122743681,0.0252707581227435,8.277555064194024e-05,0.0216606498194946,0.0001591002288958,0.0180505415162455,0.0001828279426794,0.0144404332129963,0.0001338715695567,0.0108303249097472,0.0002665296086642,0.0288808664259927,4.253743574655262e-05,0.0324909747292418,0.0001988593186139,0.036101083032491,0.0003442785884454,0.0397111913357399,0.0005503041237121,0.0433212996389891,0.0003514895141147,1.0,1.0,1.0,2.0,2.0
65,10:37:33,3,0.0252707581227435,30208.0,0.0270758122743681,0.0252707581227435,9.168541894020464e-05,0.0216606498194946,0.0001604095643805,0.0180505415162455,0.0001828279426794,0.0144404332129963,0.0001338715695567,0.0108303249097472,0.0002665296086642,0.0288808664259927,3.9216194517092055e-05,0.0324909747292418,0.0002001367190868,0.036101083032491,0.0003442785884454,0.0397111913357399,0.0005511344340195,0.0433212996389891,0.0003514895141147,1.0,1.0,1.0,2.0,2.0
65,10:37:36,3,0.0252707581227435,0.0,0.0270758122743681,0.0252707581227435,9.168541894020464e-05,0.0216606498194946,0.0001604095643805,0.0180505415162455,0.0001828279426794,0.0144404332129963,0.0001338715695567,0.0108303249097472,0.0002665296086642,0.0288808664259927,4.263324078201783e-05,0.0324909747292418,0.0001986996435548,0.036101083032491,0.0003538590919919,0.0397111913357399,0.0005511344340195,0.0433212996389891,0.0003514895141147,1.0,1.0,1.0,2.0,2.0
65,10:37:39,3,0.0288808664259927,855.0,0.0270758122743681,0.0252707581227435,9.168541894020464e-05,0.0216606498194946,0.0001604095643805,0.0180505415162455,0.0001828279426794,0.0144404332129963,0.0001338715695567,0.0108303249097472,0.0002680305542198,0.0288808664259927,4.253743574655262e-05,0.0324909747292418,0.0001986996435548,0.036101083032491,0.0003538590919919,0.0397111913357399,0.0005516134591968,0.0433212996389891,0.0003514895141147,1.0,1.0,1.0,2.0,2.0
65,10:37:42,3,0.0252707581227435,31340.0,0.0270758122743681,0.0252707581227435,9.57092304297434e-05,0.0216606498194946,0.0001604095643805,0.0180505415162455,0.0001828279426794,0.0144404332129963,0.0001338715695567,0.0108303249097472,0.0002680624892316,0.0288808664259927,3.937586957620074e-05,0.0324909747292418,0.0001971028929637,0.036101083032491,0.0003538590919919,0.0397111913357399,0.0005516134591968,0.0433212996389891,0.0003514895141147,1.0,1.0,1.0,2.0,2.0
65,10:37:45,3,0.0288808664259927,570.0,0.0270758122743681,0.0252707581227435,9.57092304297434e-05,0.0216606498194946,0.0001611121346406,0.0180505415162455,0.0001828279426794,0.0144404332129963,0.0001338715695567,0.0108303249097472,0.0002680624892316,0.0288808664259927,3.9311999552557264e-05,0.0324909747292418,0.0001922487711668,0.036101083032491,0.0003538590919919,0.0397111913357399,0.0005517092642323,0.0433212996389891,0.0003514895141147,1.0,1.0,1.0,2.0,2.0
65,10:37:48,3,0.0288808664259927,0.0,0.0270758122743681,0.0252707581227435,9.966917189563868e-05,0.0216606498194946,0.0001611121346406,0.0180505415162455,0.0001828279426794,0.0144404332129963,0.0001338715695567,0.0108303249097472,0.0002692121496572,0.0288808664259927,3.9311999552557264e-05,0.0324909747292418,0.0001922487711668,0.036101083032491,0.0003552961675239,0.0397111913357399,0.0005517092642323,0.0433212996389891,0.0003514895141147,1.0,1.0,1.0,2.0,2.0
65,10:37:51,3,0.0288808664259927,0.0,0.0270758122743681,0.0252707581227435,9.966917189563868e-05,0.0216606498194946,0.0001610801996288,0.0180505415162455,0.0001828279426794,0.0144404332129963,0.0001338715695567,0.0108303249097472,0.0002692121496572,0.0288808664259927,4.15474503800788e-05,0.0324909747292418,0.0001922487711668,0.036101083032491,0.0003552961675239,0.0397111913357399,0.0005526992495987,0.0433212996389891,0.0003514895141147,1.0,1.0,1.0,2.0,2.0
65,10:37:54,3,0.0252707581227435,49436.0,0.0270758122743681,0.0252707581227435,9.507053019330869e-05,0.0216606498194946,0.0001610801996288,0.0180505415162455,0.0001828279426794,0.0144404332129963,0.0001338715695567,0.0108303249097472,0.0002691482796335,0.0288808664259927,4.209034558104832e-05,0.0324909747292418,0.0001922487711668,0.036101083032491,0.0003552961675239,0.0397111913357399,0.0005526992495987,0.0433212996389891,0.0003514895141147,1.0,1.0,1.0,2.0,2.0
65,10:37:57,3,0.0288808664259927,2565.0,0.0270758122743681,0.0252707581227435,9.507053019330869e-05,0.0216606498194946,0.0001610801996288,0.0180505415162455,0.0001828279426794,0.0144404332129963,0.0001348296199113,0.0108303249097472,0.0002691482796335,0.0288808664259927,3.222242692813183e-05,0.0324909747292418,0.0001941648718761,0.036101083032491,0.0003552961675239,0.0397111913357399,0.0005526992495987,0.0433212996389891,0.0003514895141147,1.0,1.0,1.0,2.0,2.0
65,10:38:00,3,0.0288808664259927,0.0,0.0270758122743681,0.0252707581227435,9.507053019330869e-05,0.0216606498194946,0.0001610801996288,0.0180505415162455,0.0001828279426794,0.0144404332129963,0.0001359154103133,0.0108303249097472,0.0002691482796335,0.0288808664259927,3.365950246010996e-05,0.0324909747292418,0.0001941648718761,0.036101083032491,0.0003552961675239,0.0397111913357399,0.000552475704516,0.0433212996389891,0.0003514895141147,1.0,1.0,1.0,2.0,2.0
65,10:38:03,3,0.0288808664259927,32960.0,0.0270758122743681,0.0252707581227435,9.462344002780436e-05,0.0216606498194946,0.0001609843945933,0.0180505415162455,0.0001828279426794,0.0144404332129963,0.0001359154103133,0.0108303249097472,0.0002691482796335,0.0288808664259927,3.314854227096218e-05,0.0324909747292418,0.0001941648718761,0.036101083032491,0.0003552961675239,0.0397111913357399,0.000552475704516,0.0433212996389891,0.0003514895141147,1.0,1.0,1.0,2.0,2.0
65,10:38:06,3,0.0288808664259927,19380.0,0.0270758122743681,0.0252707581227435,9.462344002780436e-05,0.0216606498194946,0.0001636988705982,0.0180505415162455,0.0001828279426794,0.0144404332129963,0.0001359154103133,0.0108303249097472,0.0002691482796335,0.0288808664259927,3.104083149072759e-05,0.0324909747292418,0.0001941648718761,0.036101083032491,0.0003559348677603,0.0397111913357399,0.0005527950546342,0.0433212996389891,0.0003514895141147,1.0,1.0,1.0,2.0,2.0
65,10:38:09,3,0.0288808664259927,285.0,0.0270758122743681,0.0252707581227435,9.462344002780436e-05,0.0216606498194946,0.0001652956211893,0.0180505415162455,0.0001828279426794,0.0144404332129963,0.0001359154103133,0.0108303249097472,0.0002691482796335,0.0288808664259927,3.196694683355794e-05,0.0324909747292418,0.0001948035721125,0.036101083032491,0.0003559348677603,0.0397111913357399,0.0005531144047524,0.0433212996389891,0.0003514895141147,1.0,1.0,1.0,2.0,2.0
65,10:38:12,3,0.0288808664259927,0.0,0.0270758122743681,0.0252707581227435,9.462344002780436e-05,0.0216606498194946,0.0001656149713075,0.0180505415162455,0.0001828279426794,0.0144404332129963,0.0001359154103133,0.0108303249097472,0.0002691482796335,0.0288808664259927,3.516044801573156e-05,0.0324909747292418,0.0001948035721125,0.036101083032491,0.0003559348677603,0.0397111913357399,0.0005531144047524,0.0433212996389891,0.0003514895141147,1.0,1.0,1.0,2.0,2.0
65,10:38:15,3,0.0288808664259927,0.0,0.0270758122743681,0.0252707581227435,9.462344002780436e-05,0.0216606498194946,0.0001659662564375,0.0180505415162455,0.0001828279426794,0.0144404332129963,0.0001359154103133,0.0108303249097472,0.0002691482796335,0.0288808664259927,3.516044801573156e-05,0.0324909747292418,0.0001948035721125,0.036101083032491,0.0003546574672874,0.0397111913357399,0.0005531144047524,0.0433212996389891,0.0003514895141147,1.0,1.0,2.0,2.0,2.0
65,10:38:18,3,0.0288808664259927,280725.0,0.0270758122743681,0.0252707581227435,9.462344002780436e-05,0.0216606498194946,0.0001662856065557,0.0180505415162455,0.0001890233349728,0.0144404332129963,0.0001343186597222,0.0108303249097472,0.0002691482796335,0.0288808664259927,3.7044613713214e-06,0.0324909747292418,0.0001948035721125,0.036101083032491,0.0003546574672874,0.0397111913357399,0.0005531144047524,0.0433212996389891,0.0003514895141147,1.0,1.0,2.0,2.0,2.0
65,10:38:21,3,0.0288808664259927,0.0,0.0270758122743681,0.0252707581227435,9.462344002780436e-05,0.0216606498194946,0.0001661259314966,0.0180505415162455,0.0001890233349728,0.0144404332129963,0.0001343186597222,0.0108303249097472,0.0002691482796335,0.0288808664259927,8.877933286442664e-06,0.0324909747292418,0.0001948035721125,0.036101083032491,0.0003544339222047,0.0397111913357399,0.0005626949082989,0.0433212996389891,0.0003514895141147,1.0,1.0,2.0,2.0,2.0
65,10:38:24,3,0.0288808664259927,0.0,0.0270758122743681,0.0252707581227435,9.558149038245646e-05,0.0216606498194946,0.0001661259314966,0.0180505415162455,0.0001890233349728,0.0144404332129963,0.0001343186597222,0.0108303249097472,0.0002691482796335,0.0288808664259927,1.2071434468616284e-05,0.0324909747292418,0.0001948035721125,0.036101083032491,0.0003544339222047,0.0397111913357399,0.0005626949082989,0.0433212996389891,0.0003515214491265,1.0,1.0,1.0,2.0,2.0
65,10:38:27,3,0.0288808664259927,41325.0,0.0270758122743681,0.0252707581227435,9.558149038245646e-05,0.0216606498194946,0.0001661259314966,0.0180505415162455,0.0001890233349728,0.0144404332129963,0.0001362347604315,0.0108303249097472,0.0002693079546927,0.0288808664259927,1.0921774043033782e-05,0.0324909747292418,0.0001936858466988,0.036101083032491,0.0003544339222047,0.0397111913357399,0.0005626949082989,0.0433212996389891,0.0003579084514909,1.0,1.0,1.0,2.0,2.0
65,10:38:30,3,0.0288808664259927,0.0,0.0270758122743681,0.0252707581227435,9.558149038245646e-05,0.0216606498194946,0.0001661259314966,0.0180505415162455,0.0001890233349728,0.0144404332129963,0.0001362347604315,0.0108303249097472,0.0002693079546927,0.0288808664259927,1.6127180969976783e-05,0.0324909747292418,0.000193111016486,0.036101083032491,0.0003544339222047,0.0397111913357399,0.0005626949082989,0.0433212996389891,0.0003579084514909,1.0,1.0,2.0,2.0,2.0
65,10:38:33,3,0.0288808664259927,57000.0,0.0270758122743681,0.0252707581227435,9.717824097354328e-05,0.0216606498194946,0.0001661259314966,0.0180505415162455,0.0001890233349728,0.0144404332129963,0.0001362347604315,0.0108303249097472,0.0002693079546927,0.0288808664259927,1.1368864208538087e-05,0.0324909747292418,0.000193111016486,0.036101083032491,0.0003544339222047,0.0397111913357399,0.0005626949082989,0.0433212996389891,0.0003579084514909,1.0,1.0,2.0,2.0,2.0
65,10:38:36,3,0.0288808664259927,0.0,0.0270758122743681,0.0252707581227435,9.749759109176064e-05,0.0216606498194946,0.0001664452816148,0.0180505415162455,0.0001890233349728,0.0144404332129963,0.0001362347604315,0.0108303249097472,0.0002693079546927,0.0288808664259927,1.143273423218156e-05,0.0324909747292418,0.000193111016486,0.036101083032491,0.0003544339222047,0.0397111913357399,0.0005626949082989,0.0433212996389891,0.0003579084514909,1.0,1.0,2.0,2.0,2.0
65,10:38:39,3,0.0288808664259927,4560.0,0.0270758122743681,0.0252707581227435,9.928595175377784e-05,0.0216606498194946,0.0001664452816148,0.0180505415162455,0.0001890233349728,0.0144404332129963,0.0001362347604315,0.0108303249097472,0.0002693079546927,0.0288808664259927,1.0953709054855518e-05,0.0324909747292418,0.0001950271171953,0.036101083032491,0.0003544339222047,0.0397111913357399,0.0005626949082989,0.0433212996389891,0.0003579084514909,1.0,1.0,2.0,2.0,2.0
65,10:38:42,3,0.0288808664259927,570.0,0.0270758122743681,0.0252707581227435,0.000101202052463,0.0216606498194946,0.0001664452816148,0.0180505415162455,0.0001890233349728,0.0144404332129963,0.0001362347604315,0.0108303249097472,0.0002693079546927,0.0288808664259927,1.11133841139642e-05,0.0324909747292418,0.0001950590522071,0.036101083032491,0.0003550726224411,0.0397111913357399,0.0005633336085354,0.0433212996389891,0.0003579084514909,1.0,1.0,2.0,2.0,2.0
65,10:38:45,3,0.0288808664259927,0.0,0.0270758122743681,0.0252707581227435,0.000101202052463,0.0216606498194946,0.0001664452816148,0.0180505415162455,0.0001890233349728,0.0144404332129963,0.0001362347604315,0.0108303249097472,0.0002693079546927,0.0288808664259927,1.143273423218156e-05,0.0324909747292418,0.0001950590522071,0.036101083032491,0.0003550726224411,0.0397111913357399,0.0005633336085354,0.0433212996389891,0.0003585471517273,1.0,2.0,2.0,2.0,2.0
65,10:38:48,3,0.0288808664259927,0.0,0.0270758122743681,0.0252707581227435,0.000101202052463,0.0216606498194946,0.0001645291809055,0.0180505415162455,0.0001890233349728,0.0144404332129963,0.0001362347604315,0.0108303249097472,0.0002693079546927,0.0288808664259927,1.152853926764677e-05,0.0324909747292418,0.0001950590522071,0.036101083032491,0.0003542103771219,0.0397111913357399,0.0005649622941383,0.0433212996389891,0.0003585471517273,1.0,2.0,2.0,2.0,2.0
65,10:38:51,3,0.0288808664259927,9120.0,0.0270758122743681,0.0252707581227435,0.000101202052463,0.0216606498194946,0.0001632517804327,0.0180505415162455,0.0001890233349728,0.0144404332129963,0.0001362347604315,0.0108303249097472,0.000271224055402,0.0288808664259927,1.0506618889351213e-05,0.0324909747292418,0.0001950590522071,0.036101083032491,0.0003542103771219,0.0397111913357399,0.0005649622941383,0.0433212996389891,0.0003585471517273,1.0,2.0,2.0,2.0,2.0
65,10:38:54,3,0.0288808664259927,0.0,0.0270758122743681,0.0252707581227435,0.000101202052463,0.0216606498194946,0.0001632517804327,0.0180505415162455,0.0001890233349728,0.0144404332129963,0.0001362347604315,0.0108303249097472,0.000271224055402,0.0288808664259927,1.0538553901172948e-05,0.0324909747292418,0.0001919613560604,0.036101083032491,0.0003542103771219,0.0397111913357399,0.0005649622941383,0.0433212996389891,0.0003585471517273,1.0,1.0,2.0,2.0,2.0
65,10:38:57,3,0.0288808664259927,285.0,0.0270758122743681,0.0252707581227435,0.000101202052463,0.0216606498194946,0.0001632517804327,0.0180505415162455,0.0001890233349728,0.0144404332129963,0.0001362347604315,0.0108303249097472,0.000271224055402,0.0288808664259927,1.2135304492259756e-05,0.0324909747292418,0.0001935581066515,0.036101083032491,0.0003561264778312,0.0397111913357399,0.0005649622941383,0.0433212996389891,0.0003585471517273,1.0,1.0,2.0,2.0,2.0
65,10:39:00,3,0.0288808664259927,285.0,0.0270758122743681,0.0252707581227435,0.0001050023188698,0.0216606498194946,0.0001632517804327,0.0180505415162455,0.0001906200855639,0.0144404332129963,0.0001362347604315,0.0108303249097472,0.0002744175565841,0.0288808664259927,1.4498495367068236e-05,0.0324909747292418,0.0001935581066515,0.036101083032491,0.0003561264778312,0.0397111913357399,0.0005649622941383,0.0433212996389891,0.0003585471517273,2.0,2.0,2.0,2.0,2.0
65,10:39:03,3,0.0288808664259927,570.0,0.0270758122743681,0.0252707581227435,0.000105321668988,0.0216606498194946,0.0001632517804327,0.0180505415162455,0.0001906200855639,0.0144404332129963,0.0001359154103133,0.0108303249097472,0.0002744175565841,0.0288808664259927,1.4594300402533443e-05,0.0324909747292418,0.0001935581066515,0.036101083032491,0.0003561264778312,0.0397111913357399,0.0005649622941383,0.0433212996389891,0.0003585471517273,2.0,2.0,2.0,2.0,2.0
65,10:39:06,3,0.0288808664259927,0.0,0.0270758122743681,0.0252707581227435,0.0001059603692245,0.0216606498194946,0.0001632517804327,0.0180505415162455,0.0001874265843817,0.0144404332129963,0.0001359154103133,0.0108303249097472,0.0002744175565841,0.0288808664259927,1.4594300402533443e-05,0.0324909747292418,0.0001991467337203,0.036101083032491,0.0003593199790134,0.0397111913357399,0.0005649622941383,0.0433212996389891,0.0003585471517273,2.0,2.0,2.0,2.0,2.0
65,10:39:09,3,0.0288808664259927,110007.0,0.0270758122743681,0.0252707581227435,0.0001068545495555,0.0216606498194946,0.0001638904806691,0.0180505415162455,0.0001874265843817,0.0144404332129963,0.0001359154103133,0.0108303249097472,0.0002744175565841,0.0288808664259927,8.111493002720996e-06,0.0324909747292418,0.0001994660838385,0.036101083032491,0.000350250435656,0.0397111913357399,0.0005649622941383,0.0433212996389891,0.0003585471517273,1.0,2.0,2.0,2.0,2.0
65,10:39:12,3,0.0288808664259927,3135.0,0.0270758122743681,0.0252707581227435,0.0001068545495555,0.0216606498194946,0.0001641140257519,0.0180505415162455,0.0001874265843817,0.0144404332129963,0.0001359154103133,0.0108303249097472,0.0002744175565841,0.0288808664259927,7.856012908147106e-06,0.0324909747292418,0.0001990509286848,0.036101083032491,0.000350250435656,0.0397111913357399,0.0005649622941383,0.0433212996389891,0.0003585471517273,1.0,2.0,2.0,2.0,2.0
65,10:39:15,3,0.0288808664259927,76665.0,0.0306859205776173,0.0288808664259927,5.173471915121265e-06,0.0252707581227435,0.0001068545495555,0.0216606498194946,0.0001641140257519,0.0180505415162455,0.0001874265843817,0.0144404332129963,0.0001359154103133,0.0324909747292418,0.0001991147987085,0.036101083032491,0.000350250435656,0.0397111913357399,0.0005649622941383,0.0433212996389891,0.0003585471517273,0.0469314079422382,0.0006279636854602,1.0,1.0,1.0,1.0,1.0
65,10:39:18,3,0.0288808664259927,6840.0,0.0306859205776173,0.0288808664259927,4.407031631399596e-06,0.0252707581227435,0.0001068545495555,0.0216606498194946,0.0001641140257519,0.0180505415162455,0.0001874265843817,0.0144404332129963,0.0001359154103133,0.0324909747292418,0.0002009350943823,0.036101083032491,0.0003515278361289,0.0397111913357399,0.0005652816442565,0.0433212996389891,0.0003585471517273,0.0469314079422382,0.0006279636854602,1.0,1.0,1.0,1.0,1.0
65,10:39:21,3,0.0324909747292418,29072.0,0.0306859205776173,0.0288808664259927,1.373205508334657e-06,0.0252707581227435,0.0001068545495555,0.0216606498194946,0.0001578866984466,0.0180505415162455,0.0001874265843817,0.0144404332129963,0.0001359154103133,0.0324909747292418,0.0002008712243587,0.036101083032491,0.0003521665363653,0.0397111913357399,0.0005684751454387,0.0433212996389891,0.0003585471517273,0.0469314079422382,0.0006279636854602,1.0,1.0,1.0,1.0,1.0
65,10:39:24,3,0.0288808664259927,15105.0,0.0270758122743681,0.0252707581227435,0.000104619098728,0.0216606498194946,0.0001578866984466,0.0180505415162455,0.0001874265843817,0.0144404332129963,0.0001359154103133,0.0108303249097472,0.0002751201268442,0.0288808664259927,5.428952009695155e-07,0.0324909747292418,0.0002008712243587,0.036101083032491,0.0003510807459634,0.0397111913357399,0.0005684751454387,0.0433212996389891,0.0003585471517273,2.0,2.0,2.0,2.0,2.0
65,10:39:27,3,0.0288808664259927,0.0,0.0270758122743681,0.0252707581227435,0.0001068226145437,0.0216606498194946,0.0001595153840495,0.0180505415162455,0.0001874265843817,0.0144404332129963,0.0001359154103133,0.0108303249097472,0.0002751201268442,0.0288808664259927,7.025702600781965e-07,0.0324909747292418,0.0002008712243587,0.036101083032491,0.0003510807459634,0.0397111913357399,0.0005684751454387,0.0433212996389891,0.0003591858519637,2.0,2.0,2.0,2.0,2.0
65,10:39:30,3,0.0288808664259927,6270.0,0.0306859205776173,0.0288808664259927,2.490930922095424e-06,0.0252707581227435,0.0001062477843309,0.0216606498194946,0.0001595153840495,0.0180505415162455,0.0001874265843817,0.0144404332129963,0.0001359154103133,0.0324909747292418,0.0002008712243587,0.036101083032491,0.0003510807459634,0.0397111913357399,0.0005684751454387,0.0433212996389891,0.0003591858519637,0.0469314079422382,0.0006297520461222,1.0,1.0,1.0,1.0,1.0
65,10:39:33,3,0.0288808664259927,3420.0,0.0306859205776173,0.0288808664259927,2.2354508275215343e-06,0.0252707581227435,0.0001125070466479,0.0216606498194946,0.0001595153840495,0.0180505415162455,0.0001874265843817,0.0144404332129963,0.0001359154103133,0.0324909747292418,0.0002018292747133,0.036101083032491,0.0003510807459634,0.0397111913357399,0.0005684751454387,0.0433212996389891,0.0003591858519637,0.0469314079422382,0.0006297520461222,1.0,1.0,1.0,1.0,1.0
65,10:39:36,3,0.0288808664259927,9405.0,0.0306859205776173,0.0288808664259927,1.1815954374042396e-06,0.0252707581227435,0.0001189579190359,0.0216606498194946,0.0001595153840495,0.0180505415162455,0.0001874265843817,0.0144404332129963,0.0001359154103133,0.0324909747292418,0.0002024999099616,0.036101083032491,0.0003519110562708,0.0397111913357399,0.0005684751454387,0.0433212996389891,0.0003591858519637,0.0469314079422382,0.0006297520461222,1.0,1.0,1.0,1.0,1.0
65,10:39:39,3,0.0324909747292418,5708.0,0.0306859205776173,0.0288808664259927,1.277400472869448e-06,0.0252707581227435,0.0001189579190359,0.0216606498194946,0.0001595153840495,0.0180505415162455,0.0001874265843817,0.0144404332129963,0.0001359154103133,0.0324909747292418,0.000202244429867,0.036101083032491,0.0003519110562708,0.0397111913357399,0.0005684751454387,0.0433212996389891,0.0003591858519637,0.0469314079422382,0.0006297520461222,1.0,1.0,1.0,1.0,1.0
65,10:39:42,3,0.0324909747292418,3432.0,0.0306859205776173,0.0288808664259927,1.277400472869448e-06,0.0252707581227435,0.0001170418183266,0.0216606498194946,0.0001595153840495,0.0180505415162455,0.0001874265843817,0.0144404332129963,0.0001359154103133,0.0324909747292418,0.0002018612097251,0.036101083032491,0.0003519110562708,0.0397111913357399,0.0005684751454387,0.0433212996389891,0.0003591858519637,0.0469314079422382,0.0006298797861695,1.0,1.0,1.0,1.0,1.0
65,10:39:45,3,0.0324909747292418,0.0,0.0306859205776173,0.0288808664259927,1.3093354846911845e-06,0.0252707581227435,0.0001170418183266,0.0216606498194946,0.0001595153840495,0.0180505415162455,0.0001874265843817,0.0144404332129963,0.0001359154103133,0.0324909747292418,0.0002018612097251,0.036101083032491,0.0003519110562708,0.0397111913357399,0.0005684751454387,0.0433212996389891,0.0003591858519637,0.0469314079422382,0.0006298797861695,1.0,1.0,1.0,1.0,1.0
65,10:39:48,3,0.0324909747292418,4280.0,0.0306859205776173,0.0288808664259927,2.0119057447693806e-06,0.0252707581227435,0.000116977948303,0.0216606498194946,0.0001594515140259,0.0180505415162455,0.0001887997898901,0.0144404332129963,0.0001359154103133,0.0324909747292418,0.0002031066751862,0.036101083032491,0.0003519110562708,0.0397111913357399,0.0005684751454387,0.0433212996389891,0.0003591858519637,0.0469314079422382,0.0006298797861695,1.0,1.0,1.0,1.0,1.0
65,10:39:51,3,0.0324909747292418,3432.0,0.0306859205776173,0.0288808664259927,2.0119057447693806e-06,0.0252707581227435,0.0001165308581375,0.0216606498194946,0.0001594515140259,0.0180505415162455,0.0001887997898901,0.0144404332129963,0.0001385340812826,0.0324909747292418,0.0002075137068176,0.036101083032491,0.0003535078068618,0.0397111913357399,0.0005716686466208,0.0433212996389891,0.0003591858519637,0.0469314079422382,0.0006298797861695,1.0,1.0,1.0,1.0,1.0
65,10:39:54,3,0.0324909747292418,0.0,0.0306859205776173,0.0288808664259927,3.959941465895289e-06,0.0252707581227435,0.0001165308581375,0.0216606498194946,0.0001594515140259,0.0180505415162455,0.0001887997898901,0.0144404332129963,0.0001385340812826,0.0324909747292418,0.0002075137068176,0.036101083032491,0.0003535078068618,0.0397111913357399,0.0005716686466208,0.0433212996389891,0.0003591858519637,0.0469314079422382,0.0006298797861695,1.0,1.0,1.0,1.0,1.0
65,10:39:57,3,0.0324909747292418,2860.0,0.0306859205776173,0.0288808664259927,6.035717234308142e-06,0.0252707581227435,0.0001165308581375,0.0216606498194946,0.0001594834490377,0.0180505415162455,0.0001887997898901,0.0144404332129963,0.0001385340812826,0.0324909747292418,0.0002078330569358,0.036101083032491,0.0003535078068618,0.0397111913357399,0.0005716686466208,0.0433212996389891,0.0003591858519637,0.0469314079422382,0.0006298797861695,1.0,1.0,1.0,1.0,1.0
65,10:40:00,3,0.0324909747292418,11440.0,0.0306859205776173,0.0288808664259927,6.482807399812449e-06,0.0252707581227435,0.0001102715958204,0.0216606498194946,0.0001594834490377,0.0180505415162455,0.0001887997898901,0.0144404332129963,0.0001385340812826,0.0324909747292418,0.0002143797343593,0.036101083032491,0.0003535078068618,0.0397111913357399,0.0005716686466208,0.0433212996389891,0.0003623793531459,0.0469314079422382,0.0006298797861695,1.0,1.0,1.0,1.0,1.0
65,10:40:03,3,0.0324909747292418,117782.0,0.0306859205776173,0.0288808664259927,6.578612435277658e-06,0.0252707581227435,0.0001102715958204,0.0216606498194946,0.0001594834490377,0.0180505415162455,0.0001887997898901,0.0144404332129963,0.0001385340812826,0.0324909747292418,0.0002035857003635,0.036101083032491,0.0003535078068618,0.0397111913357399,0.0005716686466208,0.0433212996389891,0.0003617406529095,0.0469314079422382,0.0006298797861695,1.0,1.0,1.0,1.0,1.0
65,10:40:06,3,0.0288808664259927,570.0,0.0306859205776173,0.0288808664259927,6.514742411634186e-06,0.0252707581227435,0.0001104951409032,0.0216606498194946,0.0001598027991559,0.0180505415162455,0.0001887997898901,0.0144404332129963,0.0001385340812826,0.0324909747292418,0.0002033302202689,0.036101083032491,0.0003535078068618,0.0397111913357399,0.00057182832168,0.0433212996389891,0.0003617406529095,0.0469314079422382,0.0006298797861695,1.0,1.0,1.0,1.0,1.0
65,10:40:09,3,0.0288808664259927,40868.0,0.0306859205776173,0.0288808664259927,6.195392293416823e-06,0.0252707581227435,0.0001085151701702,0.0216606498194946,0.0001598027991559,0.0180505415162455,0.0001887997898901,0.0144404332129963,0.0001385340812826,0.0324909747292418,0.0002006796142877,0.036101083032491,0.0003535078068618,0.0397111913357399,0.0005718921917036,0.0433212996389891,0.0003617406529095,0.0469314079422382,0.0006298797861695,1.0,1.0,1.0,1.0,1.0
65,10:40:12,3,0.0288808664259927,31735.0,0.0306859205776173,0.0288808664259927,6.482807399812449e-06,0.0252707581227435,0.0001085151701702,0.0216606498194946,0.0001598027991559,0.0180505415162455,0.0001887997898901,0.0144404332129963,0.0001404501819919,0.0324909747292418,0.0001974861131056,0.036101083032491,0.0003540826370746,0.0397111913357399,0.0005715728415854,0.0433212996389891,0.0003617406529095,0.0469314079422382,0.0006298797861695,1.0,1.0,1.0,1.0,1.0
65,10:40:15,3,0.0288808664259927,0.0,0.0306859205776173,0.0288808664259927,1.9416487187615613e-05,0.0252707581227435,0.0001124751116361,0.0216606498194946,0.0001598027991559,0.0180505415162455,0.0001887997898901,0.0144404332129963,0.0001404501819919,0.0324909747292418,0.0001974861131056,0.036101083032491,0.0003540826370746,0.0397111913357399,0.0005718921917036,0.0433212996389891,0.0003617406529095,0.0469314079422382,0.0006298797861695,1.0,1.0,1.0,1.0,1.0
65,10:40:18,3,0.0324909747292418,572.0,0.0306859205776173,0.0288808664259927,2.356803872444132e-05,0.0252707581227435,0.0001124751116361,0.0216606498194946,0.0001598027991559,0.0180505415162455,0.0001887997898901,0.0144404332129963,0.0001404501819919,0.0324909747292418,0.000199018993673,0.036101083032491,0.0003540826370746,0.0397111913357399,0.0005726905669991,0.0433212996389891,0.0003617406529095,0.0469314079422382,0.0006298797861695,1.0,1.0,1.0,1.0,1.0
65,10:40:21,3,0.0324909747292418,9132.0,0.0306859205776173,0.0288808664259927,4.209034558104832e-05,0.0252707581227435,0.0001131776818962,0.0216606498194946,0.0001598027991559,0.0180505415162455,0.0001887997898901,0.0144404332129963,0.0001404501819919,0.0324909747292418,0.0001986357735311,0.036101083032491,0.0003540826370746,0.0397111913357399,0.0005726905669991,0.0433212996389891,0.0003617406529095,0.0469314079422382,0.0006298797861695,1.0,1.0,1.0,1.0,1.0
65,10:40:24,3,0.0324909747292418,0.0,0.0306859205776173,0.0288808664259927,4.30483959357004e-05,0.0252707581227435,0.000112858331778,0.0216606498194946,0.0001606650444751,0.0180505415162455,0.0001824127875257,0.0144404332129963,0.0001404501819919,0.0324909747292418,0.0001973583730583,0.036101083032491,0.0003540826370746,0.0397111913357399,0.0005726905669991,0.0433212996389891,0.0003617406529095,0.0469314079422382,0.0006298797861695,1.0,1.0,1.0,1.0,1.0
65,10:40:27,3,0.0324909747292418,56914.0,0.0306859205776173,0.0288808664259927,4.349548610120471e-05,0.0252707581227435,0.000112858331778,0.0216606498194946,0.0001607608495106,0.0180505415162455,0.0001824127875257,0.0144404332129963,0.0001404501819919,0.0324909747292418,0.0001910033057058,0.036101083032491,0.0003470569344739,0.0397111913357399,0.0005726905669991,0.0433212996389891,0.0003617406529095,0.0469314079422382,0.0006298797861695,1.0,1.0,1.0,1.0,1.0
65,10:40:30,3,0.0324909747292418,858.0,0.0306859205776173,0.0288808664259927,4.349548610120471e-05,0.0252707581227435,0.000112858331778,0.0216606498194946,0.0001607608495106,0.0180505415162455,0.0001824127875257,0.0144404332129963,0.0001404501819919,0.0324909747292418,0.0001909075006703,0.036101083032491,0.0003470569344739,0.0397111913357399,0.0005726905669991,0.0433212996389891,0.0003620280680159,0.0469314079422382,0.0006305823564296,1.0,1.0,1.0,1.0,1.0
65,10:40:33,3,0.0324909747292418,118118.0,0.0306859205776173,0.0288808664259927,4.381483621942208e-05,0.0252707581227435,0.0001124431766243,0.0216606498194946,0.0001607608495106,0.0180505415162455,0.0001824127875257,0.0144404332129963,0.0001404501819919,0.0324909747292418,0.0001777183407879,0.036101083032491,0.000347567894663,0.0397111913357399,0.0005726905669991,0.0433212996389891,0.0003620280680159,0.0469314079422382,0.0006305823564296,1.0,1.0,1.0,1.0,1.0
65,10:40:36,3,0.0288808664259927,8550.0,0.0306859205776173,0.0288808664259927,4.9243788229117227e-05,0.0252707581227435,0.0001124431766243,0.0216606498194946,0.0001607608495106,0.0180505415162455,0.0001824127875257,0.0144404332129963,0.0001404501819919,0.0324909747292418,0.0001809757119937,0.036101083032491,0.0003507613958452,0.0397111913357399,0.0005726905669991,0.0433212996389891,0.0003620280680159,0.0469314079422382,0.0006305823564296,1.0,1.0,1.0,1.0,1.0
65,10:40:39,3,0.0324909747292418,17998.0,0.0306859205776173,0.0288808664259927,5.543918052253405e-05,0.0252707581227435,0.0001124431766243,0.0216606498194946,0.0001610801996288,0.0180505415162455,0.0001808160369346,0.0144404332129963,0.0001404501819919,0.0324909747292418,0.0001796025064854,0.036101083032491,0.0003507613958452,0.0397111913357399,0.0005728502420583,0.0433212996389891,0.0003620280680159,0.0469314079422382,0.0006309017065478,1.0,1.0,1.0,1.0,1.0
65,10:40:42,3,0.0324909747292418,572.0,0.0306859205776173,0.0288808664259927,5.559885558164273e-05,0.0252707581227435,0.0001124431766243,0.0216606498194946,0.0001610801996288,0.0180505415162455,0.0001808160369346,0.0144404332129963,0.0001404501819919,0.0324909747292418,0.0001795386364618,0.036101083032491,0.0003507613958452,0.0397111913357399,0.0005728502420583,0.0433212996389891,0.0003620280680159,0.0469314079422382,0.0006309017065478,1.0,1.0,1.0,1.0,1.0
65,10:40:45,3,0.0288808664259927,4275.0,0.0306859205776173,0.0288808664259927,5.639723087718613e-05,0.0252707581227435,0.0001185108288704,0.0216606498194946,0.0001612718096997,0.0180505415162455,0.0001808160369346,0.0144404332129963,0.0001404501819919,0.0324909747292418,0.0001794747664381,0.036101083032491,0.0003507613958452,0.0397111913357399,0.0005728502420583,0.0433212996389891,0.0003620280680159,0.0469314079422382,0.0006309017065478,1.0,1.0,1.0,1.0,1.0
65,10:40:48,3,0.0324909747292418,8577.0,0.0306859205776173,0.0288808664259927,5.655690593629482e-05,0.0252707581227435,0.0001185108288704,0.0216606498194946,0.0001612718096997,0.0180505415162455,0.0001792192863435,0.0144404332129963,0.0001404501819919,0.0324909747292418,0.0001792512213554,0.036101083032491,0.0003486856200768,0.0397111913357399,0.0005728502420583,0.0433212996389891,0.0003620280680159,0.0469314079422382,0.0006309017065478,1.0,1.0,1.0,1.0,1.0
65,10:40:51,3,0.0324909747292418,43472.0,0.0306859205776173,0.0288808664259927,5.655690593629482e-05,0.0252707581227435,0.0001185108288704,0.0216606498194946,0.0001612718096997,0.0180505415162455,0.0001792192863435,0.0144404332129963,0.0001404501819919,0.0324909747292418,0.0001743970995585,0.036101083032491,0.0003486856200768,0.0397111913357399,0.0005728502420583,0.0433212996389891,0.0003620280680159,0.0469314079422382,0.0006309017065478,1.0,1.0,1.0,1.0,1.0
65,10:40:54,3,0.0324909747292418,0.0,0.0306859205776173,0.0288808664259927,6.52751641636288e-05,0.0252707581227435,0.0001185108288704,0.0216606498194946,0.0001612718096997,0.0180505415162455,0.0001792192863435,0.0144404332129963,0.0001404501819919,0.0324909747292418,0.0001794747664381,0.036101083032491,0.0003486856200768,0.0397111913357399,0.000575405043004,0.0433212996389891,0.0003556410656515,0.0469314079422382,0.0006274527252711,1.0,1.0,1.0,1.0,1.0
65,10:40:57,3,0.0288808664259927,5421.0,0.0306859205776173,0.0288808664259927,6.939478068863277e-05,0.0252707581227435,0.0001185108288704,0.0216606498194946,0.0001612718096997,0.0180505415162455,0.0001792192863435,0.0144404332129963,0.0001404501819919,0.0324909747292418,0.0001796983115209,0.036101083032491,0.0003478553097694,0.0397111913357399,0.000575405043004,0.0433212996389891,0.0003556410656515,0.0469314079422382,0.0006267820900228,1.0,1.0,1.0,1.0,1.0
65,10:41:00,3,0.0324909747292418,71300.0,0.0306859205776173,0.0288808664259927,6.600966943552874e-05,0.0252707581227435,0.0001100799857495,0.0216606498194946,0.0001612718096997,0.0180505415162455,0.0001792192863435,0.0144404332129963,0.0001404501819919,0.0324909747292418,0.0001782293009771,0.036101083032491,0.000347216609533,0.0397111913357399,0.0005759798732168,0.0433212996389891,0.0003556410656515,0.0469314079422382,0.0006267820900228,1.0,1.0,1.0,1.0,1.0
65,10:41:03,3,0.0324909747292418,11992.0,0.0306859205776173,0.0288808664259927,6.645675960103304e-05,0.0252707581227435,0.0001100799857495,0.0216606498194946,0.0001614314847588,0.0180505415162455,0.0001792192863435,0.0144404332129963,0.0001404501819919,0.0324909747292418,0.0001840734081404,0.036101083032491,0.000347216609533,0.0397111913357399,0.0005756285880867,0.0433212996389891,0.0003556410656515,0.0469314079422382,0.0006267820900228,1.0,1.0,1.0,1.0,1.0
65,10:41:06,3,0.0324909747292418,0.0,0.0306859205776173,0.0288808664259927,7.086379123243263e-05,0.0252707581227435,0.0001100799857495,0.0216606498194946,0.0001614314847588,0.0180505415162455,0.0001792192863435,0.0144404332129963,0.0001404501819919,0.0324909747292418,0.0001840734081404,0.036101083032491,0.000347216609533,0.0397111913357399,0.0005756285880867,0.0433212996389891,0.0003556410656515,0.0469314079422382,0.0006267820900228,1.0,1.0,1.0,1.0,1.0
65,10:41:09,3,0.0324909747292418,75218.0,0.0306859205776173,0.0288808664259927,7.086379123243263e-05,0.0252707581227435,0.0001100799857495,0.0216606498194946,0.000161399549747,0.0180505415162455,0.0001798899215918,0.0144404332129963,0.0001404501819919,0.0324909747292418,0.0001756745000313,0.036101083032491,0.000347216609533,0.0397111913357399,0.0005755647180631,0.0433212996389891,0.0003556410656515,0.0469314079422382,0.0006292091509213,1.0,1.0,1.0,1.0,1.0
65,10:41:12,3,0.0324909747292418,0.0,0.0306859205776173,0.0288808664259927,7.118314135065e-05,0.0252707581227435,0.0001100799857495,0.0216606498194946,0.000161399549747,0.0180505415162455,0.0001798899215918,0.0144404332129963,0.0001404501819919,0.0324909747292418,0.0001766964204096,0.036101083032491,0.0003478872447812,0.0397111913357399,0.0005771614686542,0.0433212996389891,0.0003556410656515,0.0469314079422382,0.000628538515673,1.0,1.0,1.0,1.0,1.0
65,10:41:15,3,0.0324909747292418,49478.0,0.0306859205776173,0.0288808664259927,7.277989194173681e-05,0.0252707581227435,0.0001100799857495,0.0216606498194946,0.000161399549747,0.0180505415162455,0.0001798899215918,0.0144404332129963,0.0001404501819919,0.0324909747292418,0.0001714910134827,0.036101083032491,0.0003488772301477,0.0397111913357399,0.000577193403666,0.0433212996389891,0.0003556410656515,0.0469314079422382,0.0006282191655548,1.0,1.0,1.0,1.0,1.0
65,10:41:18,3,0.0288808664259927,285.0,0.0306859205776173,0.0288808664259927,7.277989194173681e-05,0.0252707581227435,0.0001100799857495,0.0216606498194946,0.000161399549747,0.0180505415162455,0.0001798899215918,0.0144404332129963,0.0001321470789183,0.0324909747292418,0.0001834027728922,0.036101083032491,0.0003488772301477,0.0397111913357399,0.000577193403666,0.0433212996389891,0.0003556410656515,0.0469314079422382,0.0006282191655548,1.0,1.0,1.0,1.0,1.0
65,10:41:21,3,0.0288808664259927,0.0,0.0306859205776173,0.0288808664259927,7.277989194173681e-05,0.0252707581227435,0.0001100799857495,0.0216606498194946,0.000161399549747,0.0180505415162455,0.0001798899215918,0.0144404332129963,0.0001321470789183,0.0324909747292418,0.0001929832764387,0.036101083032491,0.0003360393553954,0.0397111913357399,0.000577193403666,0.0433212996389891,0.0003556410656515,0.0469314079422382,0.0006282191655548,1.0,1.0,1.0,1.0,1.0
65,10:41:24,3,0.0324909747292418,28886.0,0.0306859205776173,0.0288808664259927,7.437664253282361e-05,0.0252707581227435,0.0001098883756785,0.0216606498194946,0.000161399549747,0.0180505415162455,0.0001798899215918,0.0144404332129963,0.0001321470789183,0.0324909747292418,0.0001929832764387,0.036101083032491,0.0003360393553954,0.0397111913357399,0.0005766185734532,0.0433212996389891,0.0003556410656515,0.0469314079422382,0.0006282191655548,1.0,1.0,1.0,1.0,1.0
65,10:41:27,3,0.0288808664259927,9995.0,0.0306859205776173,0.0288808664259927,7.044863607875007e-05,0.0252707581227435,0.0001098883756785,0.0216606498194946,0.000161399549747,0.0180505415162455,0.0001798899215918,0.0144404332129963,0.0001322109489419,0.0324909747292418,0.0001939413267934,0.036101083032491,0.0003328458542132,0.0397111913357399,0.0005781195190088,0.0433212996389891,0.0003556410656515,0.0469314079422382,0.0006283469056021,1.0,1.0,1.0,1.0,1.0
65,10:41:30,3,0.0288808664259927,399.0,0.0306859205776173,0.0288808664259927,7.155358748778213e-05,0.0252707581227435,0.000112666721707,0.0216606498194946,0.0001617188998652,0.0180505415162455,0.0001798899215918,0.0144404332129963,0.0001322109489419,0.0324909747292418,0.0002079607969831,0.036101083032491,0.0003331652043314,0.0397111913357399,0.0005784388691271,0.0433212996389891,0.0003556410656515,0.0469314079422382,0.0006285065806612,1.0,1.0,1.0,1.0,1.0
65,10:41:33,3,0.0288808664259927,0.0,0.0306859205776173,0.0288808664259927,6.535819519436532e-05,0.0252707581227435,0.000112666721707,0.0216606498194946,0.0001617188998652,0.0180505415162455,0.0001798899215918,0.0144404332129963,0.0001322109489419,0.0324909747292418,0.0002079607969831,0.036101083032491,0.0003347619549225,0.0397111913357399,0.0005784388691271,0.0433212996389891,0.0003556410656515,0.0469314079422382,0.0006285065806612,1.0,1.0,1.0,1.0,1.0
65,10:41:36,3,0.0324909747292418,1715.0,0.0306859205776173,0.0288808664259927,5.309515065481861e-05,0.0252707581227435,0.000112666721707,0.0216606498194946,0.0001617188998652,0.0180505415162455,0.0001798899215918,0.0144404332129963,0.0001322109489419,0.0324909747292418,0.0002081843420658,0.036101083032491,0.0003347619549225,0.0397111913357399,0.0005784388691271,0.0433212996389891,0.0003556410656515,0.0469314079422382,0.0006285065806612,1.0,1.0,1.0,1.0,1.0
65,10:41:39,3,0.0324909747292418,0.0,0.0306859205776173,0.0288808664259927,8.503016247655481e-05,0.0252707581227435,0.000112666721707,0.0216606498194946,0.0001617188998652,0.0180505415162455,0.0001798899215918,0.0144404332129963,0.0001322109489419,0.0324909747292418,0.0002081843420658,0.036101083032491,0.0003347619549225,0.0397111913357399,0.0005800356197181,0.0433212996389891,0.0003556410656515,0.0469314079422382,0.0006285065806612,1.0,1.0,1.0,1.0,1.0
65,10:41:42,3,0.0324909747292418,0.0,0.0306859205776173,0.0288808664259927,8.550918765388086e-05,0.0252707581227435,0.000112666721707,0.0216606498194946,0.0001617188998652,0.0180505415162455,0.0001798899215918,0.0144404332129963,0.0001322109489419,0.0324909747292418,0.0002110584931298,0.036101083032491,0.0003347619549225,0.0397111913357399,0.0005800356197181,0.0433212996389891,0.0003556410656515,0.0469314079422382,0.0006285065806612,1.0,1.0,1.0,1.0,1.0
65,10:41:45,3,0.0324909747292418,20878.0,0.0306859205776173,0.0288808664259927,8.627562793760253e-05,0.0252707581227435,0.000112666721707,0.0216606498194946,0.0001631559753972,0.0180505415162455,0.0001798899215918,0.0144404332129963,0.0001322109489419,0.0324909747292418,0.0002109626880943,0.036101083032491,0.0003347619549225,0.0397111913357399,0.0005800356197181,0.0433212996389891,0.0003556410656515,0.0469314079422382,0.0006301033312523,1.0,1.0,1.0,1.0,1.0
65,10:41:48,3,0.0288808664259927,12257.0,0.0306859205776173,0.0288808664259927,5.303128063117514e-05,0.0252707581227435,0.000112666721707,0.0216606498194946,0.0001631559753972,0.0180505415162455,0.0001798899215918,0.0144404332129963,0.0001322109489419,0.0324909747292418,0.0002194893362507,0.036101083032491,0.0003347619549225,0.0397111913357399,0.0005781195190088,0.0433212996389891,0.0003556410656515,0.0469314079422382,0.0006301033312523,1.0,1.0,1.0,1.0,1.0
65,10:41:51,3,0.0288808664259927,31350.0,0.0306859205776173,0.0288808664259927,4.951842933078416e-05,0.0252707581227435,0.0001065990694609,0.0216606498194946,0.0001631559753972,0.0180505415162455,0.0001798899215918,0.0144404332129963,0.0001322109489419,0.0324909747292418,0.0002202877115463,0.036101083032491,0.0003347619549225,0.0397111913357399,0.0005925222093404,0.0433212996389891,0.0003556410656515,0.0469314079422382,0.0006301033312523,1.0,1.0,1.0,1.0,1.0
65,10:41:54,3,0.0288808664259927,80955.0,0.0306859205776173,0.0288808664259927,4.121532625713274e-05,0.0252707581227435,0.0001075571198156,0.0216606498194946,0.0001631559753972,0.0180505415162455,0.0001798899215918,0.0144404332129963,0.0001322109489419,0.0324909747292418,0.0002198406213808,0.036101083032491,0.0003347619549225,0.0397111913357399,0.0005912448088676,0.0433212996389891,0.0003556410656515,0.0469314079422382,0.0006304226813705,1.0,1.0,1.0,1.0,1.0
65,10:41:57,3,0.0324909747292418,20012.0,0.0306859205776173,0.0288808664259927,4.0959846162558856e-05,0.0252707581227435,0.0001075571198156,0.0216606498194946,0.0001631559753972,0.0180505415162455,0.0001798899215918,0.0144404332129963,0.0001322109489419,0.0324909747292418,0.0002213096319246,0.036101083032491,0.0003360393553954,0.0397111913357399,0.0005912448088676,0.0433212996389891,0.0003556410656515,0.0469314079422382,0.0006325623271625,1.0,1.0,1.0,1.0,1.0
65,10:42:00,3,0.0288808664259927,6841.0,0.0306859205776173,0.0288808664259927,4.032114592612413e-05,0.0252707581227435,0.0001075571198156,0.0216606498194946,0.0001647527259883,0.0180505415162455,0.0001798899215918,0.0144404332129963,0.0001296561479962,0.0324909747292418,0.0002222357472674,0.036101083032491,0.0003360393553954,0.0397111913357399,0.0005912448088676,0.0433212996389891,0.0003556410656515,0.0469314079422382,0.0006341590777536,1.0,1.0,1.0,1.0,1.0
65,10:42:03,3,0.0324909747292418,11138.0,0.0306859205776173,0.0288808664259927,3.981018573697635e-05,0.0252707581227435,0.0001075571198156,0.0216606498194946,0.0001647527259883,0.0180505415162455,0.0001798899215918,0.0144404332129963,0.0001296561479962,0.0324909747292418,0.0002276327642653,0.036101083032491,0.0003312491036221,0.0397111913357399,0.0005912448088676,0.0433212996389891,0.0003556410656515,0.0469314079422382,0.0006341590777536,1.0,1.0,1.0,1.0,1.0
65,10:42:06,3,0.0324909747292418,0.0,0.0306859205776173,0.0288808664259927,3.981018573697635e-05,0.0252707581227435,0.0001079084049456,0.0216606498194946,0.0001647527259883,0.0180505415162455,0.0001798899215918,0.0144404332129963,0.0001296561479962,0.0324909747292418,0.0002296766050219,0.036101083032491,0.0003312491036221,0.0397111913357399,0.0005912448088676,0.0433212996389891,0.0003556410656515,0.0469314079422382,0.0006341590777536,1.0,1.0,1.0,1.0,1.0
65,10:42:09,3,0.0324909747292418,572.0,0.0306859205776173,0.0288808664259927,4.012953585519372e-05,0.0252707581227435,0.0001152853926764,0.0216606498194946,0.0001647527259883,0.0180505415162455,0.0001798899215918,0.0144404332129963,0.0001296561479962,0.0324909747292418,0.0002328062361804,0.036101083032491,0.0003312491036221,0.0397111913357399,0.000590989328773,0.0433212996389891,0.0003751533578746,0.0469314079422382,0.0006341590777536,1.0,1.0,1.0,1.0,1.0
65,10:42:12,3,0.0288808664259927,5700.0,0.0306859205776173,0.0288808664259927,4.562235788853234e-05,0.0252707581227435,0.0001145189523927,0.0216606498194946,0.0001647527259883,0.0180505415162455,0.0001798899215918,0.0144404332129963,0.0001296561479962,0.0324909747292418,0.0002397361337457,0.036101083032491,0.0003312491036221,0.0397111913357399,0.0005903506285366,0.0433212996389891,0.0003752172278983,0.0469314079422382,0.0006342229477773,1.0,1.0,1.0,1.0,1.0
65,10:42:15,3,0.0324909747292418,188942.0,0.0306859205776173,0.0288808664259927,4.325916701372386e-05,0.0252707581227435,0.0001113254512105,0.0216606498194946,0.0001647527259883,0.0180505415162455,0.0001798899215918,0.0144404332129963,0.0001296561479962,0.0324909747292418,0.0002227147724447,0.036101083032491,0.0003312491036221,0.0397111913357399,0.0005916280290094,0.0433212996389891,0.0003752172278983,0.0469314079422382,0.0006342229477773,1.0,1.0,1.0,1.0,1.0
65,10:42:18,3,0.0324909747292418,13728.0,0.0306859205776173,0.0288808664259927,4.581396795946276e-05,0.0252707581227435,0.0001113254512105,0.0216606498194946,0.0001575354133166,0.0180505415162455,0.0001798899215918,0.0144404332129963,0.0001296561479962,0.0324909747292418,0.0002320397958967,0.036101083032491,0.0003312491036221,0.0397111913357399,0.0005916280290094,0.0433212996389891,0.0003752172278983,0.0469314079422382,0.0006342229477773,1.0,1.0,1.0,1.0,1.0
65,10:42:21,3,0.0324909747292418,3137.0,0.0306859205776173,0.0288808664259927,4.552655285306713e-05,0.0252707581227435,0.0001113254512105,0.0216606498194946,0.0001600902142623,0.0180505415162455,0.0001798899215918,0.0144404332129963,0.0001296561479962,0.0324909747292418,0.0002324868860622,0.036101083032491,0.0003312491036221,0.0397111913357399,0.000577544688796,0.0433212996389891,0.0003752172278983,0.0469314079422382,0.0006342229477773,1.0,1.0,1.0,1.0,1.0
65,10:42:24,3,0.0288808664259927,92952.0,0.0306859205776173,0.0288808664259927,3.629733443658537e-05,0.0252707581227435,0.0001113254512105,0.0216606498194946,0.0001607289144987,0.0180505415162455,0.0001798899215918,0.0144404332129963,0.0001296561479962,0.0324909747292418,0.0002354568421616,0.036101083032491,0.0003312491036221,0.0397111913357399,0.000577544688796,0.0433212996389891,0.0003752172278983,0.0469314079422382,0.0006342229477773,1.0,1.0,1.0,1.0,1.0
65,10:42:27,3,0.0288808664259927,144952.0,0.0306859205776173,0.0288808664259927,3.4700583845498555e-05,0.0252707581227435,0.0001113254512105,0.0216606498194946,0.0001607289144987,0.0180505415162455,0.00018020927171,0.0144404332129963,0.0001296561479962,0.0324909747292418,0.0002208625417591,0.036101083032491,0.0003302910532674,0.0397111913357399,0.000577544688796,0.0433212996389891,0.0003752172278983,0.0469314079422382,0.0006342229477773,1.0,1.0,1.0,1.0,1.0
65,10:42:30,3,0.0288808664259927,51873.0,0.0306859205776173,0.0288808664259927,2.930356684762514e-05,0.0252707581227435,0.0001269097369795,0.0216606498194946,0.0001607289144987,0.0180505415162455,0.00018020927171,0.0144404332129963,0.0001296561479962,0.0324909747292418,0.0002238644328703,0.036101083032491,0.0003302910532674,0.0397111913357399,0.000577544688796,0.0433212996389891,0.0003752172278983,0.0469314079422382,0.0006342229477773,1.0,1.0,1.0,1.0,1.0
65,10:42:33,3,0.0288808664259927,57858.0,0.0306859205776173,0.0288808664259927,2.3555264719712622e-05,0.0252707581227435,0.0001267500619204,0.0216606498194946,0.0001621021200071,0.0180505415162455,0.000178772196178,0.0144404332129963,0.0001296561479962,0.0324909747292418,0.0002237686278349,0.036101083032491,0.0003306104033857,0.0397111913357399,0.000577544688796,0.0433212996389891,0.0003752172278983,0.0469314079422382,0.0006342229477773,1.0,1.0,1.0,1.0,1.0
65,10:42:36,3,0.0324909747292418,23713.0,0.0306859205776173,0.0288808664259927,2.6237805712738464e-05,0.0252707581227435,0.0001267500619204,0.0216606498194946,0.0001621021200071,0.0180505415162455,0.000178772196178,0.0144404332129963,0.0001296561479962,0.0324909747292418,0.0002399277438167,0.036101083032491,0.0003306104033857,0.0397111913357399,0.000577544688796,0.0433212996389891,0.0003752172278983,0.0469314079422382,0.0006342229477773,1.0,1.0,1.0,1.0,1.0
65,10:42:39,3,0.0324909747292418,0.0,0.0306859205776173,0.0288808664259927,2.684457093735145e-05,0.0252707581227435,0.0001267500619204,0.0216606498194946,0.0001621021200071,0.0180505415162455,0.000178772196178,0.0144404332129963,0.0001296561479962,0.0324909747292418,0.0002413967543605,0.036101083032491,0.0003306104033857,0.0397111913357399,0.0005781195190088,0.0433212996389891,0.0003752172278983,0.0469314079422382,0.0006345422978955,1.0,1.0,1.0,1.0,1.0
65,10:42:42,3,0.0324909747292418,1711.0,0.0306859205776173,0.0288808664259927,2.6684895878242773e-05,0.0252707581227435,0.0001267500619204,0.0216606498194946,0.0001621021200071,0.0180505415162455,0.000178772196178,0.0144404332129963,0.0001296561479962,0.0324909747292418,0.0002412690143132,0.036101083032491,0.0003306104033857,0.0397111913357399,0.0005816962403329,0.0433212996389891,0.0003752172278983,0.0469314079422382,0.0006345422978955,1.0,1.0,1.0,1.0,1.0
65,10:42:45,3,0.0324909747292418,14872.0,0.0306859205776173,0.0288808664259927,2.6684895878242773e-05,0.0252707581227435,0.0001267500619204,0.0216606498194946,0.0001621021200071,0.0180505415162455,0.0001779738208825,0.0144404332129963,0.0001296561479962,0.0324909747292418,0.000243089309987,0.036101083032491,0.0003306104033857,0.0397111913357399,0.0005834846009949,0.0433212996389891,0.0003752172278983,0.0469314079422382,0.000632115236997,1.0,1.0,1.0,1.0,1.0
65,10:42:48,3,0.0288808664259927,24510.0,0.0306859205776173,0.0288808664259927,2.492847022804728e-05,0.0252707581227435,0.0001268778019677,0.0216606498194946,0.0001623256650898,0.0180505415162455,0.0001779738208825,0.0144404332129963,0.0001296561479962,0.0324909747292418,0.0002438238152589,0.036101083032491,0.0003306104033857,0.0397111913357399,0.0005829097707821,0.0433212996389891,0.0003752172278983,0.0469314079422382,0.000632115236997,1.0,1.0,1.0,1.0,1.0
65,10:42:51,3,0.0324909747292418,4576.0,0.0306859205776173,0.0288808664259927,2.5567170464482005e-05,0.0252707581227435,0.0001268778019677,0.0216606498194946,0.0001623256650898,0.0180505415162455,0.0001779738208825,0.0144404332129963,0.0001296561479962,0.0324909747292418,0.0002451012157318,0.036101083032491,0.0003293330029128,0.0397111913357399,0.0005829097707821,0.0433212996389891,0.0003752172278983,0.0469314079422382,0.000632115236997,1.0,1.0,1.0,1.0,1.0
65,10:42:54,3,0.0288808664259927,19970.0,0.0306859205776173,0.0288808664259927,2.69723109846384e-05,0.0252707581227435,0.0001268778019677,0.0216606498194946,0.0001623256650898,0.0180505415162455,0.0001779738208825,0.0144404332129963,0.0001296561479962,0.0324909747292418,0.0002428976999161,0.036101083032491,0.0003299717031492,0.0397111913357399,0.0005829097707821,0.0433212996389891,0.0003787939492223,0.0469314079422382,0.000632115236997,1.0,1.0,1.0,1.0,1.0
65,10:42:57,3,0.0324909747292418,572.0,0.0306859205776173,0.0288808664259927,2.8090036398399164e-05,0.0252707581227435,0.0001268778019677,0.0216606498194946,0.0001623256650898,0.0180505415162455,0.0001779738208825,0.0144404332129963,0.0001296561479962,0.0324909747292418,0.0002410774042422,0.036101083032491,0.0003299717031492,0.0397111913357399,0.0005825904206639,0.0433212996389891,0.0003787939492223,0.0469314079422382,0.000632115236997,1.0,1.0,1.0,1.0,1.0
65,10:43:00,3,0.0324909747292418,14275.0,0.0306859205776173,0.0288808664259927,2.805810138657743e-05,0.0252707581227435,0.0001268778019677,0.0216606498194946,0.0001623256650898,0.0180505415162455,0.0001779738208825,0.0144404332129963,0.0001296561479962,0.0324909747292418,0.0002409177291831,0.036101083032491,0.0003299717031492,0.0397111913357399,0.0005825904206639,0.0433212996389891,0.0003787939492223,0.0469314079422382,0.000632115236997,1.0,1.0,1.0,1.0,1.0
65,10:43:03,3,0.0324909747292418,0.0,0.0306859205776173,0.0288808664259927,2.805810138657743e-05,0.0252707581227435,0.0001268778019677,0.0216606498194946,0.0001622617950662,0.0180505415162455,0.0001774947957052,0.0144404332129963,0.0001296561479962,0.0324909747292418,0.0002502427526351,0.036101083032491,0.0003299717031492,0.0397111913357399,0.0005825904206639,0.0433212996389891,0.0003851809515866,0.0469314079422382,0.0006330732873517,1.0,1.0,1.0,1.0,1.0
65,10:43:06,3,0.0288808664259927,50160.0,0.0306859205776173,0.0288808664259927,2.275688942416922e-05,0.0252707581227435,0.0001268778019677,0.0216606498194946,0.0001622617950662,0.0180505415162455,0.0001774947957052,0.0144404332129963,0.0001296561479962,0.0324909747292418,0.0002650605981204,0.036101083032491,0.0003299717031492,0.0397111913357399,0.0005825904206639,0.0433212996389891,0.0003851809515866,0.0469314079422382,0.0006330732873517,1.0,1.0,1.0,1.0,1.0
65,10:43:09,3,0.0324909747292418,37130.0,0.0306859205776173,0.0288808664259927,2.230979925866491e-05,0.0252707581227435,0.0001265584518495,0.0216606498194946,0.0001627408202435,0.0180505415162455,0.0001771754455869,0.0144404332129963,0.0001296561479962,0.0324909747292418,0.0002626974072456,0.036101083032491,0.0003299717031492,0.0397111913357399,0.0005825904206639,0.0433212996389891,0.0003851809515866,0.0469314079422382,0.0006330732873517,1.0,1.0,1.0,1.0,1.0
65,10:43:12,3,0.0288808664259927,5700.0,0.0306859205776173,0.0288808664259927,2.400235488521693e-05,0.0252707581227435,0.0001265584518495,0.0216606498194946,0.0001627408202435,0.0180505415162455,0.0001771115755633,0.0144404332129963,0.0001296561479962,0.0324909747292418,0.0002808364939603,0.036101083032491,0.000329652353031,0.0397111913357399,0.0005825904206639,0.0433212996389891,0.0003851809515866,0.0469314079422382,0.0006330732873517,1.0,1.0,1.0,1.0,1.0
65,10:43:15,3,0.0324909747292418,572.0,0.0306859205776173,0.0288808664259927,2.400235488521693e-05,0.0252707581227435,0.0001264307118022,0.0216606498194946,0.0001627408202435,0.0180505415162455,0.0001771115755633,0.0144404332129963,0.0001296561479962,0.0324909747292418,0.0002809642340076,0.036101083032491,0.000329652353031,0.0397111913357399,0.0005825904206639,0.0433212996389891,0.0003851809515866,0.0469314079422382,0.0006330732873517,1.0,1.0,1.0,1.0,1.0
65,10:43:18,3,0.0288808664259927,13110.0,0.0306859205776173,0.0288808664259927,2.2533344341417063e-05,0.0252707581227435,0.0001264307118022,0.0216606498194946,0.0001629963003381,0.0180505415162455,0.0001771115755633,0.0144404332129963,0.0001296561479962,0.0324909747292418,0.000282688724646,0.036101083032491,0.000329652353031,0.0397111913357399,0.000582750095723,0.0433212996389891,0.0003851809515866,0.0469314079422382,0.0006308378365242,1.0,1.0,1.0,1.0,1.0
65,10:43:21,3,0.0324909747292418,3718.0,0.0306859205776173,0.0288808664259927,2.29165644832779e-05,0.0252707581227435,0.0001264307118022,0.0216606498194946,0.0001629324303144,0.0180505415162455,0.0001771115755633,0.0144404332129963,0.0001296561479962,0.0324909747292418,0.000282497114575,0.036101083032491,0.000329652353031,0.0397111913357399,0.000582750095723,0.0433212996389891,0.0003851809515866,0.0469314079422382,0.0006344784278718,1.0,1.0,1.0,1.0,1.0
65,10:43:24,3,0.0324909747292418,58430.0,0.0306859205776173,0.0288808664259927,2.2884629471456164e-05,0.0252707581227435,0.0001263987767904,0.0216606498194946,0.0001629324303144,0.0180505415162455,0.0001771754455869,0.0144404332129963,0.0001296561479962,0.0324909747292418,0.0002826567896341,0.036101083032491,0.000329652353031,0.0397111913357399,0.0005859435969052,0.0433212996389891,0.0003870970522959,0.0469314079422382,0.0006344784278718,1.0,1.0,1.0,1.0,1.0
65,10:43:27,3,0.0324909747292418,1144.0,0.0306859205776173,0.0288808664259927,2.3044304530564843e-05,0.0252707581227435,0.0001263987767904,0.0216606498194946,0.0001621979250425,0.0180505415162455,0.0001774947957052,0.0144404332129963,0.0001296561479962,0.0324909747292418,0.0002823374395159,0.036101083032491,0.0003295246129837,0.0397111913357399,0.0005859435969052,0.0433212996389891,0.0003870970522959,0.0469314079422382,0.0006338397276354,1.0,1.0,1.0,1.0,1.0
65,10:43:30,3,0.0288808664259927,3135.0,0.0306859205776173,0.0288808664259927,2.2693019400525743e-05,0.0252707581227435,0.0001270694120386,0.0216606498194946,0.0001626450152081,0.0180505415162455,0.0001774947957052,0.0144404332129963,0.0001296561479962,0.0324909747292418,0.0002847325654026,0.036101083032491,0.0003245108161277,0.0397111913357399,0.0005860394019406,0.0433212996389891,0.0003877357525324,0.0469314079422382,0.0006340313377063,1.0,1.0,1.0,1.0,1.0
65,10:43:33,3,0.0288808664259927,0.0,0.0306859205776173,0.0288808664259927,2.9622916965842502e-05,0.0252707581227435,0.0001270694120386,0.0216606498194946,0.0001628685602908,0.0180505415162455,0.0001774947957052,0.0144404332129963,0.0001296561479962,0.0324909747292418,0.0002860099658754,0.036101083032491,0.0003245108161277,0.0397111913357399,0.0005860394019406,0.0433212996389891,0.0003877357525324,0.0469314079422382,0.0006340313377063,1.0,1.0,1.0,1.0,1.0
65,10:43:36,3,0.0288808664259927,1142.0,0.0306859205776173,0.0288808664259927,2.955904694219903e-05,0.0252707581227435,0.0001302629132208,0.0216606498194946,0.0001628685602908,0.0180505415162455,0.0001774947957052,0.0144404332129963,0.0001296561479962,0.0324909747292418,0.0002896824922349,0.036101083032491,0.0003245108161277,0.0397111913357399,0.0005860394019406,0.0433212996389891,0.0003877357525324,0.0469314079422382,0.0006340313377063,1.0,1.0,1.0,1.0,1.0
65,10:43:39,3,0.0288808664259927,5700.0,0.0306859205776173,0.0288808664259927,3.220965292340313e-05,0.0252707581227435,0.0001302629132208,0.0216606498194946,0.0001628685602908,0.0180505415162455,0.0001774309256815,0.0144404332129963,0.0001296561479962,0.0324909747292418,0.0002897782972704,0.036101083032491,0.0003245108161277,0.0397111913357399,0.0005860394019406,0.0433212996389891,0.0003877357525324,0.0469314079422382,0.0006343506878246,1.0,1.0,1.0,1.0,1.0
65,10:43:42,3,0.0288808664259927,7125.0,0.0306859205776173,0.0288808664259927,3.141127762785973e-05,0.0252707581227435,0.0001302629132208,0.0216606498194946,0.0001628685602908,0.0180505415162455,0.0001774309256815,0.0144404332129963,0.0001296561479962,0.0324909747292418,0.0002910556977433,0.036101083032491,0.0003238401808794,0.0397111913357399,0.0005860394019406,0.0433212996389891,0.0003877357525324,0.0469314079422382,0.0006343506878246,1.0,1.0,1.0,1.0,1.0
65,10:43:45,3,0.0288808664259927,24225.0,0.0306859205776173,0.0288808664259927,3.029355221409896e-05,0.0252707581227435,0.0001302629132208,0.0216606498194946,0.0001628685602908,0.0180505415162455,0.0001774309256815,0.0144404332129963,0.0001296561479962,0.0324909747292418,0.0002872554313365,0.036101083032491,0.0003244788811159,0.0397111913357399,0.0005860394019406,0.0433212996389891,0.0003877357525324,0.0469314079422382,0.0006343506878246,1.0,1.0,1.0,1.0,1.0
65,10:43:48,3,0.0324909747292418,858.0,0.0306859205776173,0.0288808664259927,3.042129226138591e-05,0.0252707581227435,0.0001317638587764,0.0216606498194946,0.0001623895351135,0.0180505415162455,0.0001774309256815,0.0144404332129963,0.0001296561479962,0.0324909747292418,0.0002935466286653,0.036101083032491,0.0003196886293426,0.0397111913357399,0.0005860394019406,0.0433212996389891,0.0003878634925797,0.0469314079422382,0.0006343506878246,1.0,1.0,1.0,1.0,1.0
65,10:43:51,3,0.0324909747292418,4862.0,0.0306859205776173,0.0288808664259927,3.042129226138591e-05,0.0252707581227435,0.0001317638587764,0.0216606498194946,0.0001623895351135,0.0180505415162455,0.0001774309256815,0.0144404332129963,0.0001296561479962,0.0324909747292418,0.000293961783819,0.036101083032491,0.0003196886293426,0.0397111913357399,0.0005828459007585,0.0433212996389891,0.0003878634925797,0.0469314079422382,0.0006343506878246,1.0,1.0,1.0,1.0,1.0
65,10:43:54,3,0.0288808664259927,38760.0,0.0306859205776173,0.0288808664259927,2.6078130653629785e-05,0.0252707581227435,0.0001317638587764,0.0216606498194946,0.0001623895351135,0.0180505415162455,0.0001774947957052,0.0144404332129963,0.0001296561479962,0.0324909747292418,0.0002946324190673,0.036101083032491,0.0003190499291062,0.0397111913357399,0.0005828459007585,0.0433212996389891,0.0003878634925797,0.0469314079422382,0.0006343506878246,1.0,1.0,1.0,1.0,1.0
65,10:43:57,3,0.0288808664259927,5985.0,0.0306859205776173,0.0288808664259927,3.1954172828829243e-05,0.0252707581227435,0.0001317638587764,0.0216606498194946,0.0001621659900307,0.0180505415162455,0.0001774947957052,0.0144404332129963,0.0001296561479962,0.0324909747292418,0.0003021690818572,0.036101083032491,0.0003190499291062,0.0397111913357399,0.0005828459007585,0.0433212996389891,0.0003878634925797,0.0469314079422382,0.0006343506878246,1.0,1.0,1.0,1.0,1.0
65,10:44:00,3,0.0324909747292418,572.0,0.0306859205776173,0.0288808664259927,3.1954172828829243e-05,0.0252707581227435,0.0001308058084218,0.0216606498194946,0.0001621659900307,0.0180505415162455,0.0001774947957052,0.0144404332129963,0.0001296561479962,0.0324909747292418,0.0003005084612425,0.036101083032491,0.0003190499291062,0.0397111913357399,0.0005828459007585,0.0433212996389891,0.0003878634925797,0.0469314079422382,0.0006365861386521,1.0,1.0,1.0,1.0,1.0
65,10:44:03,3,0.0288808664259927,5700.0,0.0306859205776173,0.0288808664259927,3.1634822710611885e-05,0.0252707581227435,0.0001308058084218,0.0216606498194946,0.0001621659900307,0.0180505415162455,0.0001774947957052,0.0144404332129963,0.0001296561479962,0.0324909747292418,0.0003024245619518,0.036101083032491,0.0003190499291062,0.0397111913357399,0.0005828459007585,0.0433212996389891,0.0003878634925797,0.0469314079422382,0.0006365861386521,1.0,1.0,1.0,1.0,1.0
65,10:44:06,3,0.0288808664259927,2850.0,0.0306859205776173,0.0288808664259927,3.2624808077085705e-05,0.0252707581227435,0.000132562234072,0.0216606498194946,0.0001621659900307,0.0180505415162455,0.0001774947957052,0.0144404332129963,0.0001296561479962,0.0324909747292418,0.0002854990056863,0.036101083032491,0.0003190499291062,0.0397111913357399,0.0005828459007585,0.0433212996389891,0.0003878634925797,0.0469314079422382,0.0006365861386521,1.0,1.0,1.0,1.0,1.0
65,10:44:09,3,0.0324909747292418,79856.0,0.0306859205776173,0.0288808664259927,2.933550185944688e-05,0.0252707581227435,0.0001326899741193,0.0216606498194946,0.0001621659900307,0.0180505415162455,0.0001774947957052,0.0144404332129963,0.0001296561479962,0.0324909747292418,0.000289490882164,0.036101083032491,0.0003190499291062,0.0397111913357399,0.0005836762110658,0.0433212996389891,0.0003878634925797,0.0469314079422382,0.0006365861386521,1.0,1.0,1.0,1.0,1.0
65,10:44:12,3,0.0324909747292418,67057.0,0.0306859205776173,0.0288808664259927,2.444944505072124e-05,0.0252707581227435,0.0001330093242375,0.0216606498194946,0.0001621659900307,0.0180505415162455,0.0001774947957052,0.0144404332129963,0.0001296561479962,0.0324909747292418,0.00028591416084,0.036101083032491,0.0003190499291062,0.0397111913357399,0.0005837400810895,0.0433212996389891,0.0003878634925797,0.0469314079422382,0.0006365861386521,1.0,1.0,1.0,1.0,1.0
65,10:44:15,3,0.0324909747292418,239096.0,0.0306859205776173,0.0288808664259927,2.444944505072124e-05,0.0252707581227435,0.0001326899741193,0.0216606498194946,0.0001624214701253,0.0180505415162455,0.0001774947957052,0.0144404332129963,0.0001296561479962,0.0324909747292418,0.0002588332708151,0.036101083032491,0.0003152177276876,0.0397111913357399,0.0005837400810895,0.0433212996389891,0.0003878634925797,0.0469314079422382,0.0006365861386521,1.0,1.0,1.0,1.0,1.0
65,10:44:18,3,0.0324909747292418,4862.0,0.0306859205776173,0.0288808664259927,2.444944505072124e-05,0.0252707581227435,0.0001326899741193,0.0216606498194946,0.0001621021200071,0.0180505415162455,0.0001772393156106,0.0144404332129963,0.0001296561479962,0.0324909747292418,0.0002588652058269,0.036101083032491,0.0003168144782787,0.0397111913357399,0.0005837400810895,0.0433212996389891,0.0003878634925797,0.0469314079422382,0.0006365861386521,1.0,1.0,1.0,1.0,1.0
65,10:44:21,3,0.0288808664259927,28500.0,0.0306859205776173,0.0288808664259927,2.5407495405373323e-05,0.0252707581227435,0.0001328496491784,0.0216606498194946,0.0001621021200071,0.0180505415162455,0.0001772393156106,0.0144404332129963,0.0001296561479962,0.0324909747292418,0.0002591845559452,0.036101083032491,0.0003168144782787,0.0397111913357399,0.0005837400810895,0.0433212996389891,0.0003878634925797,0.0469314079422382,0.0006365861386521,1.0,1.0,1.0,1.0,1.0
65,10:44:24,3,0.0324909747292418,22582.0,0.0306859205776173,0.0288808664259927,2.805810138657743e-05,0.0252707581227435,0.0001328496491784,0.0216606498194946,0.0001621021200071,0.0180505415162455,0.0001772393156106,0.0144404332129963,0.0001296561479962,0.0324909747292418,0.0002580348955196,0.036101083032491,0.0003192415391771,0.0397111913357399,0.0005855923117751,0.0433212996389891,0.0003878634925797,0.0469314079422382,0.0006365861386521,1.0,1.0,1.0,1.0,1.0
65,10:44:27,3,0.0288808664259927,28500.0,0.0306859205776173,0.0288808664259927,3.4604778810033346e-05,0.0252707581227435,0.0001172653634094,0.0216606498194946,0.0001618785749243,0.0180505415162455,0.0001772393156106,0.0144404332129963,0.0001296561479962,0.0324909747292418,0.0002614200067727,0.036101083032491,0.0003393605966248,0.0397111913357399,0.0005834207309712,0.0433212996389891,0.0003878634925797,0.0469314079422382,0.0006365861386521,1.0,1.0,1.0,1.0,1.0
65,10:44:30,3,0.0288808664259927,0.0,0.0306859205776173,0.0288808664259927,3.4732518857320294e-05,0.0252707581227435,0.0001172653634094,0.0216606498194946,0.0001618785749243,0.0180505415162455,0.0001772393156106,0.0144404332129963,0.0001296561479962,0.0324909747292418,0.0002614200067727,0.036101083032491,0.0003393605966248,0.0397111913357399,0.0005834207309712,0.0433212996389891,0.0003878634925797,0.0469314079422382,0.0006328497422689,1.0,1.0,1.0,1.0,1.0
65,10:44:33,3,0.0288808664259927,32875.0,0.0306859205776173,0.0288808664259927,4.1183391245311006e-05,0.0252707581227435,0.0001172653634094,0.0216606498194946,0.0001618785749243,0.0180505415162455,0.0001809118419701,0.0144404332129963,0.0001320512738828,0.0324909747292418,0.0002588652058269,0.036101083032491,0.0003345703448516,0.0397111913357399,0.0005834207309712,0.0433212996389891,0.0003878634925797,0.0469314079422382,0.0006329455473044,1.0,1.0,1.0,1.0,1.0
65,10:44:36,3,0.0324909747292418,12298.0,0.0306859205776173,0.0288808664259927,8.496629245291135e-05,0.0252707581227435,0.0001172653634094,0.0216606498194946,0.0001618785749243,0.0180505415162455,0.0001809118419701,0.0144404332129963,0.0001320512738828,0.0324909747292418,0.0002572684552359,0.036101083032491,0.0003345703448516,0.0397111913357399,0.0005811852801437,0.0433212996389891,0.0003559284807579,0.0469314079422382,0.0006358196983684,1.0,1.0,1.0,1.0,1.0
65,10:44:39,3,0.0288808664259927,9694.0,0.0306859205776173,0.0288808664259927,8.602014784302864e-05,0.0252707581227435,0.0001172972984212,0.0216606498194946,0.0001618785749243,0.0180505415162455,0.0001809118419701,0.0144404332129963,0.0001320512738828,0.0324909747292418,0.0002581945705787,0.036101083032491,0.0003345703448516,0.0397111913357399,0.0005811852801437,0.0433212996389891,0.0003559284807579,0.0469314079422382,0.0006358196983684,1.0,1.0,1.0,1.0,1.0
65,10:44:42,3,0.0324909747292418,11410.0,0.0306859205776173,0.0288808664259927,8.707400323314593e-05,0.0252707581227435,0.0001172972984212,0.0216606498194946,0.0001618785749243,0.0180505415162455,0.0001809118419701,0.0144404332129963,0.0001293048628662,0.0324909747292418,0.0002583542456378,0.036101083032491,0.0003345703448516,0.0397111913357399,0.0005805465799073,0.0433212996389891,0.0003559284807579,0.0469314079422382,0.0006358196983684,1.0,1.0,1.0,1.0,1.0
65,10:44:45,3,0.0288808664259927,2850.0,0.0306859205776173,0.0288808664259927,8.688239316221551e-05,0.0252707581227435,0.000117329233433,0.0216606498194946,0.0001618785749243,0.0180505415162455,0.0001809118419701,0.0144404332129963,0.0001293048628662,0.0324909747292418,0.0002530849686872,0.036101083032491,0.0003346980848988,0.0397111913357399,0.0005805465799073,0.0433212996389891,0.0003559284807579,0.0469314079422382,0.0006358196983684,1.0,1.0,1.0,1.0,1.0
65,10:44:48,3,0.0324909747292418,28886.0,0.0306859205776173,0.0288808664259927,0.0001031692491913,0.0252707581227435,0.000117329233433,0.0216606498194946,0.0001618785749243,0.0180505415162455,0.0001809118419701,0.0144404332129963,0.0001293048628662,0.0324909747292418,0.0002570129751413,0.036101083032491,0.0003346980848988,0.0397111913357399,0.0005805465799073,0.0433212996389891,0.0003559284807579,0.0469314079422382,0.0006358196983684,1.0,1.0,1.0,1.0,1.0
65,10:44:51,3,0.0324909747292418,87200.0,0.0306859205776173,0.0288808664259927,0.0001022111988366,0.0252707581227435,0.000117329233433,0.0216606498194946,0.0001618785749243,0.0180505415162455,0.0001809118419701,0.0144404332129963,0.0001293048628662,0.0324909747292418,0.0002450373457081,0.036101083032491,0.0003346980848988,0.0397111913357399,0.0005805785149191,0.0433212996389891,0.0003559284807579,0.0469314079422382,0.0006358196983684,1.0,1.0,1.0,1.0,1.0
65,10:44:54,3,0.0324909747292418,28314.0,0.0306859205776173,0.0288808664259927,0.0001258750425965,0.0252707581227435,0.000117329233433,0.0216606498194946,0.0001618785749243,0.0180505415162455,0.0001809118419701,0.0144404332129963,0.0001293048628662,0.0324909747292418,0.0002427060898451,0.036101083032491,0.0003346980848988,0.0397111913357399,0.0005805785149191,0.0433212996389891,0.0003559284807579,0.0469314079422382,0.0006343506878246,1.0,1.0,1.0,1.0,1.0
65,10:44:57,3,0.0324909747292418,572.0,0.0306859205776173,0.0288808664259927,8.841527372965885e-05,0.0252707581227435,0.000117329233433,0.0216606498194946,0.0001618785749243,0.0180505415162455,0.0001809118419701,0.0144404332129963,0.0001293048628662,0.0324909747292418,0.0002458037859919,0.036101083032491,0.0003346980848988,0.0397111913357399,0.0005805785149191,0.0433212996389891,0.000357525231349,0.0469314079422382,0.0006343506878246,1.0,1.0,1.0,1.0,1.0
65,10:45:00,3,0.0288808664259927,34200.0,0.0306859205776173,0.0288808664259927,8.777657349322412e-05,0.0252707581227435,0.0001189259840241,0.0216606498194946,0.0001618785749243,0.0180505415162455,0.0001804647518046,0.0144404332129963,0.0001293048628662,0.0324909747292418,0.0002410135342186,0.036101083032491,0.0003346980848988,0.0397111913357399,0.0005821752655102,0.0433212996389891,0.000357525231349,0.0469314079422382,0.0006343506878246,1.0,1.0,1.0,1.0,1.0
65,10:45:03,3,0.0288808664259927,0.0,0.0306859205776173,0.0288808664259927,8.777657349322412e-05,0.0252707581227435,0.0001189259840241,0.0216606498194946,0.0001633156504563,0.0180505415162455,0.0001804647518046,0.0144404332129963,0.0001293048628662,0.0324909747292418,0.0002481350418548,0.036101083032491,0.0003320474789176,0.0397111913357399,0.0005821752655102,0.0433212996389891,0.000357525231349,0.0469314079422382,0.0006343506878246,1.0,1.0,1.0,1.0,1.0
65,10:45:06,3,0.0324909747292418,572.0,0.0306859205776173,0.0288808664259927,9.112974973450644e-05,0.0252707581227435,0.0001189259840241,0.0216606498194946,0.0001633156504563,0.0180505415162455,0.0001804647518046,0.0144404332129963,0.0001293048628662,0.0324909747292418,0.0002485501970085,0.036101083032491,0.0003320474789176,0.0397111913357399,0.0005821752655102,0.0433212996389891,0.000357525231349,0.0469314079422382,0.0006343506878246,1.0,1.0,1.0,1.0,1.0
65,10:45:09,3,0.0324909747292418,42328.0,0.0306859205776173,0.0288808664259927,9.12894247936151e-05,0.0252707581227435,0.0001189259840241,0.0216606498194946,0.0001633156504563,0.0180505415162455,0.0001804647518046,0.0144404332129963,0.0001293048628662,0.0324909747292418,0.0002438238152589,0.036101083032491,0.0003320474789176,0.0397111913357399,0.0005824946156284,0.0433212996389891,0.000357525231349,0.0469314079422382,0.0006343506878246,1.0,1.0,1.0,1.0,1.0
65,10:45:12,3,0.0324909747292418,0.0,0.0306859205776173,0.0288808664259927,9.12894247936151e-05,0.0252707581227435,0.0001189259840241,0.0216606498194946,0.0001629963003381,0.0180505415162455,0.0001804647518046,0.0144404332129963,0.0001293048628662,0.0324909747292418,0.0002425144797742,0.036101083032491,0.0003320474789176,0.0397111913357399,0.0005824946156284,0.0433212996389891,0.000357525231349,0.0469314079422382,0.0006346700379428,1.0,1.0,1.0,1.0,1.0
65,10:45:15,3,0.0324909747292418,0.0,0.0306859205776173,0.0288808664259927,9.12894247936151e-05,0.0252707581227435,0.0001190856590832,0.0216606498194946,0.0001629963003381,0.0180505415162455,0.0001804647518046,0.0144404332129963,0.0001293048628662,0.0324909747292418,0.0002438238152589,0.036101083032491,0.0003319197388703,0.0397111913357399,0.0005828139657466,0.0433212996389891,0.000357525231349,0.0469314079422382,0.0006346700379428,1.0,1.0,1.0,1.0,1.0
65,10:45:18,3,0.0324909747292418,0.0,0.0306859205776173,0.0288808664259927,9.12894247936151e-05,0.0252707581227435,0.0001190537240714,0.0216606498194946,0.0001632517804327,0.0180505415162455,0.0001804647518046,0.0144404332129963,0.0001297838880435,0.0324909747292418,0.0002465382912638,0.036101083032491,0.0003319197388703,0.0397111913357399,0.0005828139657466,0.0433212996389891,0.000357525231349,0.0469314079422382,0.0006346700379428,1.0,1.0,1.0,1.0,1.0
65,10:45:21,3,0.0288808664259927,112969.0,0.0306859205776173,0.0288808664259927,9.125748978179338e-05,0.0252707581227435,0.0001190537240714,0.0216606498194946,0.0001632517804327,0.0180505415162455,0.000181103452041,0.0144404332129963,0.0001297838880435,0.0324909747292418,0.000234498791807,0.036101083032491,0.0003319197388703,0.0397111913357399,0.0005831333158649,0.0433212996389891,0.000357525231349,0.0469314079422382,0.0006346700379428,1.0,1.0,1.0,1.0,1.0
65,10:45:24,3,0.0324909747292418,8294.0,0.0306859205776173,0.0288808664259927,9.157683990001074e-05,0.0252707581227435,0.0001190537240714,0.0216606498194946,0.0001632517804327,0.0180505415162455,0.0001812631271001,0.0144404332129963,0.0001297838880435,0.0324909747292418,0.0002342113767006,0.036101083032491,0.0003312810386339,0.0397111913357399,0.0005837720161013,0.0433212996389891,0.000357525231349,0.0469314079422382,0.0006346700379428,1.0,1.0,1.0,1.0,1.0
65,10:45:27,3,0.0324909747292418,1143.0,0.0306859205776173,0.0288808664259927,9.1544904888189e-05,0.0252707581227435,0.0001190537240714,0.0216606498194946,0.0001619743799598,0.0180505415162455,0.0001815824772183,0.0144404332129963,0.0001297838880435,0.0324909747292418,0.0002726930659458,0.036101083032491,0.0003312810386339,0.0397111913357399,0.0005837720161013,0.0433212996389891,0.000357525231349,0.0469314079422382,0.0006346700379428,1.0,1.0,1.0,1.0,1.0
65,10:45:30,3,0.0288808664259927,3999.0,0.0306859205776173,0.0288808664259927,9.202393006551504e-05,0.0252707581227435,0.0001188621140005,0.0216606498194946,0.0001619743799598,0.0180505415162455,0.0001815824772183,0.0144404332129963,0.0001297838880435,0.0324909747292418,0.0002727888709812,0.036101083032491,0.0003312810386339,0.0397111913357399,0.0005834526659831,0.0433212996389891,0.000357525231349,0.0469314079422382,0.0006346700379428,1.0,1.0,1.0,1.0,1.0
65,10:45:33,3,0.0288808664259927,0.0,0.0306859205776173,0.0288808664259927,9.202393006551504e-05,0.0252707581227435,0.0001195008142369,0.0216606498194946,0.0001619743799598,0.0180505415162455,0.0001815824772183,0.0144404332129963,0.0001297838880435,0.0324909747292418,0.0002727888709812,0.036101083032491,0.0003312810386339,0.0397111913357399,0.0005834526659831,0.0433212996389891,0.000357525231349,0.0469314079422382,0.0006346700379428,1.0,1.0,1.0,1.0,1.0
65,10:45:36,3,0.0288808664259927,0.0,0.0306859205776173,0.0288808664259927,9.205586507733678e-05,0.0252707581227435,0.0001193411391778,0.0216606498194946,0.0001683613823241,0.0180505415162455,0.0001815824772183,0.0144404332129963,0.0001294645379253,0.0324909747292418,0.0002749604517851,0.036101083032491,0.0003312810386339,0.0397111913357399,0.0005834526659831,0.0433212996389891,0.0003565671809944,0.0469314079422382,0.0006343506878246,1.0,1.0,1.0,1.0,1.0
65,10:45:39,3,0.0324909747292418,572.0,0.0306859205776173,0.0288808664259927,9.390809576299748e-05,0.0252707581227435,0.0001193411391778,0.0216606498194946,0.0001683613823241,0.0180505415162455,0.0001815824772183,0.0144404332129963,0.0001294645379253,0.0324909747292418,0.0002750562568206,0.036101083032491,0.000332877789225,0.0397111913357399,0.0005834526659831,0.0433212996389891,0.0003565671809944,0.0469314079422382,0.0006380870842077,1.0,1.0,1.0,1.0,1.0
65,10:45:42,3,0.0324909747292418,9428.0,0.0306859205776173,0.0288808664259927,9.358874564478012e-05,0.0252707581227435,0.0001193411391778,0.0216606498194946,0.0001683613823241,0.0180505415162455,0.0001815824772183,0.0144404332129963,0.0001294645379253,0.0324909747292418,0.0002749604517851,0.036101083032491,0.000332877789225,0.0397111913357399,0.0005834526659831,0.0433212996389891,0.0003565671809944,0.0469314079422382,0.0006380870842077,1.0,1.0,1.0,1.0,1.0
65,10:45:45,3,0.0288808664259927,16580.0,0.0306859205776173,0.0288808664259927,9.301391543198886e-05,0.0252707581227435,0.0001195646842605,0.0216606498194946,0.0001683613823241,0.0180505415162455,0.0001815824772183,0.0144404332129963,0.0001294645379253,0.0324909747292418,0.000273363701194,0.036101083032491,0.000332877789225,0.0397111913357399,0.0005834526659831,0.0433212996389891,0.0003565671809944,0.0469314079422382,0.0006380870842077,1.0,1.0,1.0,1.0,1.0
65,10:45:48,3,0.0288808664259927,0.0,0.0306859205776173,0.0288808664259927,9.448292597578872e-05,0.0252707581227435,0.0001196285542842,0.0216606498194946,0.0001683613823241,0.0180505415162455,0.0001815824772183,0.0144404332129963,0.0001294645379253,0.0324909747292418,0.000273363701194,0.036101083032491,0.0003351132400525,0.0397111913357399,0.0005834526659831,0.0433212996389891,0.0003565671809944,0.0469314079422382,0.0006380870842077,1.0,1.0,1.0,1.0,1.0
65,10:45:51,3,0.0288808664259927,21680.0,0.0306859205776173,0.0288808664259927,9.28542403728802e-05,0.0252707581227435,0.0001196285542842,0.0216606498194946,0.0001683613823241,0.0180505415162455,0.0001815824772183,0.0144404332129963,0.0001294645379253,0.0324909747292418,0.0002736830513122,0.036101083032491,0.0003369654707382,0.0397111913357399,0.0005834526659831,0.0433212996389891,0.0003565671809944,0.0469314079422382,0.0006380870842077,1.0,1.0,1.0,1.0,1.0
65,10:45:54,3,0.0324909747292418,3432.0,0.0306859205776173,0.0288808664259927,9.34929406093149e-05,0.0252707581227435,0.0001202672545206,0.0216606498194946,0.0001683613823241,0.0180505415162455,0.0001815824772183,0.0144404332129963,0.0001294645379253,0.0324909747292418,0.0002739704664186,0.036101083032491,0.0003369654707382,0.0397111913357399,0.0005834526659831,0.0433212996389891,0.0003565671809944,0.0469314079422382,0.000636234853522,1.0,1.0,1.0,1.0,1.0
65,10:45:57,3,0.0288808664259927,8269.0,0.0306859205776173,0.0288808664259927,9.282230536105843e-05,0.0252707581227435,0.0001202672545206,0.0216606498194946,0.0001683613823241,0.0180505415162455,0.0001815824772183,0.0144404332129963,0.0001294645379253,0.0324909747292418,0.0002741620764896,0.036101083032491,0.0003369654707382,0.0397111913357399,0.000581855915392,0.0433212996389891,0.0003565671809944,0.0469314079422382,0.000640546080118,1.0,1.0,1.0,1.0,1.0
65,10:46:00,3,0.0324909747292418,35399.0,0.0306859205776173,0.0288808664259927,9.12894247936151e-05,0.0252707581227435,0.0001202672545206,0.0216606498194946,0.0001683613823241,0.0180505415162455,0.0001815824772183,0.0144404332129963,0.0001294645379253,0.0324909747292418,0.0002722779107921,0.036101083032491,0.0003369654707382,0.0397111913357399,0.0005802272297891,0.0433212996389891,0.0003565671809944,0.0469314079422382,0.000640546080118,1.0,1.0,1.0,1.0,1.0
65,10:46:03,3,0.0288808664259927,57000.0,0.0306859205776173,0.0288808664259927,8.921364902520226e-05,0.0252707581227435,0.0001202672545206,0.0216606498194946,0.0001683613823241,0.0180505415162455,0.0001815824772183,0.0144404332129963,0.0001294645379253,0.0324909747292418,0.0002716072755438,0.036101083032491,0.0003363267705017,0.0397111913357399,0.0005802272297891,0.0433212996389891,0.0003565671809944,0.0469314079422382,0.000640546080118,1.0,1.0,1.0,1.0,1.0
65,10:46:06,3,0.0288808664259927,0.0,0.0306859205776173,0.0288808664259927,8.921364902520226e-05,0.0252707581227435,0.0001215446549935,0.0216606498194946,0.000169638782797,0.0180505415162455,0.0001815824772183,0.0144404332129963,0.0001294645379253,0.0324909747292418,0.0002722459757803,0.036101083032491,0.0003363267705017,0.0397111913357399,0.0005802272297891,0.0433212996389891,0.0003565671809944,0.0469314079422382,0.000640546080118,1.0,1.0,1.0,1.0,1.0
65,10:46:09,3,0.0288808664259927,0.0,0.0306859205776173,0.0288808664259927,0.0001070972556453,0.0252707581227435,0.0001133373569553,0.0216606498194946,0.000169638782797,0.0180505415162455,0.0001815824772183,0.0144404332129963,0.0001294645379253,0.0324909747292418,0.0002424186747387,0.036101083032491,0.0003363267705017,0.0397111913357399,0.0005802272297891,0.0433212996389891,0.0003565671809944,0.0469314079422382,0.000640546080118,1.0,1.0,1.0,1.0,1.0
65,10:46:12,3,0.0324909747292418,3422.0,0.0306859205776173,0.0288808664259927,0.0001136439330688,0.0252707581227435,0.0001133373569553,0.0216606498194946,0.000169638782797,0.0180505415162455,0.000183434707904,0.0144404332129963,0.0001294645379253,0.0324909747292418,0.0002275369592298,0.036101083032491,0.0003372848208564,0.0397111913357399,0.0005802272297891,0.0433212996389891,0.0003565671809944,0.0469314079422382,0.000640546080118,1.0,1.0,1.0,1.0,1.0
65,10:46:15,3,0.0324909747292418,572.0,0.0306859205776173,0.0288808664259927,0.0001174761344874,0.0252707581227435,0.0001133373569553,0.0216606498194946,0.000169638782797,0.0180505415162455,0.000183434707904,0.0144404332129963,0.0001294645379253,0.0324909747292418,0.0002274730892062,0.036101083032491,0.0003372848208564,0.0397111913357399,0.0005802272297891,0.0433212996389891,0.0003565671809944,0.0469314079422382,0.000640546080118,1.0,1.0,1.0,1.0,1.0
65,10:46:18,3,0.0324909747292418,276747.0,0.0306859205776173,0.0288808664259927,8.838333871783711e-05,0.0252707581227435,0.0001133373569553,0.0216606498194946,0.0001697665228443,0.0180505415162455,0.000183434707904,0.0144404332129963,0.0001294645379253,0.0324909747292418,0.0002275369592298,0.036101083032491,0.0003372848208564,0.0397111913357399,0.0005799078796709,0.0433212996389891,0.0003565671809944,0.0469314079422382,0.000640546080118,1.0,1.0,1.0,1.0,1.0
65,10:46:21,3,0.0324909747292418,0.0,0.0306859205776173,0.0288808664259927,8.838333871783711e-05,0.0252707581227435,0.0001069503545909,0.0216606498194946,0.0001697665228443,0.0180505415162455,0.000183434707904,0.0144404332129963,0.0001294645379253,0.0324909747292418,0.0002284950095845,0.036101083032491,0.0003372848208564,0.0397111913357399,0.0005799078796709,0.0433212996389891,0.0003565671809944,0.0469314079422382,0.000640546080118,1.0,1.0,1.0,1.0,1.0
65,10:46:24,3,0.0324909747292418,858.0,0.0306859205776173,0.0288808664259927,8.873462384787621e-05,0.0252707581227435,0.0001069503545909,0.0216606498194946,0.0001697026528207,0.0180505415162455,0.000183434707904,0.0144404332129963,0.0001294645379253,0.0324909747292418,0.0002316565757548,0.036101083032491,0.0003372848208564,0.0397111913357399,0.0005799078796709,0.0433212996389891,0.0003565671809944,0.0469314079422382,0.0006406099501416,1.0,1.0,1.0,1.0,1.0
65,10:46:27,3,0.0324909747292418,0.0,0.0306859205776173,0.0288808664259927,9.786803722889276e-05,0.0252707581227435,0.0001069503545909,0.0216606498194946,0.0001703413530571,0.0180505415162455,0.000183434707904,0.0144404332129963,0.0001294645379253,0.0324909747292418,0.0002322952759913,0.036101083032491,0.0003483982049704,0.0397111913357399,0.0005799078796709,0.0433212996389891,0.0003565671809944,0.0469314079422382,0.0006406418851534,1.0,1.0,1.0,1.0,1.0
65,10:46:30,3,0.0324909747292418,0.0,0.0306859205776173,0.0288808664259927,0.0001060114652434,0.0252707581227435,0.0001069503545909,0.0216606498194946,0.0001703413530571,0.0180505415162455,0.000183434707904,0.0144404332129963,0.0001294645379253,0.0324909747292418,0.0002322952759913,0.036101083032491,0.000349356255325,0.0397111913357399,0.0005799078796709,0.0433212996389891,0.0003565671809944,0.0469314079422382,0.0006406738201653,1.0,1.0,1.0,1.0,1.0
65,10:46:33,3,0.0288808664259927,11685.0,0.0306859205776173,0.0288808664259927,0.0001047021297587,0.0252707581227435,0.0001069503545909,0.0216606498194946,0.0001703413530571,0.0180505415162455,0.0001850314584951,0.0144404332129963,0.0001294645379253,0.0324909747292418,0.0002338920265823,0.036101083032491,0.000349356255325,0.0397111913357399,0.0005799078796709,0.0433212996389891,0.0003565671809944,0.0469314079422382,0.0006406738201653,1.0,1.0,1.0,1.0,1.0
65,10:46:36,3,0.0288808664259927,0.0,0.0306859205776173,0.0288808664259927,0.0001063308153616,0.0252707581227435,0.0001069503545909,0.0216606498194946,0.0001703413530571,0.0180505415162455,0.0001850314584951,0.0144404332129963,0.0001294645379253,0.0324909747292418,0.0002342433117124,0.036101083032491,0.000349356255325,0.0397111913357399,0.0005799078796709,0.0433212996389891,0.0003565671809944,0.0469314079422382,0.0006406738201653,1.0,1.0,1.0,1.0,1.0
65,10:46:39,3,0.0324909747292418,15434.0,0.0306859205776173,0.0288808664259927,0.0001075443458108,0.0252707581227435,0.0001069503545909,0.0216606498194946,0.0001703413530571,0.0180505415162455,0.0001957296874554,0.0144404332129963,0.0001294645379253,0.0324909747292418,0.0002330297812632,0.036101083032491,0.0003501226956087,0.0397111913357399,0.0005799078796709,0.0433212996389891,0.0003565671809944,0.0469314079422382,0.0006406738201653,1.0,1.0,1.0,1.0,1.0
65,10:46:42,3,0.0324909747292418,0.0,0.0306859205776173,0.0288808664259927,0.0001087259412482,0.0252707581227435,0.0001069503545909,0.0216606498194946,0.0001703413530571,0.0180505415162455,0.0001976457881647,0.0144404332129963,0.0001294645379253,0.0324909747292418,0.0002330297812632,0.036101083032491,0.0003501226956087,0.0397111913357399,0.0005799078796709,0.0433212996389891,0.0003581639315855,0.0469314079422382,0.0006406738201653,1.0,1.0,1.0,1.0,1.0
65,10:46:45,3,0.0324909747292418,69784.0,0.0306859205776173,0.0288808664259927,0.0001087259412482,0.0252707581227435,0.0001057687591535,0.0216606498194946,0.00017161875353,0.0180505415162455,0.0001992425387558,0.0144404332129963,0.0001294645379253,0.0324909747292418,0.0002252376383787,0.036101083032491,0.0003501226956087,0.0397111913357399,0.0005799078796709,0.0433212996389891,0.0003581639315855,0.0469314079422382,0.0006406738201653,1.0,1.0,1.0,1.0,1.0
65,10:46:48,3,0.0288808664259927,871016.0,0.0306859205776173,0.0288808664259927,1.2920905783074467e-05,0.0252707581227435,0.0001067268095082,0.0216606498194946,0.00017161875353,0.0180505415162455,0.0001992425387558,0.0144404332129963,0.0001294645379253,0.0324909747292418,0.0002245031331068,0.036101083032491,0.0003501226956087,0.0397111913357399,0.0005799078796709,0.0433212996389891,0.0003581639315855,0.0469314079422382,0.0006406738201653,1.0,1.0,1.0,1.0,1.0
65,10:46:51,3,0.0324909747292418,2860.0,0.0306859205776173,0.0288808664259927,1.339993096040051e-05,0.0252707581227435,0.0001067268095082,0.0216606498194946,0.0001749719297712,0.0180505415162455,0.0001992425387558,0.0144404332129963,0.0001294645379253,0.0324909747292418,0.0002313372256366,0.036101083032491,0.0003485259450177,0.0397111913357399,0.0005799078796709,0.0433212996389891,0.0003581639315855,0.0469314079422382,0.0006406738201653,1.0,1.0,1.0,1.0,1.0
65,10:46:54,3,0.0324909747292418,115716.0,0.0306859205776173,0.0288808664259927,1.95633882419956e-05,0.0252707581227435,0.0001067268095082,0.0216606498194946,0.0001749719297712,0.0180505415162455,0.0001992425387558,0.0144404332129963,0.0001294645379253,0.0324909747292418,0.0002311775505775,0.036101083032491,0.0003485259450177,0.0397111913357399,0.0005799078796709,0.0433212996389891,0.0003581639315855,0.0469314079422382,0.0006406738201653,1.0,1.0,1.0,1.0,1.0
65,10:46:57,3,0.0324909747292418,572.0,0.0306859205776173,0.0288808664259927,1.95633882419956e-05,0.0252707581227435,0.0001067268095082,0.0216606498194946,0.0001756106300077,0.0180505415162455,0.0001992425387558,0.0144404332129963,0.0001294645379253,0.0324909747292418,0.0002299001501046,0.036101083032491,0.0003489411001713,0.0397111913357399,0.0005799078796709,0.0433212996389891,0.0003581639315855,0.0469314079422382,0.0006406738201653,1.0,1.0,1.0,1.0,1.0
65,10:47:00,3,0.0288808664259927,10546.0,0.0306859205776173,0.0288808664259927,1.8413727816413096e-05,0.0252707581227435,0.0001067268095082,0.0216606498194946,0.0001756106300077,0.0180505415162455,0.0001992425387558,0.0144404332129963,0.0001289216427243,0.0324909747292418,0.0002298682150928,0.036101083032491,0.0003502185006442,0.0397111913357399,0.0005799078796709,0.0433212996389891,0.0003581639315855,0.0469314079422382,0.0006406738201653,1.0,1.0,1.0,1.0,1.0
65,10:47:03,3,0.0324909747292418,16016.0,0.0306859205776173,0.0288808664259927,2.1607228998586717e-05,0.0252707581227435,0.0001039803984915,0.0216606498194946,0.0001756106300077,0.0180505415162455,0.0001992425387558,0.0144404332129963,0.0001289216427243,0.0324909747292418,0.0002321994709558,0.036101083032491,0.0003502185006442,0.0397111913357399,0.0005799078796709,0.0433212996389891,0.0003581639315855,0.0469314079422382,0.0006406738201653,1.0,1.0,1.0,1.0,1.0
65,10:47:06,3,0.0324909747292418,169884.0,0.0306859205776173,0.0288808664259927,2.224592923502144e-05,0.0252707581227435,0.0001040442685152,0.0216606498194946,0.0001749719297712,0.0180505415162455,0.0001992425387558,0.0144404332129963,0.0001289216427243,0.0324909747292418,0.0002132300739337,0.036101083032491,0.0003505378507624,0.0397111913357399,0.0005799078796709,0.0433212996389891,0.0003581639315855,0.0469314079422382,0.0006409931702835,1.0,1.0,1.0,1.0,1.0
65,10:47:09,3,0.0324909747292418,9724.0,0.0306859205776173,0.0288808664259927,2.987839706041639e-05,0.0252707581227435,0.0001040442685152,0.0216606498194946,0.0001749719297712,0.0180505415162455,0.0001992425387558,0.0144404332129963,0.0001289216427243,0.0324909747292418,0.0002070027466284,0.036101083032491,0.000351144615987,0.0397111913357399,0.0005808339950137,0.0433212996389891,0.0003581639315855,0.0469314079422382,0.000640354470047,1.0,1.0,1.0,1.0,1.0
65,10:47:12,3,0.0324909747292418,0.0,0.0306859205776173,0.0288808664259927,3.259287306526397e-05,0.0252707581227435,0.0001040442685152,0.0216606498194946,0.0001749719297712,0.0180505415162455,0.0001992425387558,0.0144404332129963,0.0001289216427243,0.0324909747292418,0.0002072262917112,0.036101083032491,0.0003543381171692,0.0397111913357399,0.0005808339950137,0.0433212996389891,0.0003581639315855,0.0469314079422382,0.000640354470047,1.0,1.0,1.0,1.0,1.0
65,10:47:15,3,0.0324909747292418,0.0,0.0306859205776173,0.0288808664259927,3.259287306526397e-05,0.0252707581227435,0.0001040442685152,0.0216606498194946,0.0001749719297712,0.0180505415162455,0.0001992425387558,0.0144404332129963,0.0001289216427243,0.0324909747292418,0.0002072262917112,0.036101083032491,0.0003543381171692,0.0397111913357399,0.0005808339950137,0.0433212996389891,0.0003581639315855,0.0469314079422382,0.000640354470047,1.0,1.0,1.0,1.0,1.0
65,10:47:18,3,0.0324909747292418,2288.0,0.0306859205776173,0.0288808664259927,3.259287306526397e-05,0.0252707581227435,0.0001040442685152,0.0216606498194946,0.0001749719297712,0.0180505415162455,0.0001992425387558,0.0144404332129963,0.0001289216427243,0.0324909747292418,0.0002067792015457,0.036101083032491,0.0003543381171692,0.0397111913357399,0.0005808339950137,0.0433212996389891,0.0003581639315855,0.0469314079422382,0.000640354470047,1.0,1.0,1.0,1.0,1.0
65,10:47:21,3,0.0324909747292418,286.0,0.0306859205776173,0.0288808664259927,3.259287306526397e-05,0.0252707581227435,0.0001040442685152,0.0216606498194946,0.0001749719297712,0.0180505415162455,0.0001992425387558,0.0144404332129963,0.0001289216427243,0.0324909747292418,0.0002067472665339,0.036101083032491,0.0003543381171692,0.0397111913357399,0.0005808339950137,0.0433212996389891,0.0003584832817037,0.0469314079422382,0.000640354470047,1.0,1.0,1.0,1.0,1.0
65,10:47:24,3,0.0324909747292418,0.0,0.0306859205776173,0.0288808664259927,3.897987542961121e-05,0.0252707581227435,0.0001040442685152,0.0216606498194946,0.0001740138794166,0.0180505415162455,0.0001992425387558,0.0144404332129963,0.0001289216427243,0.0324909747292418,0.0002211180218537,0.036101083032491,0.0003351771100762,0.0397111913357399,0.0005808339950137,0.0433212996389891,0.0003584832817037,0.0469314079422382,0.000640354470047,1.0,1.0,1.0,1.0,1.0
65,10:47:27,3,0.0288808664259927,6558.0,0.0306859205776173,0.0288808664259927,3.8341175193176485e-05,0.0252707581227435,0.0001042039435743,0.0216606498194946,0.0001761535252086,0.0180505415162455,0.0001992425387558,0.0144404332129963,0.0001289216427243,0.0324909747292418,0.0002176371055651,0.036101083032491,0.0003351771100762,0.0397111913357399,0.0005824626806166,0.0433212996389891,0.0003584832817037,0.0469314079422382,0.000640354470047,1.0,1.0,1.0,1.0,1.0
65,10:47:30,3,0.0324909747292418,572.0,0.0306859205776173,0.0288808664259927,3.8341175193176485e-05,0.0252707581227435,0.0001042039435743,0.0216606498194946,0.0001761535252086,0.0180505415162455,0.0001992425387558,0.0144404332129963,0.0001289216427243,0.0324909747292418,0.0002178925856597,0.036101083032491,0.0003351771100762,0.0397111913357399,0.0005824626806166,0.0433212996389891,0.0003594093970465,0.0469314079422382,0.000640354470047,1.0,1.0,1.0,1.0,1.0
65,10:47:33,3,0.0324909747292418,0.0,0.0306859205776173,0.0288808664259927,3.850085025228517e-05,0.0252707581227435,0.0001042039435743,0.0216606498194946,0.0001761535252086,0.0180505415162455,0.0001992425387558,0.0144404332129963,0.0001289216427243,0.0324909747292418,0.0002178925856597,0.036101083032491,0.0003351771100762,0.0397111913357399,0.0005811852801437,0.0433212996389891,0.0003594093970465,0.0469314079422382,0.000640354470047,1.0,1.0,1.0,1.0,1.0
65,10:47:36,3,0.0324909747292418,34892.0,0.0306859205776173,0.0288808664259927,3.866052531139385e-05,0.0252707581227435,0.0001042039435743,0.0216606498194946,0.0001761535252086,0.0180505415162455,0.0001992425387558,0.0144404332129963,0.0001289216427243,0.0324909747292418,0.0002144436043829,0.036101083032491,0.000331983608894,0.0397111913357399,0.0005811852801437,0.0433212996389891,0.0003594093970465,0.0469314079422382,0.000640354470047,1.0,1.0,1.0,1.0,1.0
65,10:47:39,3,0.0288808664259927,25687.0,0.0306859205776173,0.0288808664259927,5.0859699827297074e-05,0.0252707581227435,0.0001042039435743,0.0216606498194946,0.0001761535252086,0.0180505415162455,0.0001992425387558,0.0144404332129963,0.0001289216427243,0.0324909747292418,0.0002132620089455,0.036101083032491,0.000331983608894,0.0397111913357399,0.0005811852801437,0.0433212996389891,0.0003594093970465,0.0469314079422382,0.000640354470047,1.0,1.0,1.0,1.0,1.0
65,10:47:42,3,0.0324909747292418,35174.0,0.0306859205776173,0.0288808664259927,5.1530335075553536e-05,0.0252707581227435,0.0001042039435743,0.0216606498194946,0.0001761535252086,0.0180505415162455,0.0001992425387558,0.0144404332129963,0.0001289216427243,0.0324909747292418,0.0002154335897494,0.036101083032491,0.000331983608894,0.0397111913357399,0.0005811852801437,0.0433212996389891,0.0003594093970465,0.0469314079422382,0.000640354470047,1.0,1.0,1.0,1.0,1.0
65,10:47:45,3,0.0324909747292418,4862.0,0.0306859205776173,0.0288808664259927,5.865184271180071e-05,0.0252707581227435,0.0001004036771675,0.0216606498194946,0.0001761535252086,0.0180505415162455,0.0001992425387558,0.0144404332129963,0.0001289216427243,0.0324909747292418,0.0002181161307424,0.036101083032491,0.000331983608894,0.0397111913357399,0.0005811852801437,0.0433212996389891,0.0003594093970465,0.0469314079422382,0.0006405141451061,1.0,1.0,1.0,1.0,1.0
65,10:47:48,3,0.0324909747292418,0.0,0.0306859205776173,0.0288808664259927,5.877958275908766e-05,0.0252707581227435,0.0001020004277586,0.0216606498194946,0.0001761535252086,0.0180505415162455,0.0001992425387558,0.0144404332129963,0.0001289216427243,0.0324909747292418,0.0002180203257069,0.036101083032491,0.0003351771100762,0.0397111913357399,0.000593863479837,0.0433212996389891,0.0003594093970465,0.0469314079422382,0.0006405141451061,1.0,1.0,1.0,1.0,1.0
65,10:47:51,3,0.0324909747292418,86371.0,0.0306859205776173,0.0288808664259927,5.248838543020562e-05,0.0252707581227435,0.0001020004277586,0.0216606498194946,0.0001761535252086,0.0180505415162455,0.0001992425387558,0.0144404332129963,0.0001289216427243,0.0324909747292418,0.0002064917864393,0.036101083032491,0.0003351771100762,0.0397111913357399,0.000593863479837,0.0433212996389891,0.0003582278016091,0.0469314079422382,0.0006405141451061,1.0,1.0,1.0,1.0,1.0
65,10:47:54,3,0.0324909747292418,572.0,0.0306859205776173,0.0288808664259927,5.248838543020562e-05,0.0252707581227435,0.0001020004277586,0.0216606498194946,0.0001761535252086,0.0180505415162455,0.0001992425387558,0.0144404332129963,0.0001289216427243,0.0324909747292418,0.0002256208585205,0.036101083032491,0.0003348577599579,0.0397111913357399,0.000593863479837,0.0433212996389891,0.0003582278016091,0.0469314079422382,0.0006405141451061,1.0,1.0,1.0,1.0,1.0
65,10:47:57,3,0.0288808664259927,10565.0,0.0306859205776173,0.0288808664259927,5.2392580394740415e-05,0.0252707581227435,0.0001020004277586,0.0216606498194946,0.0001761535252086,0.0180505415162455,0.0001992425387558,0.0144404332129963,0.0001289216427243,0.0324909747292418,0.0002294530599391,0.036101083032491,0.0003348577599579,0.0397111913357399,0.000593863479837,0.0433212996389891,0.0003582278016091,0.0469314079422382,0.0006405141451061,1.0,1.0,1.0,1.0,1.0
65,10:48:00,3,0.0288808664259927,12825.0,0.0306859205776173,0.0288808664259927,5.1626140111018745e-05,0.0252707581227435,0.0001020004277586,0.0216606498194946,0.0001729600240265,0.0180505415162455,0.0001992425387558,0.0144404332129963,0.0001289216427243,0.0324909747292418,0.0002365426325636,0.036101083032491,0.0003348577599579,0.0397111913357399,0.000593863479837,0.0433212996389891,0.0003582278016091,0.0469314079422382,0.0006401947949879,1.0,1.0,1.0,1.0,1.0
65,10:48:03,3,0.0324909747292418,18817.0,0.0306859205776173,0.0288808664259927,4.271627181275435e-05,0.0252707581227435,0.0001020004277586,0.0216606498194946,0.0001729600240265,0.0180505415162455,0.0001996896289213,0.0144404332129963,0.0001305183933154,0.0324909747292418,0.0002369577877172,0.036101083032491,0.0003348577599579,0.0397111913357399,0.000595460230428,0.0433212996389891,0.0003582278016091,0.0469314079422382,0.000640354470047,1.0,1.0,1.0,1.0,1.0
65,10:48:06,3,0.0324909747292418,0.0,0.0306859205776173,0.0288808664259927,4.8624248999775545e-05,0.0252707581227435,0.0001020004277586,0.0216606498194946,0.0001735029192274,0.0180505415162455,0.0001990509286848,0.0144404332129963,0.0001305183933154,0.0324909747292418,0.0002411093392541,0.036101083032491,0.0003348577599579,0.0397111913357399,0.000595460230428,0.0433212996389891,0.0003588665018455,0.0469314079422382,0.000640354470047,1.0,1.0,1.0,1.0,1.0
65,10:48:09,3,0.0288808664259927,18240.0,0.0306859205776173,0.0288808664259927,4.658040824318443e-05,0.0252707581227435,0.0001020004277586,0.0216606498194946,0.0001735029192274,0.0180505415162455,0.0001957296874554,0.0144404332129963,0.0001305183933154,0.0324909747292418,0.0002409177291831,0.036101083032491,0.0003093097505006,0.0397111913357399,0.000595460230428,0.0433212996389891,0.0003588665018455,0.0469314079422382,0.000640354470047,1.0,1.0,1.0,1.0,1.0
65,10:48:12,3,0.0324909747292418,50498.0,0.0306859205776173,0.0288808664259927,4.262046677728914e-05,0.0252707581227435,0.0001020004277586,0.0216606498194946,0.0001735029192274,0.0180505415162455,0.0001957296874554,0.0144404332129963,0.0001305183933154,0.0324909747292418,0.0002359997373626,0.036101083032491,0.0003093097505006,0.0397111913357399,0.000595460230428,0.0433212996389891,0.0003588665018455,0.0469314079422382,0.000640354470047,1.0,1.0,1.0,1.0,1.0
65,10:48:15,3,0.0324909747292418,0.0,0.0306859205776173,0.0288808664259927,4.897553412981464e-05,0.0252707581227435,0.0001020004277586,0.0216606498194946,0.0001735029192274,0.0180505415162455,0.0001957296874554,0.0144404332129963,0.0001305183933154,0.0324909747292418,0.0002379158380719,0.036101083032491,0.0003099165157252,0.0397111913357399,0.000595460230428,0.0433212996389891,0.0003590581119165,0.0469314079422382,0.000640354470047,1.0,1.0,1.0,1.0,1.0
65,10:48:18,3,0.0324909747292418,0.0,0.0306859205776173,0.0288808664259927,5.472383625772716e-05,0.0252707581227435,0.0001018407526995,0.0216606498194946,0.0001735029192274,0.0180505415162455,0.0001957296874554,0.0144404332129963,0.0001305183933154,0.0324909747292418,0.0002379477730837,0.036101083032491,0.0003099165157252,0.0397111913357399,0.000595460230428,0.0433212996389891,0.0003590581119165,0.0469314079422382,0.000640354470047,1.0,1.0,1.0,1.0,1.0
65,10:48:21,3,0.0324909747292418,0.0,0.0306859205776173,0.0288808664259927,5.657606694338786e-05,0.0252707581227435,0.0001018407526995,0.0216606498194946,0.0001735029192274,0.0180505415162455,0.0001957296874554,0.0144404332129963,0.0001305183933154,0.0324909747292418,0.0002382990582137,0.036101083032491,0.0003115132663163,0.0397111913357399,0.0005951408803098,0.0433212996389891,0.0003590581119165,0.0469314079422382,0.000640354470047,1.0,1.0,1.0,1.0,1.0
65,10:48:24,3,0.0324909747292418,5148.0,0.0306859205776173,0.0288808664259927,6.328241942595246e-05,0.0252707581227435,0.0001018407526995,0.0216606498194946,0.0001735029192274,0.0180505415162455,0.0001957296874554,0.0144404332129963,0.0001305183933154,0.0324909747292418,0.0002382543491972,0.036101083032491,0.0003115132663163,0.0397111913357399,0.0005951408803098,0.0433212996389891,0.0003590581119165,0.0469314079422382,0.000640354470047,1.0,1.0,1.0,1.0,1.0
65,10:48:27,3,0.0324909747292418,76934.0,0.0306859205776173,0.0288808664259927,6.334628944959594e-05,0.0252707581227435,0.0001018407526995,0.0216606498194946,0.0001735029192274,0.0180505415162455,0.0001957296874554,0.0144404332129963,0.0001305183933154,0.0324909747292418,0.0002303664012772,0.036101083032491,0.0003115132663163,0.0397111913357399,0.000598334381492,0.0433212996389891,0.0003590581119165,0.0469314079422382,0.000640354470047,1.0,1.0,1.0,1.0,1.0
65,10:48:30,3,0.0324909747292418,3146.0,0.0306859205776173,0.0288808664259927,6.334628944959594e-05,0.0252707581227435,0.0001018407526995,0.0216606498194946,0.0001735029192274,0.0180505415162455,0.0001957296874554,0.0144404332129963,0.0001305183933154,0.0324909747292418,0.0002438110412542,0.036101083032491,0.0003115132663163,0.0397111913357399,0.000598334381492,0.0433212996389891,0.0003590581119165,0.0469314079422382,0.000640354470047,1.0,1.0,1.0,1.0,1.0
65,10:48:33,3,0.0288808664259927,59860.0,0.0306859205776173,0.0288808664259927,5.695928708524869e-05,0.0252707581227435,0.0001018407526995,0.0216606498194946,0.0001735029192274,0.0180505415162455,0.0001957296874554,0.0144404332129963,0.0001305183933154,0.0324909747292418,0.0002423100956986,0.036101083032491,0.0003099165157252,0.0397111913357399,0.0005997075870003,0.0433212996389891,0.0003590581119165,0.0469314079422382,0.0006419512206381,1.0,1.0,1.0,1.0,1.0
65,10:48:36,3,0.0324909747292418,572.0,0.0306859205776173,0.0288808664259927,6.037633335017446e-05,0.0252707581227435,0.0001018407526995,0.0216606498194946,0.0001735029192274,0.0180505415162455,0.0001957296874554,0.0144404332129963,0.0001305183933154,0.0324909747292418,0.0002448010266207,0.036101083032491,0.0003100761907843,0.0397111913357399,0.0005997075870003,0.0433212996389891,0.0003590581119165,0.0469314079422382,0.0006419512206381,1.0,1.0,1.0,1.0,1.0
65,10:48:39,3,0.0324909747292418,0.0,0.0306859205776173,0.0288808664259927,6.200501895308301e-05,0.0252707581227435,0.0001018407526995,0.0216606498194946,0.0001738222693457,0.0180505415162455,0.0001958893625145,0.0144404332129963,0.0001293687328898,0.0324909747292418,0.0002489525781575,0.036101083032491,0.0003100761907843,0.0397111913357399,0.0005997075870003,0.0433212996389891,0.0003592177869756,0.0469314079422382,0.0006419512206381,1.0,1.0,1.0,1.0,1.0
65,10:48:42,3,0.0324909747292418,79764.0,0.0306859205776173,0.0288808664259927,6.104696859843092e-05,0.0252707581227435,0.0001015214025812,0.0216606498194946,0.0001738222693457,0.0180505415162455,0.0001958893625145,0.0144404332129963,0.0001293687328898,0.0324909747292418,0.0002413201103321,0.036101083032491,0.0003100761907843,0.0397111913357399,0.0005997075870003,0.0433212996389891,0.0003592177869756,0.0469314079422382,0.0006419512206381,1.0,1.0,1.0,1.0,1.0
65,10:48:45,3,0.0324909747292418,0.0,0.0306859205776173,0.0288808664259927,6.104696859843092e-05,0.0252707581227435,0.0001015214025812,0.0216606498194946,0.0001738222693457,0.0180505415162455,0.0001958893625145,0.0144404332129963,0.0001293687328898,0.0324909747292418,0.0002413201103321,0.036101083032491,0.0003100761907843,0.0397111913357399,0.0005997075870003,0.0433212996389891,0.0003592177869756,0.0469314079422382,0.0006419512206381,1.0,1.0,1.0,1.0,1.0
65,10:48:48,3,0.0324909747292418,572.0,0.0306859205776173,0.0288808664259927,6.548593524165226e-05,0.0252707581227435,0.0001015214025812,0.0216606498194946,0.0001738222693457,0.0180505415162455,0.0001958893625145,0.0144404332129963,0.0001293687328898,0.0324909747292418,0.0002412562403084,0.036101083032491,0.0003112577862217,0.0397111913357399,0.0005997075870003,0.0433212996389891,0.0003592177869756,0.0469314079422382,0.0006419512206381,1.0,1.0,1.0,1.0,1.0
65,10:48:51,3,0.0324909747292418,42328.0,0.0306859205776173,0.0288808664259927,6.570948032440441e-05,0.0252707581227435,0.0001015214025812,0.0216606498194946,0.0001738222693457,0.0180505415162455,0.0001958893625145,0.0144404332129963,0.0001293687328898,0.0324909747292418,0.0002376475839726,0.036101083032491,0.0003112577862217,0.0397111913357399,0.0005997075870003,0.0433212996389891,0.0003592177869756,0.0469314079422382,0.0006419512206381,1.0,1.0,1.0,1.0,1.0
65,10:48:54,3,0.0324909747292418,0.0,0.0306859205776173,0.0288808664259927,6.570948032440441e-05,0.0252707581227435,0.0001015214025812,0.0216606498194946,0.0001738222693457,0.0180505415162455,0.0001958893625145,0.0144404332129963,0.0001293687328898,0.0324909747292418,0.0002408730201666,0.036101083032491,0.0003112577862217,0.0397111913357399,0.0005997075870003,0.0433212996389891,0.0003592177869756,0.0469314079422382,0.0006419512206381,1.0,1.0,1.0,1.0,1.0
65,10:48:57,3,0.0324909747292418,4862.0,0.0306859205776173,0.0288808664259927,6.628431053719567e-05,0.0252707581227435,0.0001015214025812,0.0216606498194946,0.0001738222693457,0.0180505415162455,0.0001945161570061,0.0144404332129963,0.0001293687328898,0.0324909747292418,0.0002307496214191,0.036101083032491,0.0003112577862217,0.0397111913357399,0.0006009849874732,0.0433212996389891,0.0003592177869756,0.0469314079422382,0.0006419512206381,1.0,1.0,1.0,1.0,1.0
65,10:49:00,3,0.0324909747292418,8580.0,0.0306859205776173,0.0288808664259927,6.788106112828247e-05,0.0252707581227435,0.0001015214025812,0.0216606498194946,0.0001738222693457,0.0180505415162455,0.0001945161570061,0.0144404332129963,0.0001293687328898,0.0324909747292418,0.0002297915710644,0.036101083032491,0.0003096610356306,0.0397111913357399,0.0006009849874732,0.0433212996389891,0.0003592177869756,0.0469314079422382,0.0006419512206381,1.0,1.0,1.0,1.0,1.0
65,10:49:03,3,0.0324909747292418,2574.0,0.0306859205776173,0.0288808664259927,6.788106112828247e-05,0.0252707581227435,0.0001015214025812,0.0216606498194946,0.0001738222693457,0.0180505415162455,0.0001945161570061,0.0144404332129963,0.0001298477580671,0.0324909747292418,0.0002308773614664,0.036101083032491,0.0003096610356306,0.0397111913357399,0.0006008253124141,0.0433212996389891,0.0003592177869756,0.0469314079422382,0.0006416318705199,1.0,1.0,1.0,1.0,1.0
65,10:49:06,3,0.0324909747292418,286.0,0.0306859205776173,0.0288808664259927,7.123423736956478e-05,0.0252707581227435,9.414441485047832e-05,0.0216606498194946,0.0001738222693457,0.0180505415162455,0.0001945161570061,0.0144404332129963,0.0001298477580671,0.0324909747292418,0.0002330170072584,0.036101083032491,0.0003080642850395,0.0397111913357399,0.0006008253124141,0.0433212996389891,0.0003592177869756,0.0469314079422382,0.0006416318705199,1.0,1.0,1.0,1.0,1.0
65,10:49:09,3,0.0324909747292418,97240.0,0.0306859205776173,0.0288808664259927,7.123423736956478e-05,0.0252707581227435,9.414441485047832e-05,0.0216606498194946,0.0001723851938137,0.0180505415162455,0.0001945161570061,0.0144404332129963,0.0001298477580671,0.0324909747292418,0.0002231171535937,0.036101083032491,0.0003087029852759,0.0397111913357399,0.0006008253124141,0.0433212996389891,0.0003592177869756,0.0469314079422382,0.0006416318705199,1.0,1.0,1.0,1.0,1.0
65,10:49:12,3,0.0324909747292418,9152.0,0.0306859205776173,0.0288808664259927,7.123423736956478e-05,0.0252707581227435,9.414441485047832e-05,0.0216606498194946,0.0001723851938137,0.0180505415162455,0.0001945161570061,0.0144404332129963,0.0001298477580671,0.0324909747292418,0.0002228297384873,0.036101083032491,0.0003087029852759,0.0397111913357399,0.0006008253124141,0.0433212996389891,0.0003592177869756,0.0469314079422382,0.0006416318705199,1.0,1.0,1.0,1.0,1.0
65,10:49:15,3,0.0288808664259927,13965.0,0.0306859205776173,0.0288808664259927,7.133004240502998e-05,0.0252707581227435,9.414441485047832e-05,0.0216606498194946,0.0001726726089201,0.0180505415162455,0.0001945161570061,0.0144404332129963,0.0001298477580671,0.0324909747292418,0.0002231490886055,0.036101083032491,0.0003071062346849,0.0397111913357399,0.0006008253124141,0.0433212996389891,0.000359505202082,0.0469314079422382,0.0006416318705199,1.0,1.0,1.0,1.0,1.0
65,10:49:18,3,0.0324909747292418,21395.0,0.0306859205776173,0.0288808664259927,6.957361675483449e-05,0.0252707581227435,9.414441485047832e-05,0.0216606498194946,0.0001726726089201,0.0180505415162455,0.0001945161570061,0.0144404332129963,0.0001298477580671,0.0324909747292418,0.0002225103883691,0.036101083032491,0.0003074255848031,0.0397111913357399,0.0006008253124141,0.0433212996389891,0.0003594093970465,0.0469314079422382,0.0006416318705199,1.0,1.0,1.0,1.0,1.0
65,10:49:21,3,0.0324909747292418,5720.0,0.0306859205776173,0.0288808664259927,6.989296687305185e-05,0.0252707581227435,9.325023451946972e-05,0.0216606498194946,0.0001726726089201,0.0180505415162455,0.0001945161570061,0.0144404332129963,0.0001298477580671,0.0324909747292418,0.0002218716881326,0.036101083032491,0.0003090223353942,0.0397111913357399,0.0006008253124141,0.0433212996389891,0.0003583874766682,0.0469314079422382,0.0006413125204017,1.0,1.0,1.0,1.0,1.0
65,10:49:24,3,0.0324909747292418,0.0,0.0306859205776173,0.0288808664259927,6.989296687305185e-05,0.0252707581227435,9.325023451946972e-05,0.0216606498194946,0.0001727684139555,0.0180505415162455,0.0001945161570061,0.0144404332129963,0.0001298477580671,0.0324909747292418,0.0002222229732627,0.036101083032491,0.0003090223353942,0.0397111913357399,0.0005995479119412,0.0433212996389891,0.0003583874766682,0.0469314079422382,0.0006413125204017,1.0,1.0,1.0,1.0,1.0
65,10:49:27,3,0.0288808664259927,86070.0,0.0306859205776173,0.0288808664259927,6.056794342110488e-05,0.0252707581227435,9.325023451946972e-05,0.0216606498194946,0.0001727684139555,0.0180505415162455,0.0001945161570061,0.0144404332129963,0.0001298477580671,0.0324909747292418,0.0002221910382509,0.036101083032491,0.0003090223353942,0.0397111913357399,0.0005995159769294,0.0433212996389891,0.0003583874766682,0.0469314079422382,0.0006413125204017,1.0,1.0,1.0,1.0,1.0
65,10:49:30,3,0.0324909747292418,29172.0,0.0306859205776173,0.0288808664259927,6.152599377575696e-05,0.0252707581227435,9.325023451946972e-05,0.0216606498194946,0.0001727684139555,0.0180505415162455,0.0001945161570061,0.0144404332129963,0.0001298477580671,0.0324909747292418,0.0002193807572105,0.036101083032491,0.0003100761907843,0.0397111913357399,0.0005995159769294,0.0433212996389891,0.0003583874766682,0.0469314079422382,0.000641791545579,1.0,1.0,1.0,1.0,1.0
65,10:49:33,3,0.0324909747292418,0.0,0.0306859205776173,0.0288808664259927,6.344209448506114e-05,0.0252707581227435,9.644373570164334e-05,0.0216606498194946,0.0001727684139555,0.0180505415162455,0.0001945161570061,0.0144404332129963,0.0001298477580671,0.0324909747292418,0.0002196362373051,0.036101083032491,0.0003100761907843,0.0397111913357399,0.0005995159769294,0.0433212996389891,0.0003583874766682,0.0469314079422382,0.0006424302458155,1.0,1.0,1.0,1.0,1.0
65,10:49:36,3,0.0324909747292418,0.0,0.0306859205776173,0.0288808664259927,6.344209448506114e-05,0.0252707581227435,9.644373570164334e-05,0.0216606498194946,0.0001727684139555,0.0180505415162455,0.0001945161570061,0.0144404332129963,0.0001298477580671,0.0324909747292418,0.0002212010528844,0.036101083032491,0.0003100761907843,0.0397111913357399,0.0005995159769294,0.0433212996389891,0.0003583874766682,0.0469314079422382,0.0006424302458155,1.0,1.0,1.0,1.0,1.0
65,10:49:39,3,0.0324909747292418,9152.0,0.0306859205776173,0.0288808664259927,6.37614446032785e-05,0.0252707581227435,9.644373570164334e-05,0.0216606498194946,0.0001727684139555,0.0180505415162455,0.0001945161570061,0.0144404332129963,0.0001298477580671,0.0324909747292418,0.0002212968579199,0.036101083032491,0.0003100761907843,0.0397111913357399,0.0006004740272841,0.0433212996389891,0.0003583874766682,0.0469314079422382,0.0006424302458155,1.0,1.0,1.0,1.0,1.0
65,10:49:42,3,0.0324909747292418,2288.0,0.0306859205776173,0.0288808664259927,6.503884507614794e-05,0.0252707581227435,9.644373570164334e-05,0.0216606498194946,0.0001727684139555,0.0180505415162455,0.0001945161570061,0.0144404332129963,0.0001298477580671,0.0324909747292418,0.0002242348790075,0.036101083032491,0.0003100761907843,0.0397111913357399,0.0006004740272841,0.0433212996389891,0.0003583874766682,0.0469314079422382,0.0006424302458155,1.0,1.0,1.0,1.0,1.0
65,10:49:45,3,0.0324909747292418,572.0,0.0306859205776173,0.0288808664259927,6.647592060812608e-05,0.0252707581227435,9.424021988594354e-05,0.0216606498194946,0.0001727684139555,0.0180505415162455,0.0001945161570061,0.0144404332129963,0.0001298477580671,0.0324909747292418,0.0002254484094567,0.036101083032491,0.0003119922914936,0.0397111913357399,0.0006004740272841,0.0433212996389891,0.0003583874766682,0.0469314079422382,0.0006424302458155,1.0,1.0,1.0,1.0,1.0
65,10:49:48,3,0.0324909747292418,35464.0,0.0306859205776173,0.0288808664259927,6.647592060812608e-05,0.0252707581227435,9.424021988594354e-05,0.0216606498194946,0.0001727684139555,0.0180505415162455,0.0001945161570061,0.0144404332129963,0.0001279316573578,0.0324909747292418,0.0002235323087474,0.036101083032491,0.0003119922914936,0.0397111913357399,0.0006004740272841,0.0433212996389891,0.0003583874766682,0.0469314079422382,0.0006424302458155,1.0,1.0,1.0,1.0,1.0
65,10:49:51,3,0.0324909747292418,572.0,0.0306859205776173,0.0288808664259927,6.938200668390408e-05,0.0252707581227435,9.424021988594354e-05,0.0216606498194946,0.0001727684139555,0.0180505415162455,0.0001945161570061,0.0144404332129963,0.0001279316573578,0.0324909747292418,0.0002231810236173,0.036101083032491,0.0003119922914936,0.0397111913357399,0.0006011446625323,0.0433212996389891,0.0003583874766682,0.0469314079422382,0.0006434521661937,1.0,1.0,1.0,1.0,1.0
65,10:49:54,3,0.0288808664259927,1710.0,0.0306859205776173,0.0288808664259927,6.855169637653893e-05,0.0252707581227435,9.424021988594354e-05,0.0216606498194946,0.0001724490638373,0.0180505415162455,0.0001945161570061,0.0144404332129963,0.0001279316573578,0.0324909747292418,0.0002225103883691,0.036101083032491,0.0003119922914936,0.0397111913357399,0.0006011446625323,0.0433212996389891,0.0003583874766682,0.0469314079422382,0.0006434521661937,1.0,1.0,1.0,1.0,1.0
65,10:49:57,3,0.0324909747292418,572.0,0.0306859205776173,0.0288808664259927,6.855169637653893e-05,0.0252707581227435,9.424021988594354e-05,0.0216606498194946,0.0001724490638373,0.0180505415162455,0.0001945161570061,0.0144404332129963,0.0001279316573578,0.0324909747292418,0.0002219036231445,0.036101083032491,0.0003119922914936,0.0397111913357399,0.0006011446625323,0.0433212996389891,0.0003583874766682,0.0469314079422382,0.0006444102165484,1.0,1.0,1.0,1.0,1.0
65,10:50:00,3,0.0324909747292418,7436.0,0.0306859205776173,0.0288808664259927,6.855169637653893e-05,0.0252707581227435,9.424021988594354e-05,0.0216606498194946,0.0001724490638373,0.0180505415162455,0.0001945161570061,0.0144404332129963,0.0001279316573578,0.0324909747292418,0.0002272687051305,0.036101083032491,0.0003132696919665,0.0397111913357399,0.0006011446625323,0.0433212996389891,0.0003583874766682,0.0469314079422382,0.0006444102165484,1.0,1.0,1.0,1.0,1.0
65,10:50:03,3,0.0324909747292418,0.0,0.0306859205776173,0.0288808664259927,6.455981989882191e-05,0.0252707581227435,9.513440021695216e-05,0.0216606498194946,0.0001737264643102,0.0180505415162455,0.0001933664965806,0.0144404332129963,0.0001279316573578,0.0324909747292418,0.0002228616734991,0.036101083032491,0.0003132696919665,0.0397111913357399,0.0006011446625323,0.0433212996389891,0.0003583874766682,0.0469314079422382,0.0006444102165484,1.0,1.0,1.0,1.0,1.0
65,10:50:06,3,0.0288808664259927,3422.0,0.0306859205776173,0.0288808664259927,6.424046978060455e-05,0.0252707581227435,9.513440021695216e-05,0.0216606498194946,0.0001737264643102,0.0180505415162455,0.0001933664965806,0.0144404332129963,0.0001279316573578,0.0324909747292418,0.0002232129586292,0.036101083032491,0.0003130780818955,0.0397111913357399,0.0006011446625323,0.0433212996389891,0.0003583874766682,0.0469314079422382,0.0006444102165484,1.0,1.0,1.0,1.0,1.0
65,10:50:09,3,0.0288808664259927,13414.0,0.0306859205776173,0.0288808664259927,6.334628944959594e-05,0.0252707581227435,9.513440021695216e-05,0.0216606498194946,0.0001735029192274,0.0180505415162455,0.0001933664965806,0.0144404332129963,0.0001279316573578,0.0324909747292418,0.0002226061934045,0.036101083032491,0.0003130780818955,0.0397111913357399,0.0006011446625323,0.0433212996389891,0.0003583874766682,0.0469314079422382,0.0006444102165484,1.0,1.0,1.0,1.0,1.0
65,10:50:12,3,0.0324909747292418,1998.0,0.0306859205776173,0.0288808664259927,6.48152999933958e-05,0.0252707581227435,9.513440021695216e-05,0.0216606498194946,0.0001735029192274,0.0180505415162455,0.0001933664965806,0.0144404332129963,0.0001279316573578,0.0324909747292418,0.0002249693842794,0.036101083032491,0.0003130780818955,0.0397111913357399,0.0006011446625323,0.0433212996389891,0.0003583874766682,0.0469314079422382,0.0006444102165484,1.0,1.0,1.0,1.0,1.0
65,10:50:15,3,0.0324909747292418,0.0,0.0306859205776173,0.0288808664259927,6.641205058448261e-05,0.0252707581227435,9.513440021695216e-05,0.0216606498194946,0.0001735029192274,0.0180505415162455,0.0001933664965806,0.0144404332129963,0.0001279316573578,0.0324909747292418,0.0002250013192912,0.036101083032491,0.0003130780818955,0.0397111913357399,0.0006011446625323,0.0433212996389891,0.0003583874766682,0.0469314079422382,0.0006444102165484,1.0,1.0,1.0,1.0,1.0
65,10:50:18,3,0.0288808664259927,85500.0,0.0306859205776173,0.0288808664259927,5.785346741625731e-05,0.0252707581227435,9.513440021695216e-05,0.0216606498194946,0.0001735029192274,0.0180505415162455,0.0001933664965806,0.0144404332129963,0.0001279316573578,0.0324909747292418,0.0002250013192912,0.036101083032491,0.0003130780818955,0.0397111913357399,0.0006011446625323,0.0433212996389891,0.0003583874766682,0.0469314079422382,0.0006444102165484,1.0,1.0,1.0,1.0,1.0
65,10:50:21,3,0.0324909747292418,2574.0,0.0306859205776173,0.0288808664259927,0.0001303778792634,0.0252707581227435,9.513440021695216e-05,0.0216606498194946,0.0001735029192274,0.0180505415162455,0.0001896939702211,0.0144404332129963,0.0001279316573578,0.0324909747292418,0.0002247139041848,0.036101083032491,0.0003130780818955,0.0397111913357399,0.0006011446625323,0.0433212996389891,0.0003583874766682,0.0469314079422382,0.0006444102165484,1.0,1.0,1.0,1.0,1.0
65,10:50:24,3,0.0324909747292418,9122.0,0.0306859205776173,0.0288808664259927,0.0001296433739915,0.0252707581227435,9.513440021695216e-05,0.0216606498194946,0.0001735029192274,0.0180505415162455,0.0001896939702211,0.0144404332129963,0.0001279316573578,0.0324909747292418,0.0002233726336883,0.036101083032491,0.0003130780818955,0.0397111913357399,0.0005995479119412,0.0433212996389891,0.0003583874766682,0.0469314079422382,0.0006444102165484,1.0,1.0,1.0,1.0,1.0
65,10:50:27,3,0.0288808664259927,27360.0,0.0306859205776173,0.0288808664259927,0.0001266414828802,0.0252707581227435,9.513440021695216e-05,0.0216606498194946,0.0001735029192274,0.0180505415162455,0.0001896939702211,0.0144404332129963,0.0001279316573578,0.0324909747292418,0.0002236281137828,0.036101083032491,0.0003130780818955,0.0397111913357399,0.0005995479119412,0.0433212996389891,0.0003583874766682,0.0469314079422382,0.0006444102165484,1.0,1.0,1.0,1.0,1.0
65,10:50:30,3,0.0324909747292418,1144.0,0.0306859205776173,0.0288808664259927,0.0001266414828802,0.0252707581227435,9.513440021695216e-05,0.0216606498194946,0.0001735029192274,0.0180505415162455,0.0001896939702211,0.0144404332129963,0.0001279316573578,0.0324909747292418,0.0002235003737356,0.036101083032491,0.0003130780818955,0.0397111913357399,0.0005995479119412,0.0433212996389891,0.0003583874766682,0.0469314079422382,0.0006444102165484,1.0,1.0,1.0,1.0,1.0
65,10:50:33,3,0.0324909747292418,46276.0,0.0306859205776173,0.0288808664259927,0.0001248531222182,0.0252707581227435,9.545375033516952e-05,0.0216606498194946,0.0001735029192274,0.0180505415162455,0.0001896939702211,0.0144404332129963,0.0001279316573578,0.0324909747292418,0.0002201152624824,0.036101083032491,0.0003130780818955,0.0397111913357399,0.0005995479119412,0.0433212996389891,0.0003583874766682,0.0469314079422382,0.0006444102165484,1.0,1.0,1.0,1.0,1.0
65,10:50:36,3,0.0288808664259927,205315.0,0.0306859205776173,0.0288808664259927,0.0001237992668281,0.0252707581227435,9.38569997440827e-05,0.0216606498194946,0.0001735029192274,0.0180505415162455,0.0001896939702211,0.0144404332129963,0.0001279316573578,0.0324909747292418,0.0001991978297392,0.036101083032491,0.0003114813313044,0.0397111913357399,0.0005995479119412,0.0433212996389891,0.0003583874766682,0.0469314079422382,0.0006476037177306,1.0,1.0,1.0,1.0,1.0
65,10:50:39,3,0.0324909747292418,3432.0,0.0306859205776173,0.0288808664259927,0.0001269927680103,0.0252707581227435,9.38569997440827e-05,0.0216606498194946,0.0001735029192274,0.0180505415162455,0.0001896939702211,0.0144404332129963,0.0001279316573578,0.0324909747292418,0.000205329352009,0.036101083032491,0.0003114813313044,0.0397111913357399,0.0005979511613501,0.0433212996389891,0.0003583874766682,0.0469314079422382,0.0006476037177306,1.0,1.0,1.0,1.0,1.0
65,10:50:42,3,0.0324909747292418,0.0,0.0306859205776173,0.0288808664259927,0.0001274717931876,0.0252707581227435,9.363345466133056e-05,0.0216606498194946,0.0001735029192274,0.0180505415162455,0.0001896939702211,0.0144404332129963,0.0001279316573578,0.0324909747292418,0.0002045309767134,0.036101083032491,0.0003114813313044,0.0397111913357399,0.0005979511613501,0.0433212996389891,0.0003583874766682,0.0469314079422382,0.0006476037177306,1.0,1.0,1.0,1.0,1.0
65,10:50:45,3,0.0324909747292418,3432.0,0.0306859205776173,0.0288808664259927,0.000128110493424,0.0252707581227435,9.363345466133056e-05,0.0216606498194946,0.0001735029192274,0.0180505415162455,0.0001896939702211,0.0144404332129963,0.0001279316573578,0.0324909747292418,0.0002077244778956,0.036101083032491,0.0003114813313044,0.0397111913357399,0.0005979511613501,0.0433212996389891,0.0003583874766682,0.0469314079422382,0.0006476037177306,1.0,1.0,1.0,1.0,1.0
65,10:50:48,3,0.0324909747292418,6558.0,0.0306859205776173,0.0288808664259927,5.252032044202736e-05,0.0252707581227435,9.363345466133056e-05,0.0216606498194946,0.0001735029192274,0.0180505415162455,0.0001896939702211,0.0144404332129963,0.0001279316573578,0.0324909747292418,0.0002078522179429,0.036101083032491,0.0003114813313044,0.0397111913357399,0.0005979511613501,0.0433212996389891,0.0003577487764318,0.0469314079422382,0.0006476037177306,1.0,1.0,1.0,1.0,1.0
65,10:50:51,3,0.0324909747292418,0.0,0.0306859205776173,0.0288808664259927,5.89073228063746e-05,0.0252707581227435,9.363345466133056e-05,0.0216606498194946,0.0001741416194639,0.0180505415162455,0.0001902688004339,0.0144404332129963,0.0001279316573578,0.0324909747292418,0.000205680637139,0.036101083032491,0.0003119284214699,0.0397111913357399,0.000597791486291,0.0433212996389891,0.0003578126464554,0.0469314079422382,0.0006476037177306,1.0,1.0,1.0,1.0,1.0
65,10:50:54,3,0.0324909747292418,8580.0,0.0306859205776173,0.0288808664259927,5.89073228063746e-05,0.0252707581227435,9.408054482683486e-05,0.0216606498194946,0.0001736306592747,0.0180505415162455,0.0001902688004339,0.0144404332129963,0.0001279316573578,0.0324909747292418,0.0002048503268317,0.036101083032491,0.0003127587317773,0.0397111913357399,0.000597791486291,0.0433212996389891,0.0003578126464554,0.0469314079422382,0.0006476037177306,1.0,1.0,1.0,1.0,1.0
65,10:50:57,3,0.0324909747292418,572.0,0.0306859205776173,0.0288808664259927,6.210082398854822e-05,0.0252707581227435,9.408054482683486e-05,0.0216606498194946,0.0001736306592747,0.0180505415162455,0.0001902688004339,0.0144404332129963,0.0001279316573578,0.0324909747292418,0.0002048503268317,0.036101083032491,0.0003119284214699,0.0397111913357399,0.0005976637462437,0.0433212996389891,0.0003514256440911,0.0469314079422382,0.0006507972189127,1.0,1.0,1.0,1.0,1.0
65,10:51:00,3,0.0324909747292418,0.0,0.0306859205776173,0.0288808664259927,6.210082398854822e-05,0.0252707581227435,9.497472515784348e-05,0.0216606498194946,0.0001736306592747,0.0180505415162455,0.0001902688004339,0.0144404332129963,0.0001279316573578,0.0324909747292418,0.0002003794251766,0.036101083032491,0.0003119284214699,0.0397111913357399,0.0005964502157945,0.0433212996389891,0.0003514256440911,0.0469314079422382,0.0006507972189127,1.0,1.0,1.0,1.0,1.0
65,10:51:03,3,0.0288808664259927,27930.0,0.0306859205776173,0.0288808664259927,5.897119283001808e-05,0.0252707581227435,9.497472515784348e-05,0.0216606498194946,0.0001736306592747,0.0180505415162455,0.0001902688004339,0.0144404332129963,0.0001279316573578,0.0324909747292418,0.0001932898525522,0.036101083032491,0.0003119284214699,0.0397111913357399,0.0005964502157945,0.0433212996389891,0.0003514256440911,0.0469314079422382,0.0006507972189127,1.0,1.0,1.0,1.0,1.0
65,10:51:06,3,0.0288808664259927,1141.0,0.0306859205776173,0.0288808664259927,5.900312784183981e-05,0.0252707581227435,9.497472515784348e-05,0.0216606498194946,0.0001736306592747,0.0180505415162455,0.0001902688004339,0.0144404332129963,0.0001279316573578,0.0324909747292418,0.0001950143431906,0.036101083032491,0.0003119284214699,0.0397111913357399,0.0005964502157945,0.0433212996389891,0.0003514256440911,0.0469314079422382,0.0006507972189127,1.0,1.0,1.0,1.0,1.0
65,10:51:09,3,0.0324909747292418,858.0,0.0306859205776173,0.0288808664259927,5.900312784183981e-05,0.0252707581227435,9.497472515784348e-05,0.0216606498194946,0.0001736306592747,0.0180505415162455,0.0001902688004339,0.0144404332129963,0.0001279316573578,0.0324909747292418,0.0001948866031433,0.036101083032491,0.0003122477715882,0.0397111913357399,0.0005964502157945,0.0433212996389891,0.0003488708431453,0.0469314079422382,0.0006508610889364,1.0,1.0,1.0,1.0,1.0
65,10:51:12,3,0.0324909747292418,0.0,0.0306859205776173,0.0288808664259927,6.0056983231957104e-05,0.0252707581227435,9.497472515784348e-05,0.0216606498194946,0.0001736306592747,0.0180505415162455,0.0001902688004339,0.0144404332129963,0.0001273887621569,0.0324909747292418,0.0001948866031433,0.036101083032491,0.0003122477715882,0.0397111913357399,0.0005964502157945,0.0433212996389891,0.0003488708431453,0.0469314079422382,0.0006508610889364,1.0,1.0,1.0,1.0,1.0
65,10:51:15,3,0.0324909747292418,0.0,0.0306859205776173,0.0288808664259927,6.0056983231957104e-05,0.0252707581227435,9.497472515784348e-05,0.0216606498194946,0.0001768241604569,0.0180505415162455,0.0001903646054693,0.0144404332129963,0.0001273887621569,0.0324909747292418,0.0001961001335925,0.036101083032491,0.0003122477715882,0.0397111913357399,0.0005964502157945,0.0433212996389891,0.0003488708431453,0.0469314079422382,0.0006508610889364,1.0,1.0,1.0,1.0,1.0
65,10:51:18,3,0.0288808664259927,17670.0,0.0306859205776173,0.0288808664259927,5.8077012499009457e-05,0.0252707581227435,9.497472515784348e-05,0.0216606498194946,0.0001768241604569,0.0180505415162455,0.0001903646054693,0.0144404332129963,0.0001273887621569,0.0324909747292418,0.0002031258361933,0.036101083032491,0.0003134613020374,0.0397111913357399,0.0005964502157945,0.0433212996389891,0.0003488708431453,0.0469314079422382,0.0006508610889364,1.0,1.0,1.0,1.0,0.0
65,10:51:21,3,0.0324909747292418,17160.0,0.0306859205776173,0.0288808664259927,5.8077012499009457e-05,0.0252707581227435,9.497472515784348e-05,0.0216606498194946,0.0001747483846885,0.0180505415162455,0.0001903646054693,0.0144404332129963,0.0001273887621569,0.0324909747292418,0.0002376795189844,0.036101083032491,0.0003134613020374,0.0397111913357399,0.0005974082661492,0.0433212996389891,0.0003488708431453,0.0469314079422382,0.0006508610889364,1.0,1.0,1.0,1.0,0.0
65,10:51:24,3,0.0324909747292418,12012.0,0.0306859205776173,0.0288808664259927,5.8077012499009457e-05,0.0252707581227435,9.497472515784348e-05,0.0216606498194946,0.0001747483846885,0.0180505415162455,0.0001903646054693,0.0144404332129963,0.0001273887621569,0.0324909747292418,0.0002364021185115,0.036101083032491,0.0003136209770965,0.0397111913357399,0.0005942466999788,0.0433212996389891,0.0003488708431453,0.0469314079422382,0.0006515317241846,1.0,1.0,1.0,1.0,0.0
65,10:51:27,3,0.0288808664259927,6857.0,0.0306859205776173,0.0288808664259927,5.906699786548328e-05,0.0252707581227435,9.497472515784348e-05,0.0216606498194946,0.0001747483846885,0.0180505415162455,0.0001903646054693,0.0144404332129963,0.0001273887621569,0.0324909747292418,0.0002358592233106,0.036101083032491,0.0003180918787515,0.0397111913357399,0.0005979192263383,0.0433212996389891,0.0003493498683227,0.0469314079422382,0.0006519788143502,1.0,1.0,1.0,1.0,0.0
65,10:51:30,3,0.0324909747292418,572.0,0.0306859205776173,0.0288808664259927,5.906699786548328e-05,0.0252707581227435,9.497472515784348e-05,0.0216606498194946,0.0001757064350431,0.0180505415162455,0.0001903646054693,0.0144404332129963,0.0001273887621569,0.0324909747292418,0.0002357953532869,0.036101083032491,0.0003180918787515,0.0397111913357399,0.0005979192263383,0.0433212996389891,0.0003493498683227,0.0469314079422382,0.0006522981644684,1.0,1.0,1.0,1.0,0.0
65,10:51:33,3,0.0324909747292418,0.0,0.0306859205776173,0.0288808664259927,5.929054294823543e-05,0.0252707581227435,9.372925969679576e-05,0.0216606498194946,0.0001757064350431,0.0180505415162455,0.0001903646054693,0.0144404332129963,0.000126111361684,0.0324909747292418,0.0002357953532869,0.036101083032491,0.0003180918787515,0.0397111913357399,0.0005979192263383,0.0433212996389891,0.0003493498683227,0.0469314079422382,0.0006519788143502,1.0,1.0,1.0,1.0,0.0
65,10:51:36,3,0.0324909747292418,29643.0,0.0306859205776173,0.0288808664259927,5.606510675424008e-05,0.0252707581227435,9.372925969679576e-05,0.0216606498194946,0.0001757064350431,0.0180505415162455,0.0001903646054693,0.0144404332129963,0.0001251533113293,0.0324909747292418,0.0002331447473057,0.036101083032491,0.0003180918787515,0.0397111913357399,0.0005985579265748,0.0433212996389891,0.0003493498683227,0.0469314079422382,0.0006519788143502,1.0,1.0,1.0,1.0,0.0
65,10:51:39,3,0.0324909747292418,572.0,0.0306859205776173,0.0288808664259927,5.692735207342696e-05,0.0252707581227435,9.372925969679576e-05,0.0216606498194946,0.0001757064350431,0.0180505415162455,0.0001902049304102,0.0144404332129963,0.0001251533113293,0.0324909747292418,0.0002333044223648,0.036101083032491,0.000318730578988,0.0397111913357399,0.0005985579265748,0.0433212996389891,0.000348934713169,0.0469314079422382,0.0006519788143502,1.0,1.0,1.0,1.0,0.0
65,10:51:42,3,0.0288808664259927,36197.0,0.0306859205776173,0.0288808664259927,5.606510675424008e-05,0.0252707581227435,9.372925969679576e-05,0.0216606498194946,0.0001757064350431,0.0180505415162455,0.0001902049304102,0.0144404332129963,0.0001251533113293,0.0324909747292418,0.0002343902127668,0.036101083032491,0.000318730578988,0.0397111913357399,0.0005985579265748,0.0433212996389891,0.000348934713169,0.0469314079422382,0.0006519788143502,1.0,1.0,1.0,1.0,0.0
65,10:51:45,3,0.0324909747292418,2574.0,0.0306859205776173,0.0288808664259927,5.606510675424008e-05,0.0252707581227435,9.38569997440827e-05,0.0216606498194946,0.0001916100709304,0.0180505415162455,0.0001902049304102,0.0144404332129963,0.0001254407264357,0.0324909747292418,0.0002348373029323,0.036101083032491,0.000318730578988,0.0397111913357399,0.0005985579265748,0.0433212996389891,0.000348934713169,0.0469314079422382,0.0006519788143502,1.0,1.0,1.0,1.0,0.0
65,10:51:48,3,0.0324909747292418,0.0,0.0306859205776173,0.0288808664259927,5.622478181334876e-05,0.0252707581227435,9.388893475590444e-05,0.0216606498194946,0.0001916100709304,0.0180505415162455,0.0001902049304102,0.0144404332129963,0.0001254407264357,0.0324909747292418,0.0002354760031687,0.036101083032491,0.000318730578988,0.0397111913357399,0.0005985579265748,0.0433212996389891,0.000348934713169,0.0469314079422382,0.0006519788143502,1.0,1.0,1.0,1.0,0.0
65,10:51:51,3,0.0324909747292418,285858.0,0.0306859205776173,0.0288808664259927,2.5056210275334226e-05,0.0252707581227435,9.484698511055652e-05,0.0216606498194946,0.0001916100709304,0.0180505415162455,0.0001902049304102,0.0144404332129963,0.0001254407264357,0.0324909747292418,0.0002354121331451,0.036101083032491,0.0003219240801701,0.0397111913357399,0.0005985579265748,0.0433212996389891,0.000348934713169,0.0469314079422382,0.0006519788143502,1.0,1.0,1.0,1.0,0.0
65,10:51:54,3,0.0324909747292418,0.0,0.0306859205776173,0.0288808664259927,2.5152015310799435e-05,0.0252707581227435,9.484698511055652e-05,0.0216606498194946,0.0001916100709304,0.0180505415162455,0.0001902049304102,0.0144404332129963,0.0001254407264357,0.0324909747292418,0.0002358272882987,0.036101083032491,0.0003219240801701,0.0397111913357399,0.000598877276693,0.0433212996389891,0.000348934713169,0.0469314079422382,0.0006521384894093,1.0,1.0,1.0,1.0,0.0
65,10:51:57,3,0.0324909747292418,3422.0,0.0306859205776173,0.0288808664259927,2.3970419873395196e-05,0.0252707581227435,9.644373570164334e-05,0.0216606498194946,0.0001916100709304,0.0180505415162455,0.0001902049304102,0.0144404332129963,0.0001254407264357,0.0324909747292418,0.0002358911583224,0.036101083032491,0.0003219240801701,0.0397111913357399,0.000598877276693,0.0433212996389891,0.000348934713169,0.0469314079422382,0.0006521384894093,1.0,1.0,1.0,1.0,0.0
65,10:52:00,3,0.0324909747292418,161895.0,0.0306859205776173,0.0288808664259927,6.34229334779681e-06,0.0252707581227435,9.644373570164334e-05,0.0216606498194946,0.0001916100709304,0.0180505415162455,0.0001902049304102,0.0144404332129963,0.0001254407264357,0.0324909747292418,0.0002354121331451,0.036101083032491,0.0003283110825345,0.0397111913357399,0.000598877276693,0.0433212996389891,0.000348934713169,0.0469314079422382,0.0006521384894093,1.0,1.0,1.0,1.0,0.0
65,10:52:03,3,0.0288808664259927,62700.0,0.0306859205776173,0.0288808664259927,7.493869874088618e-05,0.0252707581227435,9.644373570164334e-05,0.0216606498194946,0.0001916100709304,0.0180505415162455,0.0001902049304102,0.0144404332129963,0.0001257920115658,0.0324909747292418,0.0002354121331451,0.036101083032491,0.0003277043173099,0.0397111913357399,0.000598877276693,0.0433212996389891,0.000348934713169,0.0469314079422382,0.0006521384894093,1.0,1.0,1.0,1.0,0.0
65,10:52:06,3,0.0324909747292418,18018.0,0.0306859205776173,0.0288808664259927,7.573707403642959e-05,0.0252707581227435,9.644373570164334e-05,0.0216606498194946,0.0001916100709304,0.0180505415162455,0.0001902049304102,0.0144404332129963,0.0001257920115658,0.0324909747292418,0.0002340708626485,0.036101083032491,0.0003280236674281,0.0397111913357399,0.000598877276693,0.0433212996389891,0.000348934713169,0.0469314079422382,0.0006521384894093,1.0,1.0,1.0,1.0,0.0
65,10:52:09,3,0.0288808664259927,285.0,0.0306859205776173,0.0288808664259927,7.730188961569465e-05,0.0252707581227435,9.644373570164334e-05,0.0216606498194946,0.0001916100709304,0.0180505415162455,0.0001902049304102,0.0144404332129963,0.0001257920115658,0.0324909747292418,0.000237743389008,0.036101083032491,0.0003280236674281,0.0397111913357399,0.000598877276693,0.0433212996389891,0.0003495734134054,0.0469314079422382,0.0006521384894093,1.0,1.0,1.0,1.0,0.0
65,10:52:12,3,0.0288808664259927,0.0,0.0306859205776173,0.0288808664259927,7.730188961569465e-05,0.0252707581227435,9.644373570164334e-05,0.0216606498194946,0.0001916100709304,0.0180505415162455,0.0001902049304102,0.0144404332129963,0.0001257920115658,0.0324909747292418,0.0002378711290553,0.036101083032491,0.0003280236674281,0.0397111913357399,0.000598877276693,0.0433212996389891,0.0003495734134054,0.0469314079422382,0.0006484020930261,1.0,1.0,1.0,1.0,0.0
65,10:52:15,3,0.0324909747292418,857.0,0.0306859205776173,0.0288808664259927,7.758930472209029e-05,0.0252707581227435,9.612438558342598e-05,0.0216606498194946,0.0001916100709304,0.0180505415162455,0.0001902049304102,0.0144404332129963,0.0001257920115658,0.0324909747292418,0.0002413839803557,0.036101083032491,0.0003280236674281,0.0397111913357399,0.000598877276693,0.0433212996389891,0.0003495734134054,0.0469314079422382,0.0006484020930261,1.0,1.0,1.0,1.0,0.0
65,10:52:18,3,0.0288808664259927,83790.0,0.0306859205776173,0.0288808664259927,6.839202131743025e-05,0.0252707581227435,9.708243593807804e-05,0.0216606498194946,0.0001916100709304,0.0180505415162455,0.0001902049304102,0.0144404332129963,0.0001257920115658,0.0324909747292418,0.0002420226805922,0.036101083032491,0.0003280236674281,0.0397111913357399,0.000599228561823,0.0433212996389891,0.0003495734134054,0.0469314079422382,0.0006415041304726,1.0,1.0,1.0,0.0,0.0
65,10:52:21,3,0.0288808664259927,0.0,0.0306859205776173,0.0288808664259927,6.909459157750846e-05,0.0252707581227435,9.708243593807804e-05,0.0216606498194946,0.0001916100709304,0.0180505415162455,0.0001902049304102,0.0144404332129963,0.0001264307118022,0.0324909747292418,0.0002423739657222,0.036101083032491,0.0003280236674281,0.0397111913357399,0.000599228561823,0.0433212996389891,0.0003495734134054,0.0469314079422382,0.0006415041304726,1.0,1.0,1.0,0.0,0.0
65,10:52:24,3,0.0288808664259927,0.0,0.0306859205776173,0.0288808664259927,6.909459157750846e-05,0.0252707581227435,9.548568534699125e-05,0.0216606498194946,0.0001916100709304,0.0180505415162455,0.0001902049304102,0.0144404332129963,0.0001264307118022,0.0324909747292418,0.0002423739657222,0.036101083032491,0.0003280236674281,0.0397111913357399,0.000599228561823,0.0433212996389891,0.0003495734134054,0.0469314079422382,0.0006415041304726,1.0,1.0,1.0,0.0,0.0
65,10:52:27,3,0.0324909747292418,857.0,0.0306859205776173,0.0288808664259927,7.206454767692991e-05,0.0252707581227435,9.58050354652086e-05,0.0216606498194946,0.0001916100709304,0.0180505415162455,0.0001902049304102,0.0144404332129963,0.0001264307118022,0.0324909747292418,0.0002432681460532,0.036101083032491,0.0003280236674281,0.0397111913357399,0.0005998672620594,0.0433212996389891,0.0003495734134054,0.0469314079422382,0.0006415041304726,1.0,1.0,1.0,0.0,0.0
65,10:52:30,3,0.0288808664259927,8269.0,0.0306859205776173,0.0288808664259927,7.126617238138651e-05,0.0252707581227435,9.58050354652086e-05,0.0216606498194946,0.0001916100709304,0.0180505415162455,0.0001902049304102,0.0144404332129963,0.0001264307118022,0.0324909747292418,0.0002463339071881,0.036101083032491,0.0003318558688467,0.0397111913357399,0.0005998672620594,0.0433212996389891,0.0003495734134054,0.0469314079422382,0.0006415041304726,1.0,1.0,1.0,0.0,0.0
65,10:52:33,3,0.0288808664259927,0.0,0.0306859205776173,0.0288808664259927,7.126617238138651e-05,0.0252707581227435,9.58050354652086e-05,0.0216606498194946,0.0001916100709304,0.0180505415162455,0.0001902049304102,0.0144404332129963,0.0001264307118022,0.0324909747292418,0.0002463339071881,0.036101083032491,0.0003337080995324,0.0397111913357399,0.0005998672620594,0.0433212996389891,0.0003495734134054,0.0469314079422382,0.0006416638055317,1.0,1.0,1.0,0.0,0.0
65,10:52:36,3,0.0324909747292418,572.0,0.0306859205776173,0.0288808664259927,7.209648268875165e-05,0.0252707581227435,9.58050354652086e-05,0.0216606498194946,0.0001916100709304,0.0180505415162455,0.0001903007354457,0.0144404332129963,0.0001264307118022,0.0324909747292418,0.0002462700371645,0.036101083032491,0.0003332610093669,0.0397111913357399,0.0005998672620594,0.0433212996389891,0.0003495734134054,0.0469314079422382,0.0006416638055317,1.0,1.0,1.0,0.0,0.0
65,10:52:39,3,0.0288808664259927,108595.0,0.0306859205776173,0.0288808664259927,6.96694217902997e-05,0.0252707581227435,9.58050354652086e-05,0.0216606498194946,0.0001916100709304,0.0180505415162455,0.0001903007354457,0.0144404332129963,0.0001264307118022,0.0324909747292418,0.0002459506870462,0.036101083032491,0.0003278001223453,0.0397111913357399,0.0005998672620594,0.0433212996389891,0.0003495734134054,0.0469314079422382,0.0006416638055317,1.0,1.0,1.0,0.0,0.0
65,10:52:42,3,0.0288808664259927,0.0,0.0306859205776173,0.0288808664259927,6.96694217902997e-05,0.0252707581227435,9.58050354652086e-05,0.0216606498194946,0.0001916100709304,0.0180505415162455,0.0001903007354457,0.0144404332129963,0.0001264307118022,0.0324909747292418,0.0002389249844455,0.036101083032491,0.0003278001223453,0.0397111913357399,0.0005998672620594,0.0433212996389891,0.0003495734134054,0.0469314079422382,0.0006416638055317,1.0,1.0,1.0,0.0,0.0
65,10:52:45,3,0.0288808664259927,4846.0,0.0306859205776173,0.0288808664259927,6.915846160115192e-05,0.0252707581227435,9.58050354652086e-05,0.0216606498194946,0.0001948035721125,0.0180505415162455,0.0001903007354457,0.0144404332129963,0.0001246423511402,0.0324909747292418,0.0002404898000247,0.036101083032491,0.0003278001223453,0.0397111913357399,0.0005998672620594,0.0433212996389891,0.0003495734134054,0.0469314079422382,0.0006416638055317,1.0,1.0,1.0,0.0,0.0
65,10:52:48,3,0.0288808664259927,33347.0,0.0306859205776173,0.0288808664259927,6.548593524165226e-05,0.0252707581227435,9.58050354652086e-05,0.0216606498194946,0.0001948035721125,0.0180505415162455,0.0001903007354457,0.0144404332129963,0.0001246423511402,0.0324909747292418,0.0002404259300011,0.036101083032491,0.0003278001223453,0.0397111913357399,0.0005998672620594,0.0433212996389891,0.0003495734134054,0.0469314079422382,0.0006416638055317,1.0,1.0,1.0,0.0,0.0
65,10:52:51,3,0.0288808664259927,285.0,0.0306859205776173,0.0288808664259927,6.577335034804789e-05,0.0252707581227435,9.58050354652086e-05,0.0216606498194946,0.0001948035721125,0.0180505415162455,0.0001903007354457,0.0144404332129963,0.0001246423511402,0.0324909747292418,0.0002404578650129,0.036101083032491,0.0003278001223453,0.0397111913357399,0.0005998672620594,0.0433212996389891,0.0003495734134054,0.0469314079422382,0.0006416638055317,1.0,1.0,1.0,0.0,0.0
65,10:52:54,3,0.0288808664259927,15690.0,0.0306859205776173,0.0288808664259927,6.813654122285637e-05,0.0252707581227435,9.58050354652086e-05,0.0216606498194946,0.0001948035721125,0.0180505415162455,0.0001903007354457,0.0144404332129963,0.0001246423511402,0.0324909747292418,0.0002480264628146,0.036101083032491,0.0003281194724636,0.0397111913357399,0.000599228561823,0.0433212996389891,0.0003495734134054,0.0469314079422382,0.0006416638055317,1.0,1.0,1.0,0.0,0.0
65,10:52:57,3,0.0324909747292418,286.0,0.0306859205776173,0.0288808664259927,6.813654122285637e-05,0.0252707581227435,9.58050354652086e-05,0.0216606498194946,0.0001995938238858,0.0180505415162455,0.0001903007354457,0.0144404332129963,0.0001246423511402,0.0324909747292418,0.0002479945278028,0.036101083032491,0.0003281194724636,0.0397111913357399,0.000599228561823,0.0433212996389891,0.0003495734134054,0.0469314079422382,0.0006416638055317,1.0,1.0,1.0,0.0,0.0
65,10:53:00,3,0.0324909747292418,572.0,0.0306859205776173,0.0288808664259927,6.813654122285637e-05,0.0252707581227435,9.58050354652086e-05,0.0216606498194946,0.0001995938238858,0.0180505415162455,0.0001903007354457,0.0144404332129963,0.0001246423511402,0.0324909747292418,0.0002480264628146,0.036101083032491,0.0003281194724636,0.0397111913357399,0.000599228561823,0.0433212996389891,0.0003511701639965,0.0469314079422382,0.0006419831556499,1.0,1.0,1.0,0.0,0.0
65,10:53:03,3,0.0288808664259927,7410.0,0.0306859205776173,0.0288808664259927,7.704640952112076e-05,0.0252707581227435,0.0001028626730778,0.0216606498194946,0.0001995938238858,0.0180505415162455,0.0001903007354457,0.0144404332129963,0.0001246423511402,0.0324909747292418,0.0002496551484176,0.036101083032491,0.0003274807722271,0.0397111913357399,0.000599228561823,0.0433212996389891,0.0003511701639965,0.0469314079422382,0.0006419831556499,1.0,1.0,1.0,0.0,0.0
65,10:53:06,3,0.0288808664259927,0.0,0.0306859205776173,0.0288808664259927,7.624803422557736e-05,0.0252707581227435,0.0001028626730778,0.0216606498194946,0.0002017973397015,0.0180505415162455,0.0001903007354457,0.0144404332129963,0.0001246423511402,0.0324909747292418,0.0002496870834294,0.036101083032491,0.0003268420719907,0.0397111913357399,0.000599228561823,0.0433212996389891,0.0003511701639965,0.0469314079422382,0.0006419831556499,1.0,1.0,1.0,0.0,0.0
65,10:53:09,3,0.0288808664259927,5700.0,0.0306859205776173,0.0288808664259927,7.720608458022945e-05,0.0252707581227435,0.0001028626730778,0.0216606498194946,0.0002017973397015,0.0180505415162455,0.0001903007354457,0.0144404332129963,0.0001246423511402,0.0324909747292418,0.0002504854587249,0.036101083032491,0.0003272572271444,0.0397111913357399,0.000599228561823,0.0433212996389891,0.000360750667543,0.0469314079422382,0.0006419831556499,1.0,1.0,1.0,0.0,0.0
65,10:53:12,3,0.0324909747292418,858.0,0.0306859205776173,0.0288808664259927,7.877090015949452e-05,0.0252707581227435,0.0001028626730778,0.0216606498194946,0.0002017973397015,0.0180505415162455,0.0001903007354457,0.0144404332129963,0.0001246423511402,0.0324909747292418,0.0002585969517276,0.036101083032491,0.0003272572271444,0.0397111913357399,0.000599228561823,0.0433212996389891,0.000360750667543,0.0469314079422382,0.0006419831556499,1.0,1.0,1.0,0.0,0.0
65,10:53:15,3,0.0288808664259927,43607.0,0.0306859205776173,0.0288808664259927,7.394871337441235e-05,0.0252707581227435,0.0001028626730778,0.0216606498194946,0.0002017973397015,0.0180505415162455,0.0001903007354457,0.0144404332129963,0.0001246423511402,0.0324909747292418,0.0002580221215148,0.036101083032491,0.0003272572271444,0.0397111913357399,0.000599228561823,0.0433212996389891,0.000360750667543,0.0469314079422382,0.0006419192856263,1.0,1.0,1.0,0.0,0.0
65,10:53:18,3,0.0288808664259927,0.0,0.0306859205776173,0.0288808664259927,7.394871337441235e-05,0.0252707581227435,0.0001028626730778,0.0216606498194946,0.0002017973397015,0.0180505415162455,0.0001903007354457,0.0144404332129963,0.0001246423511402,0.0324909747292418,0.000261215622697,0.036101083032491,0.0003272572271444,0.0397111913357399,0.000599228561823,0.0433212996389891,0.000360750667543,0.0469314079422382,0.0006419192856263,1.0,1.0,0.0,0.0,0.0
65,10:53:21,3,0.0324909747292418,857.0,0.0306859205776173,0.0288808664259927,7.391677836259061e-05,0.0252707581227435,0.0001028626730778,0.0216606498194946,0.0002017973397015,0.0180505415162455,0.0001903007354457,0.0144404332129963,0.0001246423511402,0.0324909747292418,0.0002611517526734,0.036101083032491,0.0003256604765533,0.0397111913357399,0.000599228561823,0.0433212996389891,0.000360750667543,0.0469314079422382,0.0006419192856263,1.0,1.0,0.0,0.0,0.0
65,10:53:24,3,0.0324909747292418,0.0,0.0306859205776173,0.0288808664259927,7.391677836259061e-05,0.0252707581227435,0.0001028626730778,0.0216606498194946,0.0002017973397015,0.0180505415162455,0.0001903007354457,0.0144404332129963,0.0001246423511402,0.0324909747292418,0.0002624291531462,0.036101083032491,0.0003262991767897,0.0397111913357399,0.000599228561823,0.0433212996389891,0.0003606548625075,0.0469314079422382,0.0006419192856263,1.0,1.0,0.0,0.0,0.0
65,10:53:27,3,0.0324909747292418,2002.0,0.0306859205776173,0.0288808664259927,8.729754831589809e-05,0.0252707581227435,0.0001028626730778,0.0216606498194946,0.0002017973397015,0.0180505415162455,0.0001903007354457,0.0144404332129963,0.0001246423511402,0.0324909747292418,0.0002701893610189,0.036101083032491,0.0003262991767897,0.0397111913357399,0.000599228561823,0.0433212996389891,0.0003609742126258,0.0469314079422382,0.0006419192856263,1.0,1.0,0.0,0.0,0.0
65,10:53:30,3,0.0324909747292418,572.0,0.0306859205776173,0.0288808664259927,8.729754831589809e-05,0.0252707581227435,0.0001028626730778,0.0216606498194946,0.0002017973397015,0.0180505415162455,0.0001903007354457,0.0144404332129963,0.0001246423511402,0.0324909747292418,0.0002707641912317,0.036101083032491,0.0003195928243072,0.0397111913357399,0.000599228561823,0.0433212996389891,0.0003609742126258,0.0469314079422382,0.0006419192856263,1.0,1.0,0.0,0.0,0.0
65,10:53:33,3,0.0324909747292418,2860.0,0.0306859205776173,0.0288808664259927,9.029943942714128e-05,0.0252707581227435,0.0001028626730778,0.0216606498194946,0.0002017973397015,0.0180505415162455,0.0001903007354457,0.0144404332129963,0.0001246423511402,0.0324909747292418,0.0002709558013027,0.036101083032491,0.0003195928243072,0.0397111913357399,0.000599228561823,0.0433212996389891,0.0003609742126258,0.0469314079422382,0.0006454321369267,1.0,1.0,0.0,0.0,0.0
65,10:53:36,3,0.0324909747292418,0.0,0.0306859205776173,0.0288808664259927,9.029943942714128e-05,0.0252707581227435,0.0001028626730778,0.0216606498194946,0.0002017973397015,0.0180505415162455,0.0001903007354457,0.0144404332129963,0.0001246423511402,0.0324909747292418,0.0002709877363145,0.036101083032491,0.0003195928243072,0.0397111913357399,0.000599228561823,0.0433212996389891,0.0003609742126258,0.0469314079422382,0.0006454321369267,1.0,1.0,0.0,0.0,0.0
65,10:53:39,3,0.0324909747292418,0.0,0.0306859205776173,0.0288808664259927,9.48980811294713e-05,0.0252707581227435,0.0001028626730778,0.0216606498194946,0.0002033940902926,0.0180505415162455,0.0001903007354457,0.0144404332129963,0.0001246423511402,0.0324909747292418,0.0002710196713263,0.036101083032491,0.0003195928243072,0.0397111913357399,0.0005998672620594,0.0433212996389891,0.0003609742126258,0.0469314079422382,0.0006454321369267,1.0,1.0,0.0,0.0,0.0
65,10:53:42,3,0.0288808664259927,4275.0,0.0306859205776173,0.0288808664259927,0.0001008060583164,0.0252707581227435,0.0001036929833851,0.0216606498194946,0.0002033940902926,0.0180505415162455,0.0001903007354457,0.0144404332129963,0.0001246423511402,0.0324909747292418,0.0002710196713263,0.036101083032491,0.0003195928243072,0.0397111913357399,0.0005998672620594,0.0433212996389891,0.0003609742126258,0.0469314079422382,0.0006454321369267,1.0,1.0,0.0,0.0,0.0
65,10:53:45,3,0.0324909747292418,14872.0,0.0306859205776173,0.0288808664259927,0.0001055963100897,0.0252707581227435,0.0001036929833851,0.0216606498194946,0.0002033940902926,0.0180505415162455,0.0001903007354457,0.0144404332129963,0.0001246423511402,0.0324909747292418,0.0002763528183005,0.036101083032491,0.0003195928243072,0.0397111913357399,0.0005998672620594,0.0433212996389891,0.0003609742126258,0.0469314079422382,0.0006454321369267,1.0,1.0,0.0,0.0,0.0
65,10:53:48,3,0.0324909747292418,19162.0,0.0306859205776173,0.0288808664259927,0.0001055963100897,0.0252707581227435,0.0001036929833851,0.0216606498194946,0.0002033940902926,0.0180505415162455,0.0001903007354457,0.0144404332129963,0.0001246423511402,0.0324909747292418,0.0002742131725085,0.036101083032491,0.0003195928243072,0.0397111913357399,0.0005998672620594,0.0433212996389891,0.0003609742126258,0.0469314079422382,0.0006454321369267,1.0,0.0,0.0,0.0,0.0
65,10:53:51,3,0.0324909747292418,286.0,0.0306859205776173,0.0288808664259927,0.0001055963100897,0.0252707581227435,0.0001036929833851,0.0216606498194946,0.0002038731154699,0.0180505415162455,0.0001903007354457,0.0144404332129963,0.0001246423511402,0.0324909747292418,0.0002751712228631,0.036101083032491,0.0003207105497209,0.0397111913357399,0.0005998672620594,0.0433212996389891,0.0003608145375667,0.0469314079422382,0.000647348237636,1.0,0.0,0.0,0.0,0.0
65,10:53:54,3,0.0288808664259927,28500.0,0.0306859205776173,0.0288808664259927,0.0001024666789312,0.0252707581227435,0.0001036929833851,0.0216606498194946,0.0002047672958009,0.0180505415162455,0.0001903007354457,0.0144404332129963,0.0001246423511402,0.0324909747292418,0.0002815262902156,0.036101083032491,0.0003207105497209,0.0397111913357399,0.0005998672620594,0.0433212996389891,0.0003608145375667,0.0469314079422382,0.0006467095373996,1.0,0.0,0.0,0.0,0.0
65,10:53:57,3,0.0324909747292418,5417.0,0.0306859205776173,0.0288808664259927,0.0001019237837302,0.0252707581227435,0.0001036929833851,0.0216606498194946,0.0002047672958009,0.0180505415162455,0.0001903007354457,0.0144404332129963,0.0001246423511402,0.0324909747292418,0.000286124931918,0.036101083032491,0.0003207105497209,0.0397111913357399,0.0005998672620594,0.0433212996389891,0.0003608145375667,0.0469314079422382,0.0006467095373996,1.0,0.0,0.0,0.0,0.0
65,10:54:00,3,0.0324909747292418,0.0,0.0306859205776173,0.0288808664259927,0.0001027221590257,0.0252707581227435,0.0001036929833851,0.0216606498194946,0.0002050866459191,0.0180505415162455,0.0001903007354457,0.0144404332129963,0.0001246423511402,0.0324909747292418,0.000286124931918,0.036101083032491,0.0003207105497209,0.0397111913357399,0.0005998672620594,0.0433212996389891,0.0003576210363845,0.0469314079422382,0.0006467095373996,1.0,0.0,0.0,0.0,0.0
65,10:54:03,3,0.0288808664259927,2850.0,0.0306859205776173,0.0288808664259927,0.0001024028089075,0.0252707581227435,0.0001036929833851,0.0216606498194946,0.0002050866459191,0.0180505415162455,0.0001906200855639,0.0144404332129963,0.0001246423511402,0.0324909747292418,0.0002861568669298,0.036101083032491,0.0003207105497209,0.0397111913357399,0.0005998672620594,0.0433212996389891,0.0003576210363845,0.0469314079422382,0.0006467095373996,0.0,0.0,0.0,0.0,0.0
65,10:54:06,3,0.0324909747292418,5138.0,0.0306859205776173,0.0288808664259927,0.0001020834587893,0.0252707581227435,0.0001036929833851,0.0216606498194946,0.0002050866459191,0.0180505415162455,0.0001906200855639,0.0144404332129963,0.0001259197516131,0.0324909747292418,0.0002860929969062,0.036101083032491,0.0003207105497209,0.0397111913357399,0.0005998672620594,0.0433212996389891,0.0003576210363845,0.0469314079422382,0.0006467095373996,0.0,0.0,0.0,0.0,0.0
65,10:54:09,3,0.0288808664259927,3135.0,0.0306859205776173,0.0288808664259927,0.0001017641086711,0.0252707581227435,0.0001036929833851,0.0216606498194946,0.0001986996435548,0.0180505415162455,0.0001906200855639,0.0144404332129963,0.0001259197516131,0.0324909747292418,0.0002864123470244,0.036101083032491,0.0003175170485387,0.0397111913357399,0.0006001866121777,0.0433212996389891,0.0003581639315855,0.0469314079422382,0.0006467095373996,0.0,0.0,0.0,0.0,0.0
65,10:54:12,3,0.0288808664259927,0.0,0.0306859205776173,0.0288808664259927,0.0001017641086711,0.0252707581227435,0.0001036929833851,0.0216606498194946,0.0001986996435548,0.0180505415162455,0.0001909394356821,0.0144404332129963,0.0001259197516131,0.0324909747292418,0.0003044556287037,0.036101083032491,0.0003207105497209,0.0397111913357399,0.0006001866121777,0.0433212996389891,0.0003581639315855,0.0469314079422382,0.0006467095373996,0.0,0.0,0.0,0.0,0.0
65,10:54:15,3,0.0288808664259927,10545.0,0.0306859205776173,0.0288808664259927,0.0001021792638248,0.0252707581227435,0.0001036929833851,0.0216606498194946,0.0001986996435548,0.0180505415162455,0.0001909394356821,0.0144404332129963,0.0001259516866249,0.0324909747292418,0.0003052220689874,0.036101083032491,0.0003207105497209,0.0397111913357399,0.0006003462872368,0.0433212996389891,0.0003581639315855,0.0469314079422382,0.0006470288875178,0.0,0.0,0.0,0.0,0.0
65,10:54:18,3,0.0288808664259927,912743.0,0.0270758122743681,0.0252707581227435,0.0001036929833851,0.0216606498194946,0.0001986996435548,0.0180505415162455,0.0001909394356821,0.0144404332129963,0.0001259516866249,0.0108303249097472,0.0002623461221155,0.0288808664259927,3.4215171665808166e-05,0.0324909747292418,0.0003052540039992,0.036101083032491,0.0003207105497209,0.0397111913357399,0.0006003462872368,0.0433212996389891,0.0003581639315855,1.0,1.0,1.0,0.0,0.0
65,10:54:21,3,0.0288808664259927,31065.0,0.0270758122743681,0.0252707581227435,0.0001036929833851,0.0216606498194946,0.0001996576939094,0.0180505415162455,0.0001909394356821,0.0144404332129963,0.0001259516866249,0.0108303249097472,0.0002623461221155,0.0288808664259927,3.673803759972533e-05,0.0324909747292418,0.000301166322486,0.036101083032491,0.0003206147446855,0.0397111913357399,0.0006003462872368,0.0433212996389891,0.0003581639315855,1.0,1.0,1.0,0.0,0.0
65,10:54:24,3,0.0288808664259927,0.0,0.0270758122743681,0.0252707581227435,0.0001036929833851,0.0216606498194946,0.0001996576939094,0.0180505415162455,0.0001909394356821,0.0144404332129963,0.0001259516866249,0.0108303249097472,0.0002633041724702,0.0288808664259927,3.7185127765229634e-05,0.0324909747292418,0.000301166322486,0.036101083032491,0.0003209021597918,0.0397111913357399,0.0006003143522249,0.0433212996389891,0.0003581639315855,1.0,1.0,1.0,0.0,0.0
65,10:54:27,3,0.0288808664259927,17955.0,0.0270758122743681,0.0252707581227435,0.0001042358785861,0.0216606498194946,0.0001996576939094,0.0180505415162455,0.0001909394356821,0.0144404332129963,0.0001259516866249,0.0108303249097472,0.0002633041724702,0.0288808664259927,3.5332897079568934e-05,0.0324909747292418,0.000301166322486,0.036101083032491,0.0003209021597918,0.0397111913357399,0.0006003143522249,0.0433212996389891,0.0003581639315855,1.0,1.0,1.0,0.0,0.0
65,10:54:30,3,0.0252707581227435,27834.0,0.0270758122743681,0.0252707581227435,0.0001011701174512,0.0216606498194946,0.0001996576939094,0.0180505415162455,0.0001909394356821,0.0144404332129963,0.0001259516866249,0.0108303249097472,0.0002633041724702,0.0288808664259927,3.53009620677472e-05,0.0324909747292418,0.000301166322486,0.036101083032491,0.0003209021597918,0.0397111913357399,0.0006003143522249,0.0433212996389891,0.0003581639315855,1.0,1.0,1.0,0.0,0.0
65,10:54:33,3,0.0288808664259927,4560.0,0.0270758122743681,0.0252707581227435,0.0001014894675694,0.0216606498194946,0.0001996576939094,0.0180505415162455,0.0001909394356821,0.0144404332129963,0.0001259516866249,0.0108303249097472,0.0002633041724702,0.0288808664259927,3.488580691406463e-05,0.0324909747292418,0.0003016134126515,0.036101083032491,0.0003209021597918,0.0397111913357399,0.0006003143522249,0.0433212996389891,0.0003581639315855,1.0,1.0,1.0,0.0,0.0
65,10:54:36,3,0.0288808664259927,0.0,0.0270758122743681,0.0252707581227435,0.0001011701174512,0.0216606498194946,0.0002002644591341,0.0180505415162455,0.0001909394356821,0.0144404332129963,0.0001259516866249,0.0108303249097472,0.0002664976736523,0.0288808664259927,3.613127237511234e-05,0.0324909747292418,0.0003016134126515,0.036101083032491,0.0003209021597918,0.0397111913357399,0.0006003143522249,0.0433212996389891,0.0003581639315855,1.0,1.0,1.0,0.0,0.0
65,10:54:39,3,0.0288808664259927,0.0,0.0270758122743681,0.0252707581227435,0.0001011701174512,0.0216606498194946,0.0002002644591341,0.0180505415162455,0.0001909394356821,0.0144404332129963,0.0001259516866249,0.0108303249097472,0.0002664976736523,0.0288808664259927,3.922896852182075e-05,0.0324909747292418,0.0003032101632426,0.036101083032491,0.0003209021597918,0.0397111913357399,0.0006131202919655,0.0433212996389891,0.0003584832817037,1.0,1.0,1.0,0.0,0.0
65,10:54:42,3,0.0288808664259927,570.0,0.0270758122743681,0.0252707581227435,0.0001005314172148,0.0216606498194946,0.0002002644591341,0.0180505415162455,0.0001909394356821,0.0144404332129963,0.0001259516866249,0.0108303249097472,0.0002664976736523,0.0288808664259927,4.098539417201624e-05,0.0324909747292418,0.0003039766035263,0.036101083032491,0.0003209021597918,0.0397111913357399,0.0006131841619891,0.0433212996389891,0.0003584832817037,1.0,1.0,1.0,0.0,0.0
65,10:54:45,3,0.0288808664259927,36765.0,0.0270758122743681,0.0252707581227435,0.0001005314172148,0.0216606498194946,0.0002002644591341,0.0180505415162455,0.0001909394356821,0.0144404332129963,0.0001259516866249,0.0108303249097472,0.0002664976736523,0.0288808664259927,3.689771265883401e-05,0.0324909747292418,0.0003065314044721,0.036101083032491,0.0003209021597918,0.0397111913357399,0.0006131841619891,0.0433212996389891,0.0003584832817037,1.0,1.0,1.0,0.0,0.0
65,10:54:48,3,0.0288808664259927,5700.0,0.0270758122743681,0.0252707581227435,0.0001005314172148,0.0216606498194946,0.0001996257588976,0.0180505415162455,0.0001909394356821,0.0144404332129963,0.0001259516866249,0.0108303249097472,0.0002664976736523,0.0288808664259927,4.283762485767694e-05,0.0324909747292418,0.0003075852598622,0.036101083032491,0.0003209021597918,0.0397111913357399,0.0006131841619891,0.0433212996389891,0.0003584832817037,1.0,1.0,1.0,0.0,0.0
65,10:54:51,3,0.0288808664259927,285.0,0.0270758122743681,0.0252707581227435,0.0001005314172148,0.0216606498194946,0.0001996257588976,0.0180505415162455,0.0001909394356821,0.0144404332129963,0.0001259516866249,0.0108303249097472,0.0002664976736523,0.0288808664259927,4.395535027143771e-05,0.0324909747292418,0.0003075533248504,0.036101083032491,0.0003209021597918,0.0397111913357399,0.0006131841619891,0.0433212996389891,0.0003584832817037,1.0,1.0,1.0,0.0,0.0
65,10:54:54,3,0.0288808664259927,12255.0,0.0270758122743681,0.0252707581227435,0.0001018726877113,0.0216606498194946,0.0001996257588976,0.0180505415162455,0.0001909394356821,0.0144404332129963,0.0001259516866249,0.0108303249097472,0.0002664976736523,0.0288808664259927,4.261407977492479e-05,0.0324909747292418,0.0003058927042356,0.036101083032491,0.0003209021597918,0.0397111913357399,0.0006131841619891,0.0433212996389891,0.0003584832817037,1.0,1.0,1.0,0.0,0.0
65,10:54:57,3,0.0288808664259927,0.0,0.0270758122743681,0.0252707581227435,0.0001067906795318,0.0216606498194946,0.0001996257588976,0.0180505415162455,0.0001909394356821,0.0144404332129963,0.0001259516866249,0.0108303249097472,0.0002664976736523,0.0288808664259927,4.778755169004605e-05,0.0324909747292418,0.0003106510209971,0.036101083032491,0.0003209021597918,0.0397111913357399,0.0006131841619891,0.0433212996389891,0.0003584832817037,1.0,1.0,1.0,0.0,0.0
65,10:55:00,3,0.0252707581227435,5965.0,0.0270758122743681,0.0252707581227435,0.0001093454804776,0.0216606498194946,0.0001996257588976,0.0180505415162455,0.0001909394356821,0.0144404332129963,0.0001259516866249,0.0108303249097472,0.0002658589734159,0.0288808664259927,8.288412968213415e-05,0.0324909747292418,0.0003138445221792,0.036101083032491,0.0003209021597918,0.0397111913357399,0.0006131841619891,0.0433212996389891,0.0003584832817037,1.0,1.0,1.0,0.0,0.0
65,10:55:03,3,0.0252707581227435,1704.0,0.0270758122743681,0.0252707581227435,0.0001091538704066,0.0216606498194946,0.0001996257588976,0.0180505415162455,0.0001909394356821,0.0144404332129963,0.0001259516866249,0.0108303249097472,0.0002658589734159,0.0288808664259927,8.291606469395587e-05,0.0324909747292418,0.0003141638722975,0.036101083032491,0.0003209021597918,0.0397111913357399,0.0006131841619891,0.0433212996389891,0.0003584832817037,1.0,1.0,0.0,0.0,0.0
65,10:55:06,3,0.0288808664259927,34130.0,0.0270758122743681,0.0252707581227435,0.0001069184195791,0.0216606498194946,0.0001996257588976,0.0180505415162455,0.0001909394356821,0.0144404332129963,0.0001259516866249,0.0108303249097472,0.0002658589734159,0.0288808664259927,8.387411504860796e-05,0.0324909747292418,0.0003136848471201,0.036101083032491,0.0003209021597918,0.0397111913357399,0.0006131841619891,0.0433212996389891,0.0003584832817037,1.0,1.0,0.0,0.0,0.0
65,10:55:09,3,0.0252707581227435,284.0,0.0270758122743681,0.0252707581227435,0.0001068864845673,0.0216606498194946,0.0001996257588976,0.0180505415162455,0.0001909394356821,0.0144404332129963,0.0001259516866249,0.0108303249097472,0.0002658589734159,0.0288808664259927,8.361863495403408e-05,0.0324909747292418,0.0003171338283969,0.036101083032491,0.0003212215099101,0.0397111913357399,0.0006131841619891,0.0433212996389891,0.0003581639315855,1.0,1.0,0.0,0.0,0.0
65,10:55:12,3,0.0252707581227435,0.0,0.0270758122743681,0.0252707581227435,0.000107844534922,0.0216606498194946,0.0001996257588976,0.0180505415162455,0.0001909394356821,0.0144404332129963,0.0001259516866249,0.0108303249097472,0.0002652202731795,0.0288808664259927,0.0001594642880306,0.0324909747292418,0.0003184431638816,0.036101083032491,0.0003212215099101,0.0397111913357399,0.0006131841619891,0.0433212996389891,0.0003581639315855,1.0,1.0,0.0,0.0,0.0
65,10:55:15,3,0.0252707581227435,5680.0,0.0270758122743681,0.0252707581227435,0.0001075251848037,0.0216606498194946,0.0001996257588976,0.0180505415162455,0.0001906200855639,0.0144404332129963,0.0001259516866249,0.0108303249097472,0.0002652202731795,0.0288808664259927,0.0001628813342955,0.0324909747292418,0.0003184431638816,0.036101083032491,0.0003212215099101,0.0397111913357399,0.0006131841619891,0.0433212996389891,0.0003581639315855,1.0,1.0,0.0,0.0,0.0
65,10:55:18,3,0.0252707581227435,0.0,0.0270758122743681,0.0252707581227435,0.0001075251848037,0.0216606498194946,0.0001996257588976,0.0180505415162455,0.0001906200855639,0.0144404332129963,0.0001259516866249,0.0108303249097472,0.0002652202731795,0.0288808664259927,0.0001628813342955,0.0324909747292418,0.0003192415391771,0.036101083032491,0.0003212215099101,0.0397111913357399,0.0006131841619891,0.0433212996389891,0.0003581639315855,1.0,1.0,0.0,0.0,0.0
65,10:55:21,3,0.0252707581227435,2556.0,0.0270758122743681,0.0252707581227435,0.0001077167948747,0.0216606498194946,0.0001997215639331,0.0180505415162455,0.0001906200855639,0.0144404332129963,0.0001259516866249,0.0108303249097472,0.0002652202731795,0.0288808664259927,0.0001628813342955,0.0324909747292418,0.0003192096041653,0.036101083032491,0.0003212215099101,0.0397111913357399,0.0006131841619891,0.0433212996389891,0.0003581639315855,1.0,1.0,0.0,0.0,0.0
65,10:55:24,3,0.0252707581227435,0.0,0.0270758122743681,0.0252707581227435,0.000119309204166,0.0216606498194946,0.0001997215639331,0.0180505415162455,0.0001906200855639,0.0144404332129963,0.0001259516866249,0.0108303249097472,0.0002652202731795,0.0288808664259927,0.0001633603594729,0.0324909747292418,0.0003190499291062,0.036101083032491,0.0003212215099101,0.0397111913357399,0.0006131841619891,0.0433212996389891,0.0003581639315855,1.0,1.0,0.0,0.0,0.0
65,10:55:27,3,0.0252707581227435,3124.0,0.0270758122743681,0.0252707581227435,0.0001189579190359,0.0216606498194946,0.0001997215639331,0.0180505415162455,0.0001906200855639,0.0144404332129963,0.0001062797193427,0.0108303249097472,0.0002652202731795,0.0288808664259927,0.000166553860655,0.0324909747292418,0.0003182515538106,0.036101083032491,0.0003212215099101,0.0397111913357399,0.0006124496567172,0.0433212996389891,0.0003581639315855,1.0,1.0,0.0,0.0,0.0
65,10:55:30,3,0.0252707581227435,22720.0,0.0270758122743681,0.0252707581227435,0.0001165627931493,0.0216606498194946,0.0001838179280459,0.0180505415162455,0.0001900452553511,0.0144404332129963,0.0001062797193427,0.0108303249097472,0.0002652202731795,0.0288808664259927,0.0001649571100639,0.0324909747292418,0.0003182515538106,0.036101083032491,0.0003180280087279,0.0397111913357399,0.0006124496567172,0.0433212996389891,0.0003581639315855,1.0,1.0,0.0,0.0,0.0
65,10:55:33,3,0.0252707581227435,284.0,0.0270758122743681,0.0252707581227435,0.0001165308581375,0.0216606498194946,0.0001838179280459,0.0180505415162455,0.0001911949157767,0.0144404332129963,0.0001062797193427,0.0108303249097472,0.0002652202731795,0.0288808664259927,0.0001646377599457,0.0324909747292418,0.0003164312581368,0.036101083032491,0.0003177086586097,0.0397111913357399,0.0006124496567172,0.0433212996389891,0.0003581639315855,1.0,0.0,0.0,0.0,0.0
65,10:55:36,3,0.0252707581227435,44020.0,0.0270758122743681,0.0252707581227435,0.0001120599564824,0.0216606498194946,0.0001838179280459,0.0180505415162455,0.0001911949157767,0.0144404332129963,0.0001062797193427,0.0108303249097472,0.0002652202731795,0.0288808664259927,0.0001652764601822,0.0324909747292418,0.0003164312581368,0.036101083032491,0.0003172615684442,0.0397111913357399,0.0006124496567172,0.0433212996389891,0.0003581639315855,1.0,0.0,0.0,0.0,0.0
65,10:55:39,3,0.0252707581227435,21868.0,0.0270758122743681,0.0252707581227435,0.0001096009605721,0.0216606498194946,0.0001838179280459,0.0180505415162455,0.0001895981651856,0.0144404332129963,0.0001062797193427,0.0108303249097472,0.0002652202731795,0.0288808664259927,0.0001652764601822,0.0324909747292418,0.0003164312581368,0.036101083032491,0.0003172615684442,0.0397111913357399,0.0006124496567172,0.0433212996389891,0.0003581639315855,1.0,0.0,0.0,0.0,0.0
65,10:55:42,3,0.0252707581227435,65605.0,0.0270758122743681,0.0252707581227435,0.0001022559078531,0.0216606498194946,0.0001832111628213,0.0180505415162455,0.0001895981651856,0.0144404332129963,0.0001062797193427,0.0108303249097472,0.0002652202731795,0.0288808664259927,0.0001655638752886,0.0324909747292418,0.0003144832224157,0.036101083032491,0.0003174531785151,0.0397111913357399,0.0006129925519182,0.0433212996389891,0.0003581639315855,1.0,0.0,0.0,0.0,0.0
65,10:55:45,3,0.0288808664259927,147696.0,0.0270758122743681,0.0252707581227435,8.616066189504428e-05,0.0216606498194946,0.0001832111628213,0.0180505415162455,0.0001895981651856,0.0144404332129963,0.0001062797193427,0.0108303249097472,0.0002652202731795,0.0288808664259927,0.0001694599467308,0.0324909747292418,0.0003132058219428,0.036101083032491,0.0003174531785151,0.0397111913357399,0.0006129925519182,0.0433212996389891,0.0003581639315855,1.0,0.0,0.0,0.0,0.0
65,10:55:48,3,0.0252707581227435,2556.0,0.0270758122743681,0.0252707581227435,8.587324678864865e-05,0.0216606498194946,0.0001832111628213,0.0180505415162455,0.0001895981651856,0.0144404332129963,0.0001062797193427,0.0108303249097472,0.0002653799482386,0.0288808664259927,0.0001694599467308,0.0324909747292418,0.0003132058219428,0.036101083032491,0.0003174531785151,0.0397111913357399,0.0006129925519182,0.0433212996389891,0.0003581639315855,0.0,0.0,0.0,0.0,0.0
65,10:55:51,3,0.0252707581227435,137456.0,0.0270758122743681,0.0252707581227435,7.051250610239353e-05,0.0216606498194946,0.0001832111628213,0.0180505415162455,0.0001895981651856,0.0144404332129963,0.0001062797193427,0.0108303249097472,0.0002653799482386,0.0288808664259927,0.0001694599467308,0.0324909747292418,0.0003152815977112,0.036101083032491,0.0003174531785151,0.0397111913357399,0.0006133119020364,0.0433212996389891,0.0003581639315855,0.0,0.0,0.0,0.0,0.0
65,10:55:54,3,0.0252707581227435,0.0,0.0270758122743681,0.0252707581227435,7.051250610239353e-05,0.0216606498194946,0.0001832111628213,0.0180505415162455,0.0002002963941459,0.0144404332129963,0.0001062797193427,0.0108303249097472,0.0002653799482386,0.0288808664259927,0.0001854913226653,0.0324909747292418,0.0003152815977112,0.036101083032491,0.0003174531785151,0.0397111913357399,0.0006133119020364,0.0433212996389891,0.0003581639315855,0.0,0.0,0.0,0.0,0.0
65,10:55:57,3,0.0252707581227435,43452.0,0.0270758122743681,0.0252707581227435,6.56264492936679e-05,0.0216606498194946,0.0001832111628213,0.0180505415162455,0.0002002963941459,0.0144404332129963,0.0001064393944018,0.0108303249097472,0.0002653799482386,0.0288808664259927,0.00018644937302,0.0324909747292418,0.0003152815977112,0.036101083032491,0.0003174531785151,0.0397111913357399,0.0006133119020364,0.0433212996389891,0.0003581639315855,0.0,0.0,0.0,0.0,0.0
65,10:56:00,3,0.0252707581227435,574248.0,0.0270758122743681,0.0252707581227435,1.085790401939031e-06,0.0216606498194946,0.0001848079134123,0.0180505415162455,0.0002002963941459,0.0144404332129963,0.0001064393944018,0.0108303249097472,0.0002659867134632,0.0288808664259927,0.0001880461236111,0.0324909747292418,0.0003152815977112,0.036101083032491,0.0003174531785151,0.0397111913357399,0.0006133119020364,0.0433212996389891,0.0003581639315855,0.0,0.0,0.0,0.0,0.0
65,10:56:03,3,0.0252707581227435,9656.0,0.023465703971119,0.0216606498194946,0.0001854466136488,0.0180505415162455,0.0002002963941459,0.0144404332129963,0.0001064393944018,0.0108303249097472,0.0002659867134632,0.0072202166064982,7.53346928874757e-05,0.0252707581227435,5.7483021279125165e-06,0.0288808664259927,0.0001896428742021,0.0324909747292418,0.0003163354531013,0.036101083032491,0.0003174531785151,0.0397111913357399,0.0006133119020364,1.0,1.0,1.0,1.0,1.0
65,10:56:06,3,0.0252707581227435,29820.0,0.023465703971119,0.0216606498194946,0.0001865962740744,0.0180505415162455,0.0002002963941459,0.0144404332129963,0.0001068864845673,0.0108303249097472,0.0002677431391134,0.0072202166064982,7.52388878520105e-05,0.0252707581227435,1.3412704965129203e-05,0.0288808664259927,0.0001818507313176,0.0324909747292418,0.0003163354531013,0.036101083032491,0.0003174531785151,0.0397111913357399,0.0006133119020364,1.0,1.0,1.0,1.0,1.0
65,10:56:09,3,0.0252707581227435,0.0,0.023465703971119,0.0216606498194946,0.0001865962740744,0.0180505415162455,0.0002002963941459,0.0144404332129963,0.0001068864845673,0.0108303249097472,0.0002677431391134,0.0072202166064982,7.52388878520105e-05,0.0252707581227435,2.7368305131227925e-05,0.0288808664259927,0.0001818507313176,0.0324909747292418,0.0003128864718246,0.036101083032491,0.0003174531785151,0.0397111913357399,0.0006133119020364,1.0,1.0,1.0,1.0,1.0
65,10:56:12,3,0.0216606498194946,34922.0,0.023465703971119,0.0216606498194946,0.0001862769239561,0.0180505415162455,0.0002002963941459,0.0144404332129963,0.0001068864845673,0.0108303249097472,0.0002677431391134,0.0072202166064982,7.52388878520105e-05,0.0252707581227435,2.3823518819015207e-05,0.0288808664259927,0.000181786861294,0.0324909747292418,0.0003128226018009,0.036101083032491,0.0003190499291062,0.0397111913357399,0.0006133119020364,1.0,1.0,1.0,1.0,1.0
65,10:56:15,3,0.0252707581227435,28684.0,0.023465703971119,0.0216606498194946,0.0001862769239561,0.0180505415162455,0.0002002963941459,0.0144404332129963,0.0001068864845673,0.0108303249097472,0.0002677431391134,0.0072202166064982,7.52388878520105e-05,0.0252707581227435,2.1396457920563257e-05,0.0288808664259927,0.0001782420749818,0.0324909747292418,0.0003128226018009,0.036101083032491,0.0003190499291062,0.0397111913357399,0.0006005378973077,1.0,1.0,1.0,1.0,1.0
65,10:56:18,3,0.0216606498194946,77825.0,0.023465703971119,0.0216606498194946,0.0001774947957052,0.0180505415162455,0.0002002963941459,0.0144404332129963,0.0001068864845673,0.0108303249097472,0.0002671363738888,0.0072202166064982,7.52388878520105e-05,0.0252707581227435,2.15241979678502e-05,0.0288808664259927,0.0001686615714353,0.0324909747292418,0.000310842631068,0.036101083032491,0.0003190499291062,0.0397111913357399,0.0006021346478988,1.0,1.0,1.0,1.0,1.0
65,10:56:21,3,0.0216606498194946,0.0,0.023465703971119,0.0216606498194946,0.0001777502757997,0.0180505415162455,0.0001999770440277,0.0144404332129963,0.0001068864845673,0.0108303249097472,0.0002703298750709,0.0072202166064982,7.52388878520105e-05,0.0252707581227435,2.359997373626305e-05,0.0288808664259927,0.0001685977014116,0.0324909747292418,0.0003076491298858,0.036101083032491,0.0003190499291062,0.0397111913357399,0.0006021346478988,1.0,1.0,1.0,1.0,1.0
65,10:56:24,3,0.0216606498194946,283.0,0.023465703971119,0.0216606498194946,0.0001786763911426,0.0180505415162455,0.0002001367190868,0.0144404332129963,0.0001068864845673,0.0108303249097472,0.0002703298750709,0.0072202166064982,7.52388878520105e-05,0.0252707581227435,2.599509962289327e-05,0.0288808664259927,0.0001685977014116,0.0324909747292418,0.0003076491298858,0.036101083032491,0.0003190499291062,0.0397111913357399,0.0006021346478988,1.0,1.0,1.0,1.0,1.0
65,10:56:27,3,0.0216606498194946,283.0,0.023465703971119,0.0216606498194946,0.0001786444561307,0.0180505415162455,0.0002007434843114,0.0144404332129963,0.0001068864845673,0.0108303249097472,0.0002703298750709,0.0072202166064982,7.619693820666257e-05,0.0252707581227435,2.599509962289327e-05,0.0288808664259927,0.0001718231376056,0.0324909747292418,0.0003076810648976,0.036101083032491,0.0003190499291062,0.0397111913357399,0.0006021346478988,1.0,1.0,1.0,1.0,1.0
65,10:56:30,3,0.0216606498194946,14150.0,0.023465703971119,0.0216606498194946,0.0001785486510953,0.0180505415162455,0.0002007434843114,0.0144404332129963,0.0001068864845673,0.0108303249097472,0.0002703298750709,0.0072202166064982,7.619693820666257e-05,0.0252707581227435,2.845409553316696e-05,0.0288808664259927,0.0001713441124283,0.0324909747292418,0.0003042320836209,0.036101083032491,0.0003190499291062,0.0397111913357399,0.0006030926982534,1.0,1.0,1.0,1.0,1.0
65,10:56:33,3,0.0216606498194946,943522.0,0.023465703971119,0.0216606498194946,7.207732168165861e-05,0.0180505415162455,0.0002007434843114,0.0144404332129963,0.0001068864845673,0.0108303249097472,0.0002703298750709,0.0072202166064982,7.619693820666257e-05,0.0252707581227435,6.364647856072025e-05,0.0288808664259927,0.0001713441124283,0.0324909747292418,0.0003042001486091,0.036101083032491,0.0003190499291062,0.0397111913357399,0.0006133119020364,1.0,1.0,1.0,1.0,1.0
65,10:56:36,3,0.0216606498194946,0.0,0.023465703971119,0.0216606498194946,7.207732168165861e-05,0.0180505415162455,0.0002007115492996,0.0144404332129963,0.0001068864845673,0.0108303249097472,0.0002706492251892,0.0072202166064982,7.619693820666257e-05,0.0252707581227435,6.380615361982894e-05,0.0288808664259927,0.0001711844373692,0.0324909747292418,0.0003042001486091,0.036101083032491,0.0003190499291062,0.0397111913357399,0.0006133119020364,1.0,1.0,1.0,1.0,1.0
65,10:56:39,3,0.0216606498194946,65886.0,0.023465703971119,0.0216606498194946,7.111927132700652e-05,0.0180505415162455,0.0002007115492996,0.0144404332129963,0.0001068864845673,0.0108303249097472,0.0002706492251892,0.0072202166064982,7.619693820666257e-05,0.0252707581227435,5.82175265510251e-05,0.0288808664259927,0.0001711844373692,0.0324909747292418,0.0003041682135973,0.036101083032491,0.0003180599437397,0.0397111913357399,0.0006133119020364,1.0,1.0,1.0,1.0,1.0
65,10:56:42,3,0.0252707581227435,79340.0,0.023465703971119,0.0216606498194946,6.661643466014172e-05,0.0180505415162455,0.0002007115492996,0.0144404332129963,0.0001068864845673,0.0108303249097472,0.0002706492251892,0.0072202166064982,7.619693820666257e-05,0.0252707581227435,5.5119830404316685e-05,0.0288808664259927,0.0001711844373692,0.0324909747292418,0.0003041682135973,0.036101083032491,0.0003180599437397,0.0397111913357399,0.0006133119020364,1.0,1.0,1.0,1.0,1.0
65,10:56:45,3,0.0252707581227435,39074.0,0.023465703971119,0.0216606498194946,6.284810326517685e-05,0.0180505415162455,0.0002007115492996,0.0144404332129963,0.0001068864845673,0.0108303249097472,0.0002706172901773,0.0072202166064982,7.619693820666257e-05,0.0252707581227435,5.448113016788196e-05,0.0288808664259927,0.0001713441124283,0.0324909747292418,0.0003041362785854,0.036101083032491,0.0003188583190353,0.0397111913357399,0.0006133119020364,1.0,1.0,1.0,1.0,1.0
65,10:56:48,3,0.0252707581227435,6236.0,0.023465703971119,0.0216606498194946,6.246488312331602e-05,0.0180505415162455,0.0002032663502453,0.0144404332129963,0.0001068864845673,0.0108303249097472,0.0002715114705084,0.0072202166064982,7.619693820666257e-05,0.0252707581227435,5.4353390120595015e-05,0.0288808664259927,0.0001713441124283,0.0324909747292418,0.0003041362785854,0.036101083032491,0.0003188583190353,0.0397111913357399,0.0006133119020364,1.0,1.0,1.0,1.0,1.0
65,10:56:51,3,0.0252707581227435,28400.0,0.023465703971119,0.0216606498194946,6.610547447099394e-05,0.0180505415162455,0.0002032663502453,0.0144404332129963,0.0001068864845673,0.0108303249097472,0.0002715114705084,0.0072202166064982,7.619693820666257e-05,0.0252707581227435,5.179858917485612e-05,0.0288808664259927,0.0001713441124283,0.0324909747292418,0.0003019327627697,0.036101083032491,0.0003188583190353,0.0397111913357399,0.0006133119020364,1.0,1.0,1.0,1.0,1.0
65,10:56:54,3,0.0216606498194946,72448.0,0.023465703971119,0.0216606498194946,5.7930111444629474e-05,0.0180505415162455,0.0002021486248315,0.0144404332129963,0.0001069184195791,0.0108303249097472,0.0002715114705084,0.0072202166064982,7.619693820666257e-05,0.0252707581227435,5.189439421032133e-05,0.0288808664259927,0.0001713441124283,0.0324909747292418,0.0003038807984909,0.036101083032491,0.000319081864118,0.0397111913357399,0.0006136951221783,1.0,1.0,1.0,1.0,1.0
65,10:56:57,3,0.0216606498194946,0.0,0.023465703971119,0.0216606498194946,5.7930111444629474e-05,0.0180505415162455,0.0002021486248315,0.0144404332129963,0.0001069184195791,0.0108303249097472,0.0002715114705084,0.0072202166064982,7.619693820666257e-05,0.0252707581227435,5.192632922214307e-05,0.0288808664259927,0.0001713441124283,0.0324909747292418,0.0003038807984909,0.036101083032491,0.000319081864118,0.0397111913357399,0.0006136951221783,1.0,1.0,1.0,1.0,1.0
65,10:57:00,3,0.0216606498194946,5660.0,0.023465703971119,0.0216606498194946,5.63652958653644e-05,0.0180505415162455,0.0002021486248315,0.0144404332129963,0.0001069184195791,0.0108303249097472,0.0002721501707448,0.0072202166064982,7.619693820666257e-05,0.0252707581227435,5.320372969501252e-05,0.0288808664259927,0.0001711844373692,0.0324909747292418,0.0003061162493184,0.036101083032491,0.000319081864118,0.0397111913357399,0.0006136951221783,1.0,1.0,1.0,1.0,1.0
65,10:57:03,3,0.0252707581227435,567.0,0.023465703971119,0.0216606498194946,5.649303591265134e-05,0.0180505415162455,0.0002021486248315,0.0144404332129963,0.0001069184195791,0.0108303249097472,0.0002721501707448,0.0072202166064982,7.619693820666257e-05,0.0252707581227435,5.3171794683190776e-05,0.0288808664259927,0.0001721424877238,0.0324909747292418,0.0003062439893657,0.036101083032491,0.000319081864118,0.0397111913357399,0.0006136951221783,1.0,1.0,1.0,1.0,1.0
65,10:57:06,3,0.0216606498194946,42276.0,0.023465703971119,0.0216606498194946,5.521563543978189e-05,0.0180505415162455,0.0002021486248315,0.0144404332129963,0.0001069184195791,0.0108303249097472,0.0002740662714541,0.0072202166064982,7.619693820666257e-05,0.0252707581227435,6.182618288688129e-05,0.0288808664259927,0.0001721424877238,0.0324909747292418,0.0003062439893657,0.036101083032491,0.0003197205643544,0.0397111913357399,0.0006136951221783,1.0,1.0,1.0,1.0,1.0
65,10:57:09,3,0.0216606498194946,0.0,0.023465703971119,0.0216606498194946,5.521563543978189e-05,0.0180505415162455,0.0002021486248315,0.0144404332129963,0.0001069184195791,0.0108303249097472,0.0002740662714541,0.0072202166064982,7.619693820666257e-05,0.0252707581227435,6.185811789870302e-05,0.0288808664259927,0.0001734198881967,0.0324909747292418,0.0003068188195785,0.036101083032491,0.0003197205643544,0.0397111913357399,0.0006136951221783,1.0,1.0,1.0,1.0,1.0
65,10:57:12,3,0.0216606498194946,0.0,0.023465703971119,0.0216606498194946,5.53114404752471e-05,0.0180505415162455,0.0002021486248315,0.0144404332129963,0.0001069184195791,0.0108303249097472,0.0002973149600603,0.0072202166064982,7.619693820666257e-05,0.0252707581227435,6.198585794598996e-05,0.0288808664259927,0.0001734198881967,0.0324909747292418,0.0003058607692238,0.036101083032491,0.0003197205643544,0.0397111913357399,0.0006136951221783,1.0,1.0,1.0,1.0,1.0
65,10:57:15,3,0.0216606498194946,0.0,0.023465703971119,0.0216606498194946,5.53114404752471e-05,0.0180505415162455,0.0002023402349025,0.0144404332129963,0.0001069184195791,0.0108303249097472,0.0002973149600603,0.0072202166064982,7.619693820666257e-05,0.0252707581227435,6.198585794598996e-05,0.0288808664259927,0.0001734198881967,0.0324909747292418,0.0003058607692238,0.036101083032491,0.0003197205643544,0.0397111913357399,0.0006136312521546,1.0,1.0,1.0,1.0,0.0
65,10:57:18,3,0.0252707581227435,3408.0,0.023465703971119,0.0216606498194946,5.540724551071231e-05,0.0180505415162455,0.0002023402349025,0.0144404332129963,0.0001069184195791,0.0108303249097472,0.0002973149600603,0.0072202166064982,7.619693820666257e-05,0.0252707581227435,6.56264492936679e-05,0.0288808664259927,0.0001921657401361,0.0324909747292418,0.0003058607692238,0.036101083032491,0.0003197205643544,0.0397111913357399,0.0006136312521546,1.0,1.0,1.0,1.0,0.0
65,10:57:21,3,0.0216606498194946,1698.0,0.023465703971119,0.0216606498194946,5.537531049889057e-05,0.0180505415162455,0.0002023402349025,0.0144404332129963,0.0001069184195791,0.0108303249097472,0.0002973149600603,0.0072202166064982,7.619693820666257e-05,0.0252707581227435,6.56264492936679e-05,0.0288808664259927,0.0001921338051242,0.0324909747292418,0.0003058607692238,0.036101083032491,0.0003197205643544,0.0397111913357399,0.0006136312521546,1.0,1.0,1.0,1.0,0.0
65,10:57:24,3,0.0216606498194946,14150.0,0.023465703971119,0.0216606498194946,5.355501482505161e-05,0.0180505415162455,0.0002023402349025,0.0144404332129963,0.0001069184195791,0.0108303249097472,0.0002973149600603,0.0072202166064982,7.619693820666257e-05,0.0252707581227435,6.56264492936679e-05,0.0288808664259927,0.0001947844111054,0.0324909747292418,0.0003053498090347,0.036101083032491,0.0003197205643544,0.0397111913357399,0.0006136312521546,1.0,1.0,1.0,1.0,0.0
65,10:57:27,3,0.0216606498194946,3113.0,0.023465703971119,0.0216606498194946,5.428952009695154e-05,0.0180505415162455,0.0002023402349025,0.0144404332129963,0.0001069184195791,0.0108303249097472,0.0002973149600603,0.0072202166064982,7.619693820666257e-05,0.0252707581227435,6.56264492936679e-05,0.0288808664259927,0.0001962214866374,0.0324909747292418,0.0003053498090347,0.036101083032491,0.0003197205643544,0.0397111913357399,0.0006136312521546,1.0,1.0,1.0,1.0,0.0
65,10:57:30,3,0.0216606498194946,0.0,0.023465703971119,0.0216606498194946,5.502402536885148e-05,0.0180505415162455,0.0002178925856597,0.0144404332129963,0.0001069184195791,0.0108303249097472,0.0002973149600603,0.0072202166064982,8.178556527546641e-05,0.0252707581227435,6.56264492936679e-05,0.0288808664259927,0.0001967963168502,0.0324909747292418,0.0003066272095075,0.036101083032491,0.0003193054092008,0.0397111913357399,0.0006136312521546,1.0,1.0,1.0,1.0,0.0
65,10:57:33,3,0.0252707581227435,2271.0,0.023465703971119,0.0216606498194946,5.75149562909469e-05,0.0180505415162455,0.0002178925856597,0.0144404332129963,0.0001069184195791,0.0108303249097472,0.0002973149600603,0.0072202166064982,8.178556527546641e-05,0.0252707581227435,6.540290421091575e-05,0.0288808664259927,0.0001967643818384,0.0324909747292418,0.0003066272095075,0.036101083032491,0.0003193054092008,0.0397111913357399,0.000614269952391,1.0,1.0,1.0,1.0,0.0
65,10:57:36,3,0.0216606498194946,31778.0,0.023465703971119,0.0216606498194946,5.687625605451218e-05,0.0180505415162455,0.0002178925856597,0.0144404332129963,0.0001069184195791,0.0108303249097472,0.0002973149600603,0.0072202166064982,8.178556527546641e-05,0.0252707581227435,6.418937376168976e-05,0.0288808664259927,0.0001967643818384,0.0324909747292418,0.0003066272095075,0.036101083032491,0.0003193054092008,0.0397111913357399,0.000614269952391,1.0,1.0,1.0,1.0,0.0
65,10:57:39,3,0.0252707581227435,3124.0,0.023465703971119,0.0216606498194946,5.687625605451218e-05,0.0180505415162455,0.0002178925856597,0.0144404332129963,0.00010675874452,0.0108303249097472,0.0002973149600603,0.0072202166064982,8.178556527546641e-05,0.0252707581227435,6.393389366711588e-05,0.0288808664259927,0.0001999259480087,0.0324909747292418,0.0003066272095075,0.036101083032491,0.0003193054092008,0.0397111913357399,0.000614269952391,1.0,1.0,1.0,1.0,0.0
65,10:57:42,3,0.0216606498194946,10188.0,0.023465703971119,0.0216606498194946,5.563079059346447e-05,0.0180505415162455,0.0002178925856597,0.0144404332129963,0.00010675874452,0.0108303249097472,0.0002973149600603,0.0072202166064982,8.178556527546641e-05,0.0252707581227435,6.872414544037631e-05,0.0288808664259927,0.0001999259480087,0.0324909747292418,0.0003031782282308,0.036101083032491,0.0003193054092008,0.0397111913357399,0.000614269952391,1.0,1.0,1.0,1.0,0.0
65,10:57:45,3,0.0216606498194946,90580.0,0.023465703971119,0.0216606498194946,4.991442347737369e-05,0.0180505415162455,0.0002178925856597,0.0144404332129963,0.0001054813440471,0.0108303249097472,0.0002973149600603,0.0072202166064982,8.178556527546641e-05,0.0252707581227435,6.693578477835909e-05,0.0288808664259927,0.0002004688432097,0.0324909747292418,0.0003031782282308,0.036101083032491,0.0003193054092008,0.0397111913357399,0.000614269952391,1.0,1.0,1.0,1.0,0.0
65,10:57:48,3,0.0252707581227435,851.0,0.023465703971119,0.0216606498194946,5.282050955315168e-05,0.0180505415162455,0.0002178925856597,0.0144404332129963,0.0001054813440471,0.0108303249097472,0.0002974746351194,0.0072202166064982,8.178556527546641e-05,0.0252707581227435,6.834092529851547e-05,0.0288808664259927,0.0001988720926186,0.0324909747292418,0.0003066272095075,0.036101083032491,0.0003193054092008,0.0397111913357399,0.000614269952391,1.0,1.0,1.0,1.0,0.0
65,10:57:51,3,0.0216606498194946,14716.0,0.023465703971119,0.0216606498194946,5.326759971865599e-05,0.0180505415162455,0.0002178925856597,0.0144404332129963,0.0001054813440471,0.0108303249097472,0.0002974746351194,0.0072202166064982,8.178556527546641e-05,0.0252707581227435,6.834092529851547e-05,0.0288808664259927,0.0001988720926186,0.0324909747292418,0.0003066272095075,0.036101083032491,0.0003193054092008,0.0397111913357399,0.000614269952391,1.0,1.0,1.0,1.0,0.0
65,10:57:54,3,0.0216606498194946,109262.0,0.023465703971119,0.0216606498194946,4.23458256756222e-05,0.0180505415162455,0.0002177329106005,0.0144404332129963,0.0001054813440471,0.0108303249097472,0.0002974746351194,0.0072202166064982,8.210491539368377e-05,0.0252707581227435,6.291197328882031e-05,0.0288808664259927,0.0001988720926186,0.0324909747292418,0.0003081920250868,0.036101083032491,0.0003195608892953,0.0397111913357399,0.000614269952391,1.0,1.0,1.0,1.0,0.0
65,10:57:57,3,0.0252707581227435,567.0,0.023465703971119,0.0216606498194946,4.2760980829304776e-05,0.0180505415162455,0.0002177329106005,0.0144404332129963,0.0001054813440471,0.0108303249097472,0.0003006681363016,0.0072202166064982,8.210491539368377e-05,0.0252707581227435,6.655256463649825e-05,0.0288808664259927,0.000200053688056,0.0324909747292418,0.0003081920250868,0.036101083032491,0.0003195608892953,0.0397111913357399,0.0006174634535732,1.0,1.0,1.0,1.0,0.0
65,10:58:00,3,0.0252707581227435,0.0,0.023465703971119,0.0216606498194946,4.2760980829304776e-05,0.0180505415162455,0.0002177329106005,0.0144404332129963,0.0001054813440471,0.0108303249097472,0.0003006681363016,0.0072202166064982,8.210491539368377e-05,0.0252707581227435,6.655256463649825e-05,0.0288808664259927,0.0001993191827841,0.0324909747292418,0.0003081920250868,0.036101083032491,0.0003195608892953,0.0397111913357399,0.0006166970132895,1.0,1.0,1.0,1.0,0.0
65,10:58:03,3,0.0252707581227435,215840.0,0.023465703971119,0.0216606498194946,4.2760980829304776e-05,0.0180505415162455,0.0002177329106005,0.0144404332129963,0.0001079722749692,0.0108303249097472,0.0003006681363016,0.0072202166064982,8.210491539368377e-05,0.0252707581227435,5.262889948222126e-05,0.0288808664259927,0.0001992872477723,0.0324909747292418,0.0003088307253232,0.036101083032491,0.0003195608892953,0.0397111913357399,0.0006166970132895,1.0,1.0,1.0,1.0,0.0
65,10:58:06,3,0.0252707581227435,47281.0,0.023465703971119,0.0216606498194946,4.7710907661673885e-05,0.0180505415162455,0.0002177329106005,0.0144404332129963,0.0001079722749692,0.0108303249097472,0.0003006681363016,0.0072202166064982,8.303103073651412e-05,0.0252707581227435,5.199019924578654e-05,0.0288808664259927,0.0001992872477723,0.0324909747292418,0.0003152177276876,0.036101083032491,0.0003195608892953,0.0397111913357399,0.0006166970132895,1.0,1.0,1.0,1.0,0.0
65,10:58:09,3,0.0216606498194946,5660.0,0.023465703971119,0.0216606498194946,4.962700837097806e-05,0.0180505415162455,0.0002177329106005,0.0144404332129963,0.0001079722749692,0.0108303249097472,0.0003006681363016,0.0072202166064982,8.303103073651412e-05,0.0252707581227435,5.320372969501252e-05,0.0288808664259927,0.0001992872477723,0.0324909747292418,0.0003141319372856,0.036101083032491,0.0003195608892953,0.0397111913357399,0.0006166970132895,1.0,1.0,1.0,1.0,0.0
65,10:58:12,3,0.0216606498194946,0.0,0.023465703971119,0.0216606498194946,4.962700837097806e-05,0.0180505415162455,0.0002177329106005,0.0144404332129963,0.0001086109752057,0.0108303249097472,0.0003006681363016,0.0072202166064982,8.303103073651412e-05,0.0252707581227435,5.333146974229946e-05,0.0288808664259927,0.0001992872477723,0.0324909747292418,0.0003144512874039,0.036101083032491,0.0003195608892953,0.0397111913357399,0.0006166970132895,1.0,1.0,1.0,1.0,0.0
65,10:58:15,3,0.0252707581227435,3692.0,0.023465703971119,0.0216606498194946,4.969087839462153e-05,0.0180505415162455,0.0002177329106005,0.0144404332129963,0.0001086109752057,0.0108303249097472,0.0003006681363016,0.0072202166064982,8.303103073651412e-05,0.0252707581227435,5.323566470683425e-05,0.0288808664259927,0.0002003411031624,0.0324909747292418,0.0003128545368128,0.036101083032491,0.0003195608892953,0.0397111913357399,0.0006166970132895,1.0,1.0,1.0,0.0,0.0
65,10:58:18,3,0.0216606498194946,30565.0,0.023465703971119,0.0216606498194946,4.7551232602565206e-05,0.0180505415162455,0.0002177329106005,0.0144404332129963,0.0001086109752057,0.0108303249097472,0.0003006681363016,0.0072202166064982,8.303103073651412e-05,0.0252707581227435,5.483241529792106e-05,0.0288808664259927,0.0002003411031624,0.0324909747292418,0.000314419352392,0.036101083032491,0.0003195608892953,0.0397111913357399,0.0006166970132895,1.0,1.0,1.0,0.0,0.0
65,10:58:21,3,0.0216606498194946,2830.0,0.023465703971119,0.0216606498194946,6.27203632178899e-05,0.0180505415162455,0.0002177329106005,0.0144404332129963,0.0001086109752057,0.0108303249097472,0.0003006681363016,0.0072202166064982,8.303103073651412e-05,0.0252707581227435,5.492822033338627e-05,0.0288808664259927,0.0002003411031624,0.0324909747292418,0.000314419352392,0.036101083032491,0.0003201357195081,0.0397111913357399,0.0006166970132895,1.0,1.0,1.0,0.0,0.0
65,10:58:24,3,0.0216606498194946,3114.0,0.023465703971119,0.0216606498194946,6.470033395083755e-05,0.0180505415162455,0.0002177329106005,0.0144404332129963,0.0001086109752057,0.0108303249097472,0.0003005084612425,0.0072202166064982,8.303103073651412e-05,0.0252707581227435,5.4896285321564536e-05,0.0288808664259927,0.0002003411031624,0.0324909747292418,0.000314419352392,0.036101083032491,0.0003204550696263,0.0397111913357399,0.0006166970132895,1.0,1.0,1.0,0.0,0.0
65,10:58:27,3,0.0252707581227435,16727.0,0.023465703971119,0.0216606498194946,6.441291884444192e-05,0.0180505415162455,0.0002177329106005,0.0144404332129963,0.0001086109752057,0.0108303249097472,0.0003005084612425,0.0072202166064982,8.303103073651412e-05,0.0252707581227435,5.074473378473883e-05,0.0288808664259927,0.0002003411031624,0.0324909747292418,0.000314419352392,0.036101083032491,0.0003204550696263,0.0397111913357399,0.0006166970132895,1.0,1.0,1.0,0.0,0.0
65,10:58:30,3,0.0252707581227435,1136.0,0.023465703971119,0.0216606498194946,6.923510562952409e-05,0.0180505415162455,0.0002177329106005,0.0144404332129963,0.0001086109752057,0.0108303249097472,0.0003005084612425,0.0072202166064982,8.303103073651412e-05,0.0252707581227435,6.626514953010262e-05,0.0288808664259927,0.0002067281055268,0.0324909747292418,0.000314419352392,0.036101083032491,0.0003204550696263,0.0397111913357399,0.0006176550636441,1.0,1.0,1.0,0.0,0.0
65,10:58:33,3,0.0252707581227435,2840.0,0.023465703971119,0.0216606498194946,6.945865071227624e-05,0.0180505415162455,0.0002177329106005,0.0144404332129963,0.0001086109752057,0.0108303249097472,0.0003050432329212,0.0072202166064982,8.303103073651412e-05,0.0252707581227435,6.917123560588062e-05,0.0288808664259927,0.0002067281055268,0.0324909747292418,0.000314419352392,0.036101083032491,0.0003204550696263,0.0397111913357399,0.0006192518142352,1.0,1.0,1.0,0.0,0.0
65,10:58:36,3,0.0216606498194946,3396.0,0.023465703971119,0.0216606498194946,6.907543057041541e-05,0.0180505415162455,0.0002177329106005,0.0144404332129963,0.0001086109752057,0.0108303249097472,0.0003050432329212,0.0072202166064982,8.303103073651412e-05,0.0252707581227435,6.936284567681103e-05,0.0288808664259927,0.0002067281055268,0.0324909747292418,0.000314419352392,0.036101083032491,0.0003204550696263,0.0397111913357399,0.0006192518142352,1.0,1.0,1.0,0.0,0.0
65,10:58:39,3,0.0252707581227435,3124.0,0.023465703971119,0.0216606498194946,6.907543057041541e-05,0.0180505415162455,0.000217828715636,0.0144404332129963,0.0001086109752057,0.0108303249097472,0.0003050432329212,0.0072202166064982,8.303103073651412e-05,0.0252707581227435,5.441726014423849e-05,0.0288808664259927,0.000206696170515,0.0324909747292418,0.0003160161029831,0.036101083032491,0.0003204550696263,0.0397111913357399,0.0006190602041643,1.0,1.0,1.0,0.0,0.0
65,10:58:42,3,0.0252707581227435,0.0,0.023465703971119,0.0216606498194946,6.907543057041541e-05,0.0180505415162455,0.000218371610837,0.0144404332129963,0.0001102077257968,0.0108303249097472,0.0003050432329212,0.0072202166064982,8.303103073651412e-05,0.0252707581227435,5.441726014423849e-05,0.0288808664259927,0.000206696170515,0.0324909747292418,0.0003160161029831,0.036101083032491,0.0003204550696263,0.0397111913357399,0.0006190602041643,1.0,1.0,1.0,0.0,0.0
65,10:58:45,3,0.0252707581227435,0.0,0.023465703971119,0.0216606498194946,6.907543057041541e-05,0.0180505415162455,0.000218371610837,0.0144404332129963,0.0001102077257968,0.0108303249097472,0.0003050432329212,0.0072202166064982,8.303103073651412e-05,0.0252707581227435,7.038476605510659e-05,0.0288808664259927,0.000206696170515,0.0324909747292418,0.0003147387025103,0.036101083032491,0.0003204550696263,0.0397111913357399,0.0006222537053465,1.0,1.0,1.0,0.0,0.0
65,10:58:48,3,0.0216606498194946,3687.0,0.023465703971119,0.0216606498194946,7.370600728456716e-05,0.0180505415162455,0.000218371610837,0.0144404332129963,0.0001102077257968,0.0108303249097472,0.0003012429665144,0.0072202166064982,8.303103073651412e-05,0.0252707581227435,7.01292859605327e-05,0.0288808664259927,0.000206696170515,0.0324909747292418,0.000317293503456,0.036101083032491,0.0003204550696263,0.0397111913357399,0.0006222537053465,1.0,1.0,1.0,0.0,0.0
65,10:58:51,3,0.0252707581227435,63900.0,0.023465703971119,0.0216606498194946,7.370600728456716e-05,0.0180505415162455,0.000218914506038,0.0144404332129963,0.0001102077257968,0.0108303249097472,0.0003012429665144,0.0072202166064982,8.303103073651412e-05,0.0252707581227435,6.297584331246379e-05,0.0288808664259927,0.0002061213403022,0.0324909747292418,0.000317293503456,0.036101083032491,0.0003212534449219,0.0397111913357399,0.0006286407077108,1.0,1.0,1.0,0.0,0.0
65,10:58:54,3,0.0216606498194946,1698.0,0.023465703971119,0.0216606498194946,7.402535740278452e-05,0.0180505415162455,0.0002190741810971,0.0144404332129963,0.0001102077257968,0.0108303249097472,0.0003014026415735,0.0072202166064982,8.303103073651412e-05,0.0252707581227435,6.297584331246379e-05,0.0288808664259927,0.0001969879269211,0.0324909747292418,0.000317293503456,0.036101083032491,0.0003212534449219,0.0397111913357399,0.0006286407077108,1.0,1.0,1.0,0.0,0.0
65,10:58:57,3,0.0216606498194946,3113.0,0.023465703971119,0.0216606498194946,7.367407227274542e-05,0.0180505415162455,0.0002190741810971,0.0144404332129963,0.0001102077257968,0.0108303249097472,0.0002976981802022,0.0072202166064982,8.303103073651412e-05,0.0252707581227435,6.189005291052476e-05,0.0288808664259927,0.0001976266271576,0.0324909747292418,0.000317293503456,0.036101083032491,0.0003212534449219,0.0397111913357399,0.0006286407077108,1.0,1.0,1.0,0.0,0.0
65,10:59:00,3,0.0216606498194946,0.0,0.023465703971119,0.0216606498194946,7.55901729820496e-05,0.0180505415162455,0.0002190741810971,0.0144404332129963,0.0001102077257968,0.0108303249097472,0.0002976981802022,0.0072202166064982,8.303103073651412e-05,0.0252707581227435,6.189005291052476e-05,0.0288808664259927,0.0001976266271576,0.0324909747292418,0.000317293503456,0.036101083032491,0.0003212534449219,0.0397111913357399,0.0006286407077108,1.0,1.0,1.0,0.0,0.0
65,10:59:03,3,0.0216606498194946,283.0,0.023465703971119,0.0216606498194946,7.632467825394953e-05,0.0180505415162455,0.0002190741810971,0.0144404332129963,0.0001113573862223,0.0108303249097472,0.0002976981802022,0.0072202166064982,8.303103073651412e-05,0.0252707581227435,6.204972796963344e-05,0.0288808664259927,0.0001976266271576,0.0324909747292418,0.000317293503456,0.036101083032491,0.0003212534449219,0.0397111913357399,0.0006286407077108,1.0,1.0,1.0,0.0,0.0
65,10:59:06,3,0.0216606498194946,3397.0,0.023465703971119,0.0216606498194946,7.613306818301911e-05,0.0180505415162455,0.0002203196465581,0.0144404332129963,0.0001113573862223,0.0108303249097472,0.0002976981802022,0.0072202166064982,8.303103073651412e-05,0.0252707581227435,6.20177929578117e-05,0.0288808664259927,0.0001979459772758,0.0324909747292418,0.0003171018933851,0.036101083032491,0.0003212534449219,0.0397111913357399,0.0006286407077108,1.0,1.0,1.0,0.0,0.0
65,10:59:09,3,0.0252707581227435,57318.0,0.023465703971119,0.0216606498194946,7.453631759193229e-05,0.0180505415162455,0.0002203196465581,0.0144404332129963,0.0001113573862223,0.0108303249097472,0.0002976981802022,0.0072202166064982,8.303103073651412e-05,0.0252707581227435,6.195392293416824e-05,0.0288808664259927,0.0001979459772758,0.0324909747292418,0.0003147706375221,0.036101083032491,0.0003212534449219,0.0397111913357399,0.0006286407077108,1.0,1.0,1.0,0.0,0.0
65,10:59:12,3,0.0252707581227435,6248.0,0.023465703971119,0.0216606498194946,7.49834077574366e-05,0.0180505415162455,0.0002203196465581,0.0144404332129963,0.0001113573862223,0.0108303249097472,0.0002976981802022,0.0072202166064982,8.303103073651412e-05,0.0252707581227435,6.150683276866393e-05,0.0288808664259927,0.0001979459772758,0.0324909747292418,0.0003147706375221,0.036101083032491,0.0003206786147091,0.0397111913357399,0.0006286407077108,1.0,1.0,1.0,0.0,0.0
65,10:59:15,3,0.0252707581227435,17324.0,0.023465703971119,0.0216606498194946,0.0001072377696973,0.0180505415162455,0.0002204473866054,0.0144404332129963,0.0001113573862223,0.0108303249097472,0.0002976981802022,0.0072202166064982,8.303103073651412e-05,0.0252707581227435,5.994201718939885e-05,0.0288808664259927,0.0001979459772758,0.0324909747292418,0.0003147706375221,0.036101083032491,0.0003206786147091,0.0397111913357399,0.0006286407077108,1.0,1.0,0.0,0.0,0.0
65,10:59:18,3,0.0216606498194946,67071.0,0.023465703971119,0.0216606498194946,9.966917189563868e-05,0.0180505415162455,0.0002204473866054,0.0144404332129963,0.0001113573862223,0.0108303249097472,0.0002976981802022,0.0072202166064982,8.303103073651412e-05,0.0252707581227435,6.658449964831999e-05,0.0288808664259927,0.0001992233777487,0.0324909747292418,0.0003147706375221,0.036101083032491,0.0003206786147091,0.0397111913357399,0.0006286407077108,1.0,1.0,0.0,0.0,0.0
65,10:59:21,3,0.0216606498194946,0.0,0.023465703971119,0.0216606498194946,9.966917189563868e-05,0.0180505415162455,0.0002204473866054,0.0144404332129963,0.0001113573862223,0.0108303249097472,0.0003011471614789,0.0072202166064982,8.303103073651412e-05,0.0252707581227435,7.140668643340214e-05,0.0288808664259927,0.0001992233777487,0.0324909747292418,0.0003147706375221,0.036101083032491,0.0003206786147091,0.0397111913357399,0.0006291197328882,1.0,1.0,0.0,0.0,0.0
65,10:59:24,3,0.0216606498194946,0.0,0.023465703971119,0.0216606498194946,9.966917189563868e-05,0.0180505415162455,0.0002210860868418,0.0144404332129963,0.0001113573862223,0.0108303249097472,0.0003011471614789,0.0072202166064982,8.303103073651412e-05,0.0252707581227435,7.140668643340214e-05,0.0288808664259927,0.0001997982079615,0.0324909747292418,0.0003147706375221,0.036101083032491,0.0003206786147091,0.0397111913357399,0.0006291197328882,1.0,1.0,0.0,0.0,0.0
65,10:59:27,3,0.0252707581227435,1987.0,0.023465703971119,0.0216606498194946,9.963723688381696e-05,0.0180505415162455,0.0002210860868418,0.0144404332129963,0.0001139760571917,0.0108303249097472,0.0003011471614789,0.0072202166064982,8.303103073651412e-05,0.0252707581227435,8.497906645764004e-05,0.0288808664259927,0.0001992233777487,0.0324909747292418,0.0003147706375221,0.036101083032491,0.0003204231346145,0.0397111913357399,0.0006291197328882,1.0,1.0,0.0,0.0,0.0
65,10:59:30,3,0.0252707581227435,0.0,0.023465703971119,0.0216606498194946,0.000101393662534,0.0180505415162455,0.0002206389966763,0.0144404332129963,0.0001139760571917,0.0108303249097472,0.0003011471614789,0.0072202166064982,8.366973097294885e-05,0.0252707581227435,8.657581704872684e-05,0.0288808664259927,0.0001992233777487,0.0324909747292418,0.0003147706375221,0.036101083032491,0.000322658585442,0.0397111913357399,0.0006291197328882,1.0,1.0,0.0,0.0,0.0
65,10:59:33,3,0.0252707581227435,3692.0,0.023465703971119,0.0216606498194946,0.0001015533375931,0.0180505415162455,0.0002206389966763,0.0144404332129963,0.0001139760571917,0.0108303249097472,0.0003011471614789,0.0072202166064982,8.366973097294885e-05,0.0252707581227435,8.619259690686601e-05,0.0288808664259927,0.0001992233777487,0.0324909747292418,0.0003147706375221,0.036101083032491,0.000322658585442,0.0397111913357399,0.0006291197328882,1.0,1.0,0.0,0.0,0.0
65,10:59:36,3,0.0216606498194946,7944.0,0.023465703971119,0.0216606498194946,0.0001000204570256,0.0180505415162455,0.0002206389966763,0.0144404332129963,0.0001139760571917,0.0108303249097472,0.0003011471614789,0.0072202166064982,8.366973097294885e-05,0.0252707581227435,8.587324678864865e-05,0.0288808664259927,0.0001992233777487,0.0324909747292418,0.0003153454677349,0.036101083032491,0.000322658585442,0.0397111913357399,0.0006291197328882,1.0,1.0,0.0,0.0,0.0
65,10:59:39,3,0.0216606498194946,84900.0,0.023465703971119,0.0216606498194946,9.043995347915692e-05,0.0180505415162455,0.0002206389966763,0.0144404332129963,0.0001139760571917,0.0108303249097472,0.0003011471614789,0.0072202166064982,8.366973097294885e-05,0.0252707581227435,8.628840194233122e-05,0.0288808664259927,0.0001992233777487,0.0324909747292418,0.000318538968917,0.036101083032491,0.0003245746861513,0.0397111913357399,0.0006280020074744,1.0,1.0,0.0,0.0,0.0
65,10:59:42,3,0.0252707581227435,852.0,0.023465703971119,0.0216606498194946,9.618825560706944e-05,0.0180505415162455,0.0002206389966763,0.0144404332129963,0.0001139760571917,0.0108303249097472,0.0003012429665144,0.0072202166064982,8.366973097294885e-05,0.0252707581227435,8.71506472615181e-05,0.0288808664259927,0.0001992233777487,0.0324909747292418,0.000318538968917,0.036101083032491,0.0003245746861513,0.0397111913357399,0.0006280020074744,1.0,1.0,0.0,0.0,0.0
65,10:59:45,3,0.0216606498194946,184233.0,0.023465703971119,0.0216606498194946,7.539856291111918e-05,0.0180505415162455,0.0002206389966763,0.0144404332129963,0.0001139760571917,0.0108303249097472,0.0003012429665144,0.0072202166064982,8.667162208419206e-05,0.0252707581227435,0.0001027988030541,0.0288808664259927,0.0001992233777487,0.0324909747292418,0.000318538968917,0.036101083032491,0.0003248940362696,0.0397111913357399,0.0006280020074744,1.0,0.0,0.0,0.0,0.0
65,10:59:48,3,0.0252707581227435,34060.0,0.023465703971119,0.0216606498194946,8.162589021635773e-05,0.0180505415162455,0.0002201280364872,0.0144404332129963,0.0001139760571917,0.0108303249097472,0.0003012429665144,0.0072202166064982,8.667162208419206e-05,0.0252707581227435,9.960530187199522e-05,0.0288808664259927,0.0001992233777487,0.0324909747292418,0.000318538968917,0.036101083032491,0.0003248940362696,0.0397111913357399,0.0006280020074744,1.0,0.0,0.0,0.0,0.0
65,10:59:51,3,0.0216606498194946,283283.0,0.023465703971119,0.0216606498194946,4.9658943382799794e-05,0.0180505415162455,0.0002201280364872,0.0144404332129963,0.0001139760571917,0.0108303249097472,0.0003012429665144,0.0072202166064982,8.667162208419206e-05,0.0252707581227435,0.0001008827023448,0.0288808664259927,0.0001992233777487,0.0324909747292418,0.0003191776691535,0.036101083032491,0.0003248940362696,0.0397111913357399,0.0006275229822971,1.0,0.0,0.0,0.0,0.0
65,10:59:54,3,0.0252707581227435,1420.0,0.023465703971119,0.0216606498194946,4.9658943382799794e-05,0.0180505415162455,0.0002201280364872,0.0144404332129963,0.0001139760571917,0.0108303249097472,0.0003013387715499,0.0072202166064982,8.667162208419206e-05,0.0252707581227435,0.0001007230272857,0.0288808664259927,0.0001992233777487,0.0324909747292418,0.0003201357195081,0.036101083032491,0.0003248940362696,0.0397111913357399,0.0006275229822971,1.0,0.0,0.0,0.0,0.0
65,10:59:57,3,0.0216606498194946,31696.0,0.023465703971119,0.0216606498194946,4.608222205876534e-05,0.0180505415162455,0.0002201280364872,0.0144404332129963,0.0001139760571917,0.0108303249097472,0.0003013387715499,0.0072202166064982,8.667162208419206e-05,0.0252707581227435,0.0001013617275221,0.0288808664259927,0.0001992233777487,0.0324909747292418,0.0003201357195081,0.036101083032491,0.0003248940362696,0.0397111913357399,0.0006275229822971,1.0,0.0,0.0,0.0,0.0
65,11:00:00,3,0.0216606498194946,14150.0,0.023465703971119,0.0216606498194946,4.448547146767853e-05,0.0180505415162455,0.0002201280364872,0.0144404332129963,0.0001139760571917,0.0108303249097472,0.0003013387715499,0.0072202166064982,8.667162208419206e-05,0.0252707581227435,0.0001013617275221,0.0288808664259927,0.0001992233777487,0.0324909747292418,0.0003201357195081,0.036101083032491,0.0003248940362696,0.0397111913357399,0.0006275229822971,0.0,0.0,0.0,0.0,0.0
65,11:00:03,3,0.0216606498194946,66793.0,0.023465703971119,0.0216606498194946,3.7140418748679205e-05,0.0180505415162455,0.0002207348017118,0.0144404332129963,0.0001139760571917,0.0108303249097472,0.0003013387715499,0.0072202166064982,8.699097220240942e-05,0.0252707581227435,0.0001213211099107,0.0288808664259927,0.0001987443525713,0.0324909747292418,0.0003191776691535,0.036101083032491,0.0003248940362696,0.0397111913357399,0.0006275229822971,0.0,0.0,0.0,0.0,0.0
65,11:00:06,3,0.0216606498194946,42733.0,0.023465703971119,0.0216606498194946,2.727250009576272e-05,0.0180505415162455,0.0002207348017118,0.0144404332129963,0.0001139760571917,0.0108303249097472,0.0003012749015262,0.0072202166064982,8.699097220240942e-05,0.0252707581227435,0.0001213211099107,0.0288808664259927,0.0001987443525713,0.0324909747292418,0.000319081864118,0.036101083032491,0.0003248940362696,0.0397111913357399,0.0006275229822971,0.0,0.0,0.0,0.0,0.0
65,11:00:09,3,0.0216606498194946,0.0,0.023465703971119,0.0216606498194946,2.7496045178514872e-05,0.0180505415162455,0.0002207348017118,0.0144404332129963,0.0001139760571917,0.0108303249097472,0.0003012749015262,0.0072202166064982,8.699097220240942e-05,0.0252707581227435,0.0001208101497216,0.0288808664259927,0.0001987443525713,0.0324909747292418,0.000319081864118,0.036101083032491,0.0003248940362696,0.0397111913357399,0.0006275229822971,0.0,0.0,0.0,0.0,0.0
65,11:00:12,3,0.0216606498194946,253285.0,0.023465703971119,0.0216606498194946,6.387002364347242e-08,0.0180505415162455,0.0002207348017118,0.0144404332129963,0.0001139760571917,0.0108303249097472,0.0003012749015262,0.0072202166064982,8.699097220240942e-05,0.0252707581227435,0.0001208101497216,0.0288808664259927,0.0002067281055268,0.0324909747292418,0.000319081864118,0.036101083032491,0.0003248940362696,0.0397111913357399,0.0006275229822971,0.0,0.0,0.0,0.0,0.0
65,11:00:15,3,0.0216606498194946,28866.0,0.01985559566787,0.0180505415162455,0.0002207348017118,0.0144404332129963,0.0001139760571917,0.0108303249097472,0.0003012749015262,0.0072202166064982,8.699097220240942e-05,0.0036101083032489,0.0001155089377592,0.0216606498194946,2.950795092328425e-05,0.0252707581227435,0.0001209698247807,0.0288808664259927,0.0002073668057632,0.0324909747292418,0.000319081864118,0.036101083032491,0.0003248940362696,1.0,1.0,1.0,0.0,0.0
65,11:00:18,3,0.0216606498194946,23980.0,0.01985559566787,0.0180505415162455,0.0002183396758252,0.0144404332129963,0.0001139760571917,0.0108303249097472,0.0003024564969636,0.0072202166064982,8.699097220240942e-05,0.0036101083032489,0.0001155089377592,0.0216606498194946,4.020617988356588e-05,0.0252707581227435,0.0001211614348516,0.0288808664259927,0.0002068558455741,0.0324909747292418,0.000319081864118,0.036101083032491,0.0003248940362696,1.0,1.0,1.0,0.0,0.0
65,11:00:21,3,0.0216606498194946,0.0,0.01985559566787,0.0180505415162455,0.0002183396758252,0.0144404332129963,0.0001139760571917,0.0108303249097472,0.0003024564969636,0.0072202166064982,8.699097220240942e-05,0.0036101083032489,0.0001155089377592,0.0216606498194946,4.113229522639623e-05,0.0252707581227435,0.0001211614348516,0.0288808664259927,0.0002068558455741,0.0324909747292418,0.000319081864118,0.036101083032491,0.0003264907868607,1.0,1.0,1.0,0.0,0.0
65,11:00:24,3,0.0216606498194946,16131.0,0.01985559566787,0.0180505415162455,0.0002183396758252,0.0144404332129963,0.0001139760571917,0.0108303249097472,0.0003024564969636,0.0072202166064982,8.699097220240942e-05,0.0036101083032489,0.0001171695583739,0.0216606498194946,4.301646092387866e-05,0.0252707581227435,0.0001211614348516,0.0288808664259927,0.0002068558455741,0.0324909747292418,0.000319081864118,0.036101083032491,0.0003261714367424,1.0,1.0,1.0,0.0,0.0
65,11:00:27,3,0.0216606498194946,125226.0,0.01985559566787,0.0180505415162455,0.0002137729691347,0.0144404332129963,0.0001139760571917,0.0108303249097472,0.0003024564969636,0.0072202166064982,8.699097220240942e-05,0.0036101083032489,0.0001171695583739,0.0216606498194946,4.3687096172135126e-05,0.0252707581227435,0.0001211614348516,0.0288808664259927,0.0002073668057632,0.0324909747292418,0.000319081864118,0.036101083032491,0.0003261714367424,1.0,1.0,1.0,0.0,0.0
65,11:00:30,3,0.0216606498194946,14433.0,0.01985559566787,0.0180505415162455,0.0002137729691347,0.0144404332129963,0.0001139760571917,0.0108303249097472,0.0003026161720227,0.0072202166064982,8.699097220240942e-05,0.0036101083032489,0.0001171695583739,0.0216606498194946,4.477288657407416e-05,0.0252707581227435,0.0001211614348516,0.0288808664259927,0.0002073668057632,0.0324909747292418,0.000319081864118,0.036101083032491,0.0003261714367424,1.0,1.0,1.0,0.0,0.0
65,11:00:33,3,0.0216606498194946,44714.0,0.01985559566787,0.0180505415162455,0.0002220122021847,0.0144404332129963,0.0001139760571917,0.0108303249097472,0.0003026161720227,0.0072202166064982,8.699097220240942e-05,0.0036101083032489,0.0001171695583739,0.0216606498194946,4.2824850852948246e-05,0.0252707581227435,0.0001217362650644,0.0288808664259927,0.0002073668057632,0.0324909747292418,0.000319081864118,0.036101083032491,0.0003261714367424,1.0,1.0,1.0,0.0,0.0
65,11:00:36,3,0.0216606498194946,7634.0,0.01985559566787,0.0180505415162455,0.000223385407693,0.0144404332129963,0.0001336480244739,0.0108303249097472,0.0003017219916917,0.0072202166064982,8.699097220240942e-05,0.0036101083032489,0.0001171695583739,0.0216606498194946,5.943105700025107e-05,0.0252707581227435,0.0001217362650644,0.0288808664259927,0.0002076861558814,0.0324909747292418,0.000319081864118,0.036101083032491,0.0003261714367424,1.0,1.0,1.0,0.0,0.0
65,11:00:39,3,0.0216606498194946,1981.0,0.01985559566787,0.0180505415162455,0.0002237047578112,0.0144404332129963,0.0001336480244739,0.0108303249097472,0.0003017219916917,0.0072202166064982,8.699097220240942e-05,0.0036101083032489,0.0001171695583739,0.0216606498194946,5.920751191749892e-05,0.0252707581227435,0.000122343030289,0.0288808664259927,0.0001324792030412,0.0324909747292418,0.000318187683787,0.036101083032491,0.0003261714367424,1.0,1.0,1.0,0.0,0.0
65,11:00:42,3,0.0216606498194946,0.0,0.01985559566787,0.0180505415162455,0.0002237047578112,0.0144404332129963,0.0001336480244739,0.0108303249097472,0.0003017219916917,0.0072202166064982,8.699097220240942e-05,0.0036101083032489,0.0001171695583739,0.0216606498194946,5.93671869766076e-05,0.0252707581227435,0.000122343030289,0.0288808664259927,0.0001324792030412,0.0324909747292418,0.0003175489835506,0.036101083032491,0.0003261714367424,1.0,1.0,1.0,0.0,0.0
65,11:00:45,3,0.0216606498194946,29615.0,0.01985559566787,0.0180505415162455,0.000220511256629,0.0144404332129963,0.0001339673745921,0.0108303249097472,0.0003017219916917,0.0072202166064982,8.699097220240942e-05,0.0036101083032489,0.0001171695583739,0.0216606498194946,5.923944692932066e-05,0.0252707581227435,0.000122343030289,0.0288808664259927,0.0001324792030412,0.0324909747292418,0.0003175489835506,0.036101083032491,0.0003261714367424,1.0,1.0,0.0,0.0,0.0
65,11:00:48,3,0.0216606498194946,283.0,0.01985559566787,0.0180505415162455,0.000220511256629,0.0144404332129963,0.0001339673745921,0.0108303249097472,0.0002985284905095,0.0072202166064982,8.699097220240942e-05,0.0036101083032489,0.0001171695583739,0.0216606498194946,5.920751191749892e-05,0.0252707581227435,0.0001224707703363,0.0288808664259927,0.0001324792030412,0.0324909747292418,0.0003175489835506,0.036101083032491,0.0003261714367424,1.0,1.0,0.0,0.0,0.0
65,11:00:51,3,0.0216606498194946,2830.0,0.01985559566787,0.0180505415162455,0.0002221399422319,0.0144404332129963,0.0001339673745921,0.0108303249097472,0.0002985284905095,0.0072202166064982,8.699097220240942e-05,0.0036101083032489,0.0001171695583739,0.0216606498194946,5.895203182292503e-05,0.0252707581227435,0.0001224707703363,0.0288808664259927,0.0001324792030412,0.0324909747292418,0.0003175489835506,0.036101083032491,0.0003261714367424,1.0,1.0,0.0,0.0,0.0
65,11:00:54,3,0.0216606498194946,0.0,0.01985559566787,0.0180505415162455,0.0002221399422319,0.0144404332129963,0.0001339673745921,0.0108303249097472,0.0002985284905095,0.0072202166064982,8.699097220240942e-05,0.0036101083032489,0.0001171695583739,0.0216606498194946,5.895203182292503e-05,0.0252707581227435,0.0001237481708092,0.0288808664259927,0.0001324792030412,0.0324909747292418,0.0003175489835506,0.036101083032491,0.0003261714367424,1.0,1.0,0.0,0.0,0.0
65,11:00:57,3,0.0216606498194946,0.0,0.01985559566787,0.0180505415162455,0.0002221718772438,0.0144404332129963,0.0001339673745921,0.0108303249097472,0.0002985284905095,0.0072202166064982,8.699097220240942e-05,0.0036101083032489,0.0001171695583739,0.0216606498194946,5.8983966834746765e-05,0.0252707581227435,0.0001237481708092,0.0288808664259927,0.0001334372533959,0.0324909747292418,0.0003175489835506,0.036101083032491,0.0003261714367424,1.0,1.0,0.0,0.0,0.0
65,11:01:00,3,0.0180505415162455,1128.0,0.01985559566787,0.0180505415162455,0.0002292295148564,0.0144404332129963,0.0001371608757743,0.0108303249097472,0.0002985284905095,0.0072202166064982,8.699097220240942e-05,0.0036101083032489,0.0001171695583739,0.0216606498194946,5.90159018465685e-05,0.0252707581227435,0.0001237481708092,0.0288808664259927,0.0001334372533959,0.0324909747292418,0.0003172296334323,0.036101083032491,0.0003261714367424,1.0,1.0,0.0,0.0,0.0
65,11:01:03,3,0.0216606498194946,28300.0,0.01985559566787,0.0180505415162455,0.0002292295148564,0.0144404332129963,0.0001371608757743,0.0108303249097472,0.0002984326854741,0.0072202166064982,8.414875615027489e-05,0.0036101083032489,0.0001171695583739,0.0216606498194946,5.658884094811655e-05,0.0252707581227435,0.0001237162357974,0.0288808664259927,0.0001334372533959,0.0324909747292418,0.0003172296334323,0.036101083032491,0.0003261714367424,1.0,1.0,0.0,0.0,0.0
65,11:01:06,3,0.0216606498194946,11603.0,0.01985559566787,0.0180505415162455,0.0002292295148564,0.0144404332129963,0.0001371608757743,0.0108303249097472,0.0002984326854741,0.0072202166064982,8.414875615027489e-05,0.0036101083032489,0.0001171695583739,0.0216606498194946,5.543918052253405e-05,0.0252707581227435,0.0001189259840241,0.0288808664259927,0.0001334372533959,0.0324909747292418,0.0003172296334323,0.036101083032491,0.0003261714367424,1.0,1.0,0.0,0.0,0.0
65,11:01:09,3,0.0180505415162455,3102.0,0.01985559566787,0.0180505415162455,0.0002316565757548,0.0144404332129963,0.0001371608757743,0.0108303249097472,0.0002984326854741,0.0072202166064982,8.414875615027489e-05,0.0036101083032489,0.0001171695583739,0.0216606498194946,6.45725939035506e-05,0.0252707581227435,0.0001188940490123,0.0288808664259927,0.0001334372533959,0.0324909747292418,0.0003172296334323,0.036101083032491,0.0003261714367424,1.0,1.0,0.0,0.0,0.0
65,11:01:12,3,0.0180505415162455,0.0,0.01985559566787,0.0180505415162455,0.0002309220704829,0.0144404332129963,0.0001371608757743,0.0108303249097472,0.0002984326854741,0.0072202166064982,8.414875615027489e-05,0.0036101083032489,0.0001181276087286,0.0216606498194946,6.89796255349502e-05,0.0252707581227435,0.0001188940490123,0.0288808664259927,0.0001334372533959,0.0324909747292418,0.0003172296334323,0.036101083032491,0.0003261714367424,1.0,1.0,0.0,0.0,0.0
65,11:01:15,3,0.0180505415162455,282.0,0.01985559566787,0.0180505415162455,0.0002005838092523,0.0144404332129963,0.0001371608757743,0.0108303249097472,0.0002984326854741,0.0072202166064982,8.414875615027489e-05,0.0036101083032489,0.0001181276087286,0.0216606498194946,7.38337473318541e-05,0.0252707581227435,0.0001179359986576,0.0288808664259927,0.0001345869138215,0.0324909747292418,0.0003179002686806,0.036101083032491,0.0003261714367424,1.0,0.0,0.0,0.0,0.0
65,11:01:18,3,0.0180505415162455,19740.0,0.01985559566787,0.0180505415162455,0.0001980290083065,0.0144404332129963,0.0001374802258925,0.0108303249097472,0.0002984326854741,0.0072202166064982,8.414875615027489e-05,0.0036101083032489,0.0001181276087286,0.0216606498194946,7.239667179987597e-05,0.0252707581227435,0.0001176166485394,0.0288808664259927,0.0001345869138215,0.0324909747292418,0.0003179002686806,0.036101083032491,0.0003261714367424,1.0,0.0,0.0,0.0,0.0
65,11:01:21,3,0.0180505415162455,282.0,0.01985559566787,0.0180505415162455,0.0001924084462259,0.0144404332129963,0.0001374802258925,0.0108303249097472,0.0002984326854741,0.0072202166064982,8.414875615027489e-05,0.0036101083032489,0.0001181276087286,0.0216606498194946,7.239667179987597e-05,0.0252707581227435,0.0001175847135276,0.0288808664259927,0.0001345869138215,0.0324909747292418,0.0003213173149455,0.036101083032491,0.0003261714367424,1.0,0.0,0.0,0.0,0.0
65,11:01:24,3,0.0180505415162455,8460.0,0.01985559566787,0.0180505415162455,0.0001981567483538,0.0144404332129963,0.0001377995760107,0.0108303249097472,0.0003020094067981,0.0072202166064982,8.414875615027489e-05,0.0036101083032489,0.0001107825560096,0.0216606498194946,7.242860681169771e-05,0.0252707581227435,0.0001175847135276,0.0288808664259927,0.0001345869138215,0.0324909747292418,0.0003213173149455,0.036101083032491,0.0003261714367424,1.0,0.0,0.0,0.0,0.0
65,11:01:27,3,0.0180505415162455,37578.0,0.01985559566787,0.0180505415162455,0.0001889275299373,0.0144404332129963,0.0001377995760107,0.0108303249097472,0.0003020094067981,0.0072202166064982,8.414875615027489e-05,0.0036101083032489,0.0001115809313051,0.0216606498194946,7.01292859605327e-05,0.0252707581227435,0.0001175847135276,0.0288808664259927,0.0001380358950982,0.0324909747292418,0.000321956015182,0.036101083032491,0.0003261714367424,1.0,0.0,0.0,0.0,0.0
65,11:01:30,3,0.0180505415162455,0.0,0.01985559566787,0.0180505415162455,0.0001889275299373,0.0144404332129963,0.0001377995760107,0.0108303249097472,0.0003020094067981,0.0072202166064982,8.414875615027489e-05,0.0036101083032489,0.0001115809313051,0.0216606498194946,7.01292859605327e-05,0.0252707581227435,0.0001175847135276,0.0288808664259927,0.0001380358950982,0.0324909747292418,0.000321956015182,0.036101083032491,0.0003261714367424,0.0,0.0,0.0,0.0,0.0
65,11:01:33,3,0.0216606498194946,34424.0,0.01985559566787,0.0180505415162455,0.0001856701587315,0.0144404332129963,0.0001377995760107,0.0108303249097472,0.0003020094067981,0.0072202166064982,8.414875615027489e-05,0.0036101083032489,0.0001115809313051,0.0216606498194946,6.949058572409798e-05,0.0252707581227435,0.0001175527785158,0.0288808664259927,0.0001380358950982,0.0324909747292418,0.000321956015182,0.036101083032491,0.000325884021636,0.0,0.0,0.0,0.0,0.0
65,11:01:36,3,0.0216606498194946,18112.0,0.01985559566787,0.0180505415162455,0.0001568967130801,0.0144404332129963,0.0001473162095336,0.0108303249097472,0.0003020094067981,0.0072202166064982,8.414875615027489e-05,0.0036101083032489,0.0001115809313051,0.0216606498194946,6.840479532215895e-05,0.0252707581227435,0.0001159560279247,0.0288808664259927,0.0001383552452164,0.0324909747292418,0.000321956015182,0.036101083032491,0.000325884021636,0.0,0.0,0.0,0.0,0.0
65,11:01:39,3,0.0216606498194946,0.0,0.01985559566787,0.0180505415162455,0.0001571841281865,0.0144404332129963,0.0001473162095336,0.0108303249097472,0.0003020094067981,0.0072202166064982,8.414875615027489e-05,0.0036101083032489,0.0001115809313051,0.0216606498194946,6.0932002555872674e-05,0.0252707581227435,0.0001159240929129,0.0288808664259927,0.0001367584946254,0.0324909747292418,0.000321956015182,0.036101083032491,0.0003418515275469,0.0,0.0,0.0,0.0,0.0
65,11:01:42,3,0.0216606498194946,0.0,0.01985559566787,0.0180505415162455,0.0001565773629619,0.0144404332129963,0.0001473162095336,0.0108303249097472,0.0003020094067981,0.0072202166064982,8.414875615027489e-05,0.0036101083032489,0.0001115809313051,0.0216606498194946,6.0932002555872674e-05,0.0252707581227435,0.0001104312708795,0.0288808664259927,0.0001367584946254,0.0324909747292418,0.000321956015182,0.036101083032491,0.0003418515275469,0.0,0.0,0.0,0.0,0.0
65,11:01:45,3,0.0180505415162455,1382646.0,0.0162454873646209,0.0144404332129963,0.0001473162095336,0.0108303249097472,0.0003043406626611,0.0072202166064982,8.414875615027489e-05,0.0036101083032489,0.0001115809313051,0.0,7.517501782836702e-05,0.0180505415162455,1.6216599003077644e-05,0.0216606498194946,6.160263780412913e-05,0.0252707581227435,0.0001043636186334,0.0288808664259927,0.0001367584946254,0.0324909747292418,0.000321956015182,1.0,1.0,1.0,0.0,0.0
65,11:01:48,3,0.0180505415162455,0.0,0.0162454873646209,0.0144404332129963,0.0001505097107158,0.0108303249097472,0.0003043406626611,0.0072202166064982,8.414875615027489e-05,0.0036101083032489,0.0001115809313051,0.0,7.517501782836702e-05,0.0180505415162455,1.8196569736025288e-05,0.0216606498194946,6.022943229579448e-05,0.0252707581227435,0.0001043636186334,0.0288808664259927,0.0001367584946254,0.0324909747292418,0.000321956015182,1.0,1.0,1.0,0.0,0.0
65,11:01:51,3,0.0180505415162455,4512.0,0.0162454873646209,0.0144404332129963,0.0001505097107158,0.0108303249097472,0.0003045642077438,0.0072202166064982,8.414875615027489e-05,0.0036101083032489,0.0001115809313051,0.0,7.517501782836702e-05,0.0180505415162455,3.068315935832414e-05,0.0216606498194946,6.022943229579448e-05,0.0252707581227435,0.0001043316836216,0.0288808664259927,0.0001367584946254,0.0324909747292418,0.0003198483044017,1.0,1.0,1.0,0.0,0.0
65,11:01:54,3,0.0180505415162455,115902.0,0.0162454873646209,0.0144404332129963,0.0001505097107158,0.0108303249097472,0.000304532272732,0.0072202166064982,8.414875615027489e-05,0.0036101083032489,0.0001115809313051,0.0,7.517501782836702e-05,0.0180505415162455,1.7621739523234038e-05,0.0216606498194946,6.182618288688129e-05,0.0252707581227435,0.0001043316836216,0.0288808664259927,0.000136822364649,0.0324909747292418,0.0003198483044017,1.0,1.0,1.0,0.0,0.0
65,11:01:57,3,0.0144404332129963,14927.0,0.0162454873646209,0.0144404332129963,0.0001499029454912,0.0108303249097472,0.000304532272732,0.0072202166064982,8.414875615027489e-05,0.0036101083032489,0.0001115809313051,0.0,7.517501782836702e-05,0.0180505415162455,1.656788413311674e-05,0.0216606498194946,6.42213087735115e-05,0.0252707581227435,0.0001042997486097,0.0288808664259927,0.0001355449641761,0.0324909747292418,0.0003163035180895,1.0,1.0,1.0,0.0,0.0
65,11:02:00,3,0.0180505415162455,21432.0,0.0162454873646209,0.0144404332129963,0.0001499029454912,0.0108303249097472,0.000304532272732,0.0072202166064982,8.414875615027489e-05,0.0036101083032489,0.0001115809313051,0.0,7.517501782836702e-05,0.0180505415162455,1.599305392032549e-05,0.0216606498194946,6.42213087735115e-05,0.0252707581227435,0.0001042997486097,0.0288808664259927,0.000132351462994,0.0324909747292418,0.0003175809185624,1.0,1.0,1.0,0.0,0.0
65,11:02:03,3,0.0180505415162455,10716.0,0.0162454873646209,0.0144404332129963,0.0001554277025363,0.0108303249097472,0.0003048516228502,0.0072202166064982,8.414875615027489e-05,0.0036101083032489,0.0001115809313051,0.0,7.517501782836702e-05,0.0180505415162455,4.122171325949709e-05,0.0216606498194946,6.42213087735115e-05,0.0252707581227435,0.0001042997486097,0.0288808664259927,0.000132351462994,0.0324909747292418,0.0003175809185624,1.0,1.0,1.0,0.0,0.0
65,11:02:06,3,0.0180505415162455,14664.0,0.0162454873646209,0.0144404332129963,0.0001554277025363,0.0108303249097472,0.0003046600127793,0.0072202166064982,8.414875615027489e-05,0.0036101083032489,0.0001115809313051,0.0,7.517501782836702e-05,0.0180505415162455,3.972076770387549e-05,0.0216606498194946,6.505161908087665e-05,0.0252707581227435,0.0001042997486097,0.0288808664259927,0.0001313934126393,0.0324909747292418,0.0003191776691535,1.0,1.0,0.0,0.0,0.0
65,11:02:09,3,0.0180505415162455,0.0,0.0162454873646209,0.0144404332129963,0.0001554277025363,0.0108303249097472,0.0003103125098718,0.0072202166064982,8.414875615027489e-05,0.0036101083032489,0.0001115809313051,0.0,7.517501782836702e-05,0.0180505415162455,6.185173089633868e-05,0.0216606498194946,6.505161908087665e-05,0.0252707581227435,0.0001042997486097,0.0288808664259927,0.0001313934126393,0.0324909747292418,0.0003191776691535,1.0,1.0,0.0,0.0,0.0
65,11:02:12,3,0.0180505415162455,0.0,0.0162454873646209,0.0144404332129963,0.0001557470526546,0.0108303249097472,0.0003092586544816,0.0072202166064982,8.414875615027489e-05,0.0036101083032489,0.0001115809313051,0.0,7.517501782836702e-05,0.0180505415162455,6.344848148742548e-05,0.0216606498194946,6.569031931731136e-05,0.0252707581227435,0.0001042997486097,0.0288808664259927,0.0001313934126393,0.0324909747292418,0.0003191776691535,1.0,1.0,0.0,0.0,0.0
65,11:02:15,3,0.0144404332129963,36530.0,0.0162454873646209,0.0144404332129963,0.0001511484109522,0.0108303249097472,0.000308300604127,0.0072202166064982,8.414875615027489e-05,0.0036101083032489,0.0001115809313051,0.0,7.517501782836702e-05,0.0180505415162455,8.072532288298478e-05,0.0216606498194946,6.569031931731136e-05,0.0252707581227435,0.0001039484634797,0.0288808664259927,0.0001313934126393,0.0324909747292418,0.0003194650842599,1.0,1.0,0.0,0.0,0.0
65,11:02:18,3,0.0144404332129963,114379.0,0.0162454873646209,0.0144404332129963,0.0001420149975712,0.0108303249097472,0.0003079812540088,0.0072202166064982,8.414875615027489e-05,0.0036101083032489,0.0001115809313051,0.0,7.517501782836702e-05,0.0180505415162455,8.18111132849238e-05,0.0216606498194946,6.569031931731136e-05,0.0252707581227435,0.0001039484634797,0.0288808664259927,0.0001313934126393,0.0324909747292418,0.0003194650842599,1.0,1.0,0.0,0.0,0.0
65,11:02:21,3,0.0144404332129963,12381.0,0.0162454873646209,0.0144404332129963,0.0001427495028431,0.0108303249097472,0.0003079812540088,0.0072202166064982,8.414875615027489e-05,0.0036101083032489,0.0001115809313051,0.0,7.517501782836702e-05,0.0180505415162455,8.835779070837972e-05,0.0216606498194946,6.137909272137699e-05,0.0252707581227435,0.0001039165284679,0.0288808664259927,0.0001313934126393,0.0324909747292418,0.0003194650842599,1.0,1.0,0.0,0.0,0.0
65,11:02:24,3,0.0180505415162455,2820.0,0.0162454873646209,0.0144404332129963,0.0001435478781387,0.0108303249097472,0.0003079812540088,0.0072202166064982,8.414875615027489e-05,0.0036101083032489,0.0001115809313051,0.0,7.932656936519273e-05,0.0180505415162455,8.810231061380584e-05,0.0216606498194946,6.137909272137699e-05,0.0252707581227435,0.0001041081385388,0.0288808664259927,0.0001313934126393,0.0324909747292418,0.000319433149248,1.0,1.0,0.0,0.0,0.0
65,11:02:27,3,0.0144404332129963,1405.0,0.0162454873646209,0.0144404332129963,0.000151180345964,0.0108303249097472,0.0003094502645526,0.0072202166064982,8.414875615027489e-05,0.0036101083032489,0.0001115809313051,0.0,7.932656936519273e-05,0.0180505415162455,9.420189787175744e-05,0.0216606498194946,6.45725939035506e-05,0.0252707581227435,0.0001041081385388,0.0288808664259927,0.0001313934126393,0.0324909747292418,0.000319433149248,1.0,1.0,0.0,0.0,0.0
65,11:02:30,3,0.0180505415162455,49465.0,0.0162454873646209,0.0144404332129963,0.0001463900941908,0.0108303249097472,0.0003104083149072,0.0072202166064982,8.414875615027489e-05,0.0036101083032489,0.0001115809313051,0.0,7.932656936519273e-05,0.0180505415162455,9.471285806090524e-05,0.0216606498194946,6.441291884444192e-05,0.0252707581227435,9.538988031152604e-05,0.0288808664259927,0.0001345869138215,0.0324909747292418,0.000319433149248,1.0,1.0,0.0,0.0,0.0
65,11:02:33,3,0.0144404332129963,2248.0,0.0162454873646209,0.0144404332129963,0.0001454959138598,0.0108303249097472,0.0003106957300136,0.0072202166064982,8.414875615027489e-05,0.0036101083032489,0.0001115809313051,0.0,7.932656936519273e-05,0.0180505415162455,0.0001279891403791,0.0216606498194946,6.760642002661554e-05,0.0252707581227435,9.53579452997043e-05,0.0288808664259927,0.0001345869138215,0.0324909747292418,0.000319433149248,1.0,1.0,0.0,0.0,0.0
65,11:02:36,3,0.0144404332129963,2810.0,0.0162454873646209,0.0144404332129963,0.0001449849536706,0.0108303249097472,0.0003106957300136,0.0072202166064982,8.414875615027489e-05,0.0036101083032489,0.0001117406063642,0.0,7.836851901054065e-05,0.0180505415162455,0.0001307994214194,0.0216606498194946,6.735093993204165e-05,0.0252707581227435,9.53579452997043e-05,0.0288808664259927,0.0001345869138215,0.0324909747292418,0.000319433149248,1.0,0.0,0.0,0.0,0.0
65,11:02:39,3,0.0180505415162455,14614.0,0.0162454873646209,0.0144404332129963,0.000146166549108,0.0108303249097472,0.0003101528348127,0.0072202166064982,8.462778132760094e-05,0.0036101083032489,0.0001117406063642,0.0,7.836851901054065e-05,0.0180505415162455,0.0001300968511593,0.0216606498194946,6.735093993204165e-05,0.0252707581227435,9.647567071346507e-05,0.0288808664259927,0.0001345869138215,0.0324909747292418,0.0003018688927461,1.0,0.0,0.0,0.0,0.0
65,11:02:42,3,0.0180505415162455,2531.0,0.0162454873646209,0.0144404332129963,0.0001464220292026,0.0108303249097472,0.000310440249919,0.0072202166064982,8.462778132760094e-05,0.0036101083032489,0.0001117406063642,0.0,7.741046865588856e-05,0.0180505415162455,0.0001300329811357,0.0216606498194946,6.735093993204165e-05,0.0252707581227435,9.647567071346507e-05,0.0288808664259927,0.0001329901632304,0.0324909747292418,0.0003018688927461,1.0,0.0,0.0,0.0,0.0
65,11:02:45,3,0.0144404332129963,2248.0,0.0162454873646209,0.0144404332129963,0.0001488171550892,0.0108303249097472,0.0003098015496826,0.0072202166064982,8.462778132760094e-05,0.0036101083032489,0.0001117406063642,0.0,7.741046865588856e-05,0.0180505415162455,0.0001300649161475,0.0216606498194946,6.735093993204165e-05,0.0252707581227435,9.647567071346507e-05,0.0288808664259927,0.0001340440186205,0.0324909747292418,0.0003022201778761,1.0,0.0,0.0,0.0,0.0
65,11:02:48,3,0.0144404332129963,91104.0,0.0162454873646209,0.0144404332129963,0.0001420788675949,0.0108303249097472,0.0003098015496826,0.0072202166064982,8.462778132760094e-05,0.0036101083032489,0.0001147424974754,0.0,7.741046865588856e-05,0.0180505415162455,0.0001353022580863,0.0216606498194946,6.735093993204165e-05,0.0252707581227435,9.647567071346507e-05,0.0288808664259927,0.0001340440186205,0.0324909747292418,0.0003022201778761,1.0,0.0,0.0,0.0,0.0
65,11:02:51,3,0.0144404332129963,171129.0,0.0162454873646209,0.0144404332129963,0.0001226304453954,0.0108303249097472,0.0003052667780039,0.0072202166064982,8.462778132760094e-05,0.0036101083032489,0.0001165627931493,0.0,7.741046865588856e-05,0.0180505415162455,0.0001237737188186,0.0216606498194946,6.735093993204165e-05,0.0252707581227435,9.647567071346507e-05,0.0288808664259927,0.0001340440186205,0.0324909747292418,0.0003022201778761,0.0,0.0,0.0,0.0,0.0
65,11:02:54,3,0.0144404332129963,52266.0,0.0162454873646209,0.0144404332129963,0.0001167224682084,0.0108303249097472,0.0003071190086896,0.0072202166064982,8.462778132760094e-05,0.0036101083032489,0.0001172014933857,0.0,7.741046865588856e-05,0.0180505415162455,0.0001226559934049,0.0216606498194946,6.735093993204165e-05,0.0252707581227435,9.647567071346507e-05,0.0288808664259927,0.0001340440186205,0.0324909747292418,0.0003022201778761,0.0,0.0,0.0,0.0,0.0
65,11:02:57,3,0.0144404332129963,0.0,0.0162454873646209,0.0144404332129963,0.0001175527785158,0.0108303249097472,0.0003084922141979,0.0072202166064982,8.462778132760094e-05,0.0036101083032489,0.0001179679336694,0.0,7.741046865588856e-05,0.0180505415162455,0.0001226559934049,0.0216606498194946,6.623321451828088e-05,0.0252707581227435,9.647567071346507e-05,0.0288808664259927,0.0001354491591407,0.0324909747292418,0.0003022201778761,0.0,0.0,0.0,0.0,0.0
65,11:03:00,3,0.0144404332129963,107344.0,0.0162454873646209,0.0144404332129963,0.0001055771490826,0.0108303249097472,0.0003095780045999,0.0072202166064982,8.462778132760094e-05,0.0036101083032489,0.0001179679336694,0.0,7.741046865588856e-05,0.0180505415162455,0.0001269033499772,0.0216606498194946,6.623321451828088e-05,0.0252707581227435,8.050816480259697e-05,0.0288808664259927,0.0001360878593771,0.0324909747292418,0.0003022201778761,0.0,0.0,0.0,0.0,0.0
65,11:03:03,3,0.0144404332129963,134037.0,0.0162454873646209,0.0144404332129963,9.48150500987348e-05,0.0108303249097472,0.000309737679659,0.0072202166064982,8.462778132760094e-05,0.0036101083032489,0.0001179679336694,0.0,7.741046865588856e-05,0.0180505415162455,0.0001300968511593,0.0216606498194946,6.687191475471561e-05,0.0252707581227435,8.050816480259697e-05,0.0288808664259927,0.0001360878593771,0.0324909747292418,0.0003022201778761,0.0,0.0,0.0,0.0,0.0
65,11:03:06,3,0.0144404332129963,837099.0,0.0126353790613717,0.0108303249097472,0.000309737679659,0.0072202166064982,8.462778132760094e-05,0.0036101083032489,0.0001179679336694,0.0,7.741046865588856e-05,-0.0036101083032491,6.751061499115033e-05,0.0144404332129963,1.2742069716872745e-05,0.0180505415162455,0.0001302884612303,0.0216606498194946,6.687191475471561e-05,0.0252707581227435,8.050816480259697e-05,0.0288808664259927,0.0001360878593771,1.0,1.0,1.0,0.0,1.0
65,11:03:09,3,0.0144404332129963,144434.0,0.0126353790613717,0.0108303249097472,0.0003103763798954,0.0072202166064982,8.462778132760094e-05,0.0036101083032489,0.0001179679336694,0.0,7.741046865588856e-05,-0.0036101083032491,6.751061499115033e-05,0.0144404332129963,6.067652246129879e-07,0.0180505415162455,0.0001301287861712,0.0216606498194946,6.687191475471561e-05,0.0252707581227435,8.050816480259697e-05,0.0288808664259927,0.0001360878593771,1.0,1.0,1.0,0.0,1.0
65,11:03:12,3,0.0144404332129963,13449.0,0.0126353790613717,0.0108303249097472,0.0003064164384295,0.0072202166064982,8.462778132760094e-05,0.0036101083032489,0.0001179679336694,0.0,7.741046865588856e-05,-0.0036101083032491,6.751061499115033e-05,0.0144404332129963,1.0219203782955583e-06,0.0180505415162455,0.000131597796715,0.0216606498194946,6.35187385134333e-05,0.0252707581227435,8.050816480259697e-05,0.0288808664259927,0.0001360878593771,1.0,1.0,1.0,1.0,1.0
65,11:03:15,3,0.0144404332129963,0.0,0.0126353790613717,0.0108303249097472,0.0003077257739142,0.0072202166064982,8.462778132760094e-05,0.0036101083032489,0.0001149660425582,0.0,7.741046865588856e-05,-0.0036101083032491,6.751061499115033e-05,0.0144404332129963,2.1013237778702425e-05,0.0180505415162455,0.0001288513856983,0.0216606498194946,6.35187385134333e-05,0.0252707581227435,7.999720461344919e-05,0.0288808664259927,0.0001616358688345,1.0,1.0,1.0,1.0,1.0
65,11:03:18,3,0.0144404332129963,28100.0,0.0126353790613717,0.0108303249097472,0.000307406423796,0.0072202166064982,8.462778132760094e-05,0.0036101083032489,0.0001149660425582,0.0,7.741046865588856e-05,-0.0036101083032491,6.751061499115033e-05,0.0144404332129963,3.7140418748679205e-05,0.0180505415162455,0.0001288513856983,0.0216606498194946,6.35187385134333e-05,0.0252707581227435,7.999720461344919e-05,0.0288808664259927,0.0001616358688345,1.0,1.0,1.0,1.0,1.0
65,11:03:21,3,0.0144404332129963,843.0,0.0126353790613717,0.0108303249097472,0.0003085880192334,0.0072202166064982,8.462778132760094e-05,0.0036101083032489,0.0001152853926764,0.0,7.741046865588856e-05,-0.0036101083032491,6.751061499115033e-05,0.0144404332129963,5.930331695296413e-05,0.0180505415162455,0.0001288513856983,0.0216606498194946,6.345486848978983e-05,0.0252707581227435,8.319070579562281e-05,0.0288808664259927,0.0001603584683616,1.0,1.0,1.0,1.0,1.0
65,11:03:24,3,0.0144404332129963,5620.0,0.0126353790613717,0.0108303249097472,0.000309546069588,0.0072202166064982,7.951817943612314e-05,0.0036101083032489,0.0001152853926764,0.0,7.741046865588856e-05,-0.0036101083032491,6.751061499115033e-05,0.0144404332129963,5.949492702389455e-05,0.0180505415162455,0.0001227837334522,0.0216606498194946,6.345486848978983e-05,0.0252707581227435,8.156202019271426e-05,0.0288808664259927,0.0001603584683616,1.0,1.0,1.0,1.0,1.0
65,11:03:27,3,0.0144404332129963,119025.0,0.0126353790613717,0.0108303249097472,0.0003002849161597,0.0072202166064982,7.951817943612314e-05,0.0036101083032489,0.0001152853926764,0.0,7.741046865588856e-05,-0.0036101083032491,6.751061499115033e-05,0.0144404332129963,8.996092830183088e-05,0.0180505415162455,0.0001023453258863,0.0216606498194946,6.035717234308142e-05,0.0252707581227435,8.156202019271426e-05,0.0288808664259927,0.0001603584683616,1.0,1.0,1.0,1.0,1.0
65,11:03:30,3,0.0144404332129963,4762.0,0.0126353790613717,0.0108303249097472,0.0003014026415735,0.0072202166064982,7.951817943612314e-05,0.0036101083032489,0.0001159240929129,0.0,7.958204945976662e-05,-0.0036101083032491,6.751061499115033e-05,0.0144404332129963,9.2611534283035e-05,0.0180505415162455,0.0001023453258863,0.0216606498194946,4.4709016550430685e-05,0.0252707581227435,7.996526960162745e-05,0.0288808664259927,0.0001603584683616,1.0,1.0,1.0,1.0,1.0
65,11:03:33,3,0.0144404332129963,64630.0,0.0126353790613717,0.0108303249097472,0.0003013707065617,0.0072202166064982,8.015687967255787e-05,0.0036101083032489,0.0001159240929129,0.0,7.990139957798397e-05,-0.0036101083032491,6.751061499115033e-05,0.0144404332129963,9.005673333729609e-05,0.0180505415162455,0.0001023453258863,0.0216606498194946,4.467708153860895e-05,0.0252707581227435,7.996526960162745e-05,0.0288808664259927,0.000158314627605,1.0,1.0,1.0,1.0,1.0
65,11:03:36,3,0.0144404332129963,2801.0,0.0126353790613717,0.0108303249097472,0.0003091309144344,0.0072202166064982,8.015687967255787e-05,0.0036101083032489,0.0001159240929129,0.0,7.990139957798397e-05,-0.0036101083032491,6.751061499115033e-05,0.0144404332129963,9.321829950764796e-05,0.0180505415162455,9.691637387660504e-05,0.0216606498194946,4.467708153860895e-05,0.0252707581227435,7.996526960162745e-05,0.0288808664259927,0.0001599113781961,1.0,1.0,1.0,1.0,1.0
65,11:03:39,3,0.0144404332129963,61820.0,0.0126353790613717,0.0108303249097472,0.0003091309144344,0.0072202166064982,7.967785449523183e-05,0.0036101083032489,0.0001159240929129,0.0,7.990139957798397e-05,-0.0036101083032491,6.751061499115033e-05,0.0144404332129963,8.651194702508338e-05,0.0180505415162455,9.036969645314911e-05,0.0216606498194946,4.467708153860895e-05,0.0252707581227435,8.044429477895349e-05,0.0288808664259927,0.0001599113781961,1.0,1.0,0.0,1.0,1.0
65,11:03:42,3,0.0108303249097472,76513.0,0.0126353790613717,0.0108303249097472,0.0003024245619518,0.0072202166064982,7.967785449523183e-05,0.0036101083032489,0.0001159240929129,0.0,7.990139957798397e-05,-0.0036101083032491,6.751061499115033e-05,0.0144404332129963,8.574550674136171e-05,0.0180505415162455,9.036969645314911e-05,0.0216606498194946,4.467708153860895e-05,0.0252707581227435,8.044429477895349e-05,0.0288808664259927,0.0001599113781961,1.0,1.0,0.0,1.0,1.0
65,11:03:45,3,0.0108303249097472,20735.0,0.0126353790613717,0.0108303249097472,0.0003016581216681,0.0072202166064982,7.967785449523183e-05,0.0036101083032489,0.0001159240929129,0.0,8.628840194233122e-05,-0.0036101083032491,6.751061499115033e-05,0.0144404332129963,8.539422161132261e-05,0.0180505415162455,9.036969645314911e-05,0.0216606498194946,4.4645146526787215e-05,0.0252707581227435,8.044429477895349e-05,0.0288808664259927,0.0001599113781961,1.0,1.0,0.0,1.0,1.0
65,11:03:48,3,0.0108303249097472,3360.0,0.0126353790613717,0.0108303249097472,0.0003012749015262,0.0072202166064982,7.967785449523183e-05,0.0036101083032489,0.0001140079922035,0.0,8.628840194233122e-05,-0.0036101083032491,6.751061499115033e-05,0.0144404332129963,8.539422161132261e-05,0.0180505415162455,6.533264718490792e-05,0.0216606498194946,4.209034558104832e-05,0.0252707581227435,5.808978650373815e-05,0.0288808664259927,0.0001599113781961,1.0,1.0,0.0,1.0,1.0
65,11:03:51,3,0.0108303249097472,197731.0,0.0126353790613717,0.0108303249097472,0.0002857544857808,0.0072202166064982,7.967785449523183e-05,0.0036101083032489,0.0001140079922035,0.0,8.628840194233122e-05,-0.0036101083032491,6.751061499115033e-05,0.0144404332129963,8.376553600841405e-05,0.0180505415162455,6.533264718490792e-05,0.0216606498194946,4.205841056922658e-05,0.0252707581227435,5.808978650373815e-05,0.0288808664259927,0.0001599113781961,1.0,1.0,0.0,1.0,1.0
65,11:03:54,3,0.0108303249097472,714840.0,0.0126353790613717,0.0108303249097472,0.0002061085662974,0.0072202166064982,7.967785449523183e-05,0.0036101083032489,0.0001140079922035,0.0,8.948190312450485e-05,-0.0036101083032491,6.751061499115033e-05,0.0144404332129963,8.379747102023579e-05,0.0180505415162455,6.453427188936451e-05,0.0216606498194946,4.129197028550491e-05,0.0252707581227435,5.808978650373815e-05,0.0288808664259927,0.0001599113781961,1.0,1.0,0.0,1.0,1.0
65,11:03:57,3,0.0144404332129963,562.0,0.0126353790613717,0.0108303249097472,0.0002108349480471,0.0072202166064982,7.967785449523183e-05,0.0036101083032489,0.0001140079922035,0.0,8.948190312450485e-05,-0.0036101083032491,6.751061499115033e-05,0.0144404332129963,8.373360099659233e-05,0.0180505415162455,6.453427188936451e-05,0.0216606498194946,4.126003527368317e-05,0.0252707581227435,5.777043638552079e-05,0.0288808664259927,0.0001599113781961,1.0,1.0,0.0,1.0,1.0
65,11:04:00,3,0.0144404332129963,154050.0,0.0126353790613717,0.0108303249097472,0.0001952825972899,0.0072202166064982,7.967785449523183e-05,0.0036101083032489,0.0001140079922035,0.0,8.948190312450485e-05,-0.0036101083032491,6.814931522758506e-05,0.0144404332129963,8.05400998144187e-05,0.0180505415162455,6.453427188936451e-05,0.0216606498194946,4.177099546283096e-05,0.0252707581227435,5.777043638552079e-05,0.0288808664259927,0.0001599113781961,1.0,1.0,0.0,1.0,1.0
65,11:04:03,3,0.0108303249097472,138600.0,0.0126353790613717,0.0108303249097472,0.0001879694795827,0.0072202166064982,7.967785449523183e-05,0.0036101083032489,0.0001140079922035,0.0,8.948190312450485e-05,-0.0036101083032491,6.814931522758506e-05,0.0144404332129963,7.606919815937563e-05,0.0180505415162455,6.453427188936451e-05,0.0216606498194946,4.177099546283096e-05,0.0252707581227435,5.777043638552079e-05,0.0288808664259927,0.0001599113781961,1.0,1.0,0.0,1.0,1.0
65,11:04:06,3,0.0144404332129963,25207.0,0.0126353790613717,0.0108303249097472,0.0001952187272662,0.0072202166064982,7.967785449523183e-05,0.0036101083032489,0.0001140079922035,0.0,8.948190312450485e-05,-0.0036101083032491,6.814931522758506e-05,0.0144404332129963,7.664402837216689e-05,0.0180505415162455,6.453427188936451e-05,0.0216606498194946,4.177099546283096e-05,0.0252707581227435,5.777043638552079e-05,0.0288808664259927,0.0001599113781961,1.0,1.0,0.0,1.0,1.0
65,11:04:09,3,0.0144404332129963,481331.0,0.0126353790613717,0.0108303249097472,0.0001426856328195,0.0072202166064982,7.967785449523183e-05,0.0036101083032489,0.0001140079922035,0.0,8.948190312450485e-05,-0.0036101083032491,6.814931522758506e-05,0.0144404332129963,7.645241830123647e-05,0.0180505415162455,6.453427188936451e-05,0.0216606498194946,4.173906045100922e-05,0.0252707581227435,5.777043638552079e-05,0.0288808664259927,0.0001599113781961,1.0,0.0,0.0,1.0,1.0
65,11:04:12,3,0.0108303249097472,45920.0,0.0126353790613717,0.0108303249097472,0.0001371928107861,0.0072202166064982,7.967785449523183e-05,0.0036101083032489,0.0001140079922035,0.0,8.948190312450485e-05,-0.0036101083032491,6.814931522758506e-05,0.0144404332129963,7.645241830123647e-05,0.0180505415162455,6.453427188936451e-05,0.0216606498194946,3.694880867774879e-05,0.0252707581227435,5.777043638552079e-05,0.0288808664259927,0.0001407503711031,1.0,0.0,1.0,1.0,1.0
65,11:04:15,3,0.0108303249097472,47150.0,0.0126353790613717,0.0108303249097472,0.0001357557352542,0.0072202166064982,8.015687967255787e-05,0.0036101083032489,0.0001140079922035,0.0,8.948190312450485e-05,-0.0036101083032491,6.846866534580242e-05,0.0144404332129963,7.325891711906284e-05,0.0180505415162455,6.453427188936451e-05,0.0216606498194946,2.7368305131227925e-05,0.0252707581227435,5.777043638552079e-05,0.0288808664259927,0.0001407503711031,1.0,0.0,1.0,1.0,1.0
65,11:04:18,3,0.0144404332129963,59362.0,0.0126353790613717,0.0108303249097472,0.0001312528985873,0.0072202166064982,8.015687967255787e-05,0.0036101083032489,0.0001140079922035,0.0,8.948190312450485e-05,-0.0036101083032491,6.846866534580242e-05,0.0144404332129963,7.584565307662348e-05,0.0180505415162455,6.76958380597164e-05,0.0216606498194946,2.7368305131227925e-05,0.0252707581227435,5.777043638552079e-05,0.0288808664259927,0.0001417084214577,1.0,0.0,1.0,1.0,1.0
65,11:04:21,3,0.0108303249097472,64400.0,0.0126353790613717,0.0108303249097472,0.0001266861918968,0.0072202166064982,8.462778132760094e-05,0.0036101083032489,0.0001113893212342,0.0,8.948190312450485e-05,-0.0036101083032491,6.846866534580242e-05,0.0144404332129963,7.705918352584946e-05,0.0180505415162455,6.76958380597164e-05,0.0216606498194946,2.7368305131227925e-05,0.0252707581227435,5.719560617272954e-05,0.0288808664259927,0.0001417084214577,1.0,0.0,1.0,1.0,1.0
65,11:04:24,3,0.0108303249097472,17980.0,0.0126353790613717,0.0108303249097472,0.0001307100033863,0.0072202166064982,8.462778132760094e-05,0.0036101083032489,0.0001113893212342,0.0,8.948190312450485e-05,-0.0036101083032491,6.664836967196345e-05,0.0144404332129963,7.514308281654528e-05,0.0180505415162455,6.76958380597164e-05,0.0216606498194946,2.7368305131227925e-05,0.0252707581227435,5.719560617272954e-05,0.0288808664259927,0.000144710312569,0.0,0.0,1.0,1.0,1.0
65,11:04:27,3,0.0108303249097472,53485.0,0.0126353790613717,0.0108303249097472,0.0001244826760811,0.0072202166064982,8.568163671771823e-05,0.0036101083032489,0.0001113893212342,0.0,8.973738321907873e-05,-0.0036101083032491,6.984187085413708e-05,0.0144404332129963,7.49834077574366e-05,0.0180505415162455,6.763196803607294e-05,0.0216606498194946,2.7368305131227925e-05,0.0252707581227435,5.719560617272954e-05,0.0288808664259927,0.000144710312569,0.0,0.0,1.0,1.0,1.0
65,11:04:30,3,0.0144404332129963,15683.0,0.0126353790613717,0.0108303249097472,0.0001246423511402,0.0072202166064982,8.568163671771823e-05,0.0036101083032489,0.0001113893212342,0.0,8.973738321907873e-05,-0.0036101083032491,6.984187085413708e-05,0.0144404332129963,7.48876027219714e-05,0.0180505415162455,6.763196803607294e-05,0.0216606498194946,2.7368305131227925e-05,0.0252707581227435,5.719560617272954e-05,0.0288808664259927,0.000144710312569,0.0,0.0,1.0,1.0,1.0
65,11:04:33,3,0.0108303249097472,243320.0,0.0126353790613717,0.0108303249097472,9.724211099718674e-05,0.0072202166064982,8.568163671771823e-05,0.0036101083032489,0.0001113893212342,0.0,8.973738321907873e-05,-0.0036101083032491,6.984187085413708e-05,0.0144404332129963,7.49834077574366e-05,0.0180505415162455,6.763196803607294e-05,0.0216606498194946,2.7368305131227925e-05,0.0252707581227435,5.719560617272954e-05,0.0288808664259927,0.000144710312569,0.0,0.0,1.0,1.0,1.0
65,11:04:36,3,0.0108303249097472,843653.0,0.0126353790613717,0.0108303249097472,5.6844321042690445e-06,0.0072202166064982,8.568163671771823e-05,0.0036101083032489,0.0001113893212342,0.0,8.973738321907873e-05,-0.0036101083032491,6.984187085413708e-05,0.0144404332129963,7.456825260375403e-05,0.0180505415162455,6.763196803607294e-05,0.0216606498194946,3.535205808666197e-05,0.0252707581227435,5.767463135005558e-05,0.0288808664259927,0.000144710312569,0.0,0.0,1.0,1.0,1.0
65,11:04:39,3,0.0108303249097472,209096.0,0.0090252707581226,0.0072202166064982,8.357392593748365e-05,0.0036101083032489,0.0001113893212342,0.0,8.973738321907873e-05,-0.0036101083032491,6.984187085413708e-05,-0.0072202166064981,0.0002026595850207,0.0108303249097472,3.6310108441314064e-05,0.0144404332129963,7.293956700084549e-05,0.0180505415162455,6.763196803607294e-05,0.0216606498194946,3.468142283840551e-05,0.0252707581227435,5.767463135005558e-05,1.0,1.0,2.0,2.0,2.0
65,11:04:42,3,0.0108303249097472,35000.0,0.0090252707581226,0.0072202166064982,8.357392593748365e-05,0.0036101083032489,0.0001113893212342,0.0,9.93178867655996e-05,-0.0036101083032491,7.00334809250675e-05,-0.0072202166064981,0.0002026595850207,0.0108303249097472,3.490496792115767e-05,0.0144404332129963,8.874739785260491e-05,0.0180505415162455,6.763196803607294e-05,0.0216606498194946,3.468142283840551e-05,0.0252707581227435,5.767463135005558e-05,1.0,2.0,2.0,2.0,2.0
65,11:04:45,3,0.0108303249097472,0.0,0.0090252707581226,0.0072202166064982,8.357392593748365e-05,0.0036101083032489,0.0001113893212342,0.0,9.93178867655996e-05,-0.0036101083032491,7.00334809250675e-05,-0.0072202166064981,0.0002026595850207,0.0108303249097472,3.493690293297941e-05,0.0144404332129963,8.89070729117136e-05,0.0180505415162455,6.811099321339897e-05,0.0216606498194946,3.464948782658378e-05,0.0252707581227435,5.767463135005558e-05,1.0,2.0,2.0,2.0,2.0
65,11:04:48,3,0.0108303249097472,280.0,0.0090252707581226,0.0072202166064982,8.357392593748365e-05,0.0036101083032489,0.0001113893212342,0.0,9.963723688381696e-05,-0.0036101083032491,7.00334809250675e-05,-0.0072202166064981,0.0002026595850207,0.0108303249097472,4.151551536825706e-05,0.0144404332129963,8.731032232062678e-05,0.0180505415162455,6.811099321339897e-05,0.0216606498194946,3.5256253051196767e-05,0.0252707581227435,5.767463135005558e-05,1.0,2.0,2.0,2.0,2.0
65,11:04:51,3,0.0108303249097472,12845.0,0.0090252707581226,0.0072202166064982,8.245620052372288e-05,0.0036101083032489,0.0001104312708795,0.0,9.963723688381696e-05,-0.0036101083032491,7.00334809250675e-05,-0.0072202166064981,0.0002026595850207,0.0108303249097472,4.838154290993035e-05,0.0144404332129963,8.641614198961816e-05,0.0180505415162455,6.80471231897555e-05,0.0216606498194946,3.5256253051196767e-05,0.0252707581227435,5.767463135005558e-05,1.0,2.0,2.0,2.0,2.0
65,11:04:54,3,0.0108303249097472,105560.0,0.0090252707581226,0.0072202166064982,8.354199092566191e-05,0.0036101083032489,0.0001104312708795,0.0,9.963723688381696e-05,-0.0036101083032491,7.108733631518479e-05,-0.0072202166064981,0.0002026595850207,0.0108303249097472,3.602269333491844e-05,0.0144404332129963,8.622453191868775e-05,0.0180505415162455,6.798325316611203e-05,0.0216606498194946,3.5192383027553296e-05,0.0252707581227435,5.767463135005558e-05,1.0,2.0,2.0,2.0,2.0
65,11:04:57,3,0.0072202166064982,13950.0,0.0090252707581226,0.0072202166064982,8.194524033457509e-05,0.0036101083032489,0.0001107506209977,0.0,9.829596638730404e-05,-0.0036101083032491,7.108733631518479e-05,-0.0072202166064981,0.0002026595850207,0.0108303249097472,3.6214303405848855e-05,0.0144404332129963,5.4960155345208006e-05,0.0180505415162455,6.79513181542903e-05,0.0216606498194946,3.5192383027553296e-05,0.0252707581227435,5.767463135005558e-05,2.0,2.0,2.0,2.0,2.0
65,11:05:00,3,0.0108303249097472,23240.0,0.0090252707581226,0.0072202166064982,9.043995347915692e-05,0.0036101083032489,0.0001110699711159,0.0,9.925401674195612e-05,-0.0036101083032491,7.131088139793694e-05,-0.0072202166064981,0.0002026595850207,0.0108303249097472,3.5192383027553296e-05,0.0144404332129963,5.4960155345208006e-05,0.0180505415162455,6.79513181542903e-05,0.0216606498194946,3.5192383027553296e-05,0.0252707581227435,5.831333158649031e-05,2.0,2.0,2.0,2.0,2.0
65,11:05:03,3,0.0108303249097472,120016.0,0.0090252707581226,0.0072202166064982,9.574116544156514e-05,0.0036101083032489,0.0001092496754421,0.0,9.925401674195612e-05,-0.0036101083032491,7.131088139793694e-05,-0.0072202166064981,0.0002036176353753,0.0108303249097472,2.609090465835848e-05,0.0144404332129963,5.4960155345208006e-05,0.0180505415162455,6.79513181542903e-05,0.0216606498194946,3.5192383027553296e-05,0.0252707581227435,5.831333158649031e-05,2.0,2.0,2.0,2.0,2.0
65,11:05:06,3,0.0108303249097472,195900.0,0.0090252707581226,0.0072202166064982,9.312249447218276e-05,0.0036101083032489,0.0001092496754421,0.0,9.925401674195612e-05,-0.0036101083032491,7.131088139793694e-05,-0.0072202166064981,0.0002040647255408,0.0108303249097472,6.482807399812449e-06,0.0144404332129963,5.4960155345208006e-05,0.0180505415162455,6.775970808335988e-05,0.0216606498194946,3.5192383027553296e-05,0.0252707581227435,5.831333158649031e-05,2.0,2.0,2.0,2.0,2.0
65,11:05:09,3,0.0108303249097472,21560.0,0.0090252707581226,0.0072202166064982,9.436795993323048e-05,0.0036101083032489,0.0001092496754421,0.0,9.982884695474738e-05,-0.0036101083032491,7.131088139793694e-05,-0.0072202166064981,0.0002040647255408,0.0108303249097472,4.886056808725639e-06,0.0144404332129963,5.352307981322987e-05,0.0180505415162455,6.772777307153814e-05,0.0216606498194946,3.5192383027553296e-05,0.0252707581227435,5.831333158649031e-05,2.0,2.0,2.0,2.0,2.0
65,11:05:12,3,0.0108303249097472,54600.0,0.0126353790613717,0.0108303249097472,1.3700120071524832e-05,0.0072202166064982,9.532601028788255e-05,0.0036101083032489,0.0001092496754421,0.0,0.0001011062474276,-0.0036101083032491,7.131088139793694e-05,0.0144404332129963,5.365081986051682e-05,0.0180505415162455,6.772777307153814e-05,0.0216606498194946,3.5192383027553296e-05,0.0252707581227435,5.831333158649031e-05,0.0288808664259927,0.0001486702540349,1.0,1.0,1.0,1.0,1.0
65,11:05:15,3,0.0108303249097472,280.0,0.0126353790613717,0.0108303249097472,1.5839765863581157e-05,0.0072202166064982,9.663534577257377e-05,0.0036101083032489,0.0001092496754421,0.0,0.0001029265431014,-0.0036101083032491,7.131088139793694e-05,0.0144404332129963,5.3171794683190776e-05,0.0180505415162455,6.76958380597164e-05,0.0216606498194946,3.5192383027553296e-05,0.0252707581227435,5.831333158649031e-05,0.0288808664259927,0.0001486702540349,1.0,1.0,1.0,1.0,1.0
65,11:05:18,3,0.0108303249097472,14560.0,0.0126353790613717,0.0108303249097472,1.9384552175793875e-05,0.0072202166064982,9.938175678924306e-05,0.0036101083032489,0.0001092496754421,0.0,0.0001029265431014,-0.0036101083032491,7.769788376228418e-05,0.0144404332129963,5.3171794683190776e-05,0.0180505415162455,3.879465236104514e-05,0.0216606498194946,3.5192383027553296e-05,0.0252707581227435,5.831333158649031e-05,0.0288808664259927,0.0001486702540349,1.0,1.0,1.0,1.0,1.0
65,11:05:21,3,0.0144404332129963,156840.0,0.0126353790613717,0.0108303249097472,1.935261716397214e-05,0.0072202166064982,0.0001025752579714,0.0036101083032489,0.0001092496754421,0.0,0.0001029265431014,-0.0036101083032491,7.769788376228418e-05,0.0144404332129963,5.189439421032133e-05,0.0180505415162455,3.879465236104514e-05,0.0216606498194946,3.5192383027553296e-05,0.0252707581227435,5.831333158649031e-05,0.0288808664259927,0.0001486702540349,1.0,1.0,1.0,1.0,1.0
65,11:05:24,3,0.0108303249097472,28000.0,0.0126353790613717,0.0108303249097472,1.8458436832963524e-05,0.0072202166064982,0.000103533308326,0.0036101083032489,0.0001092496754421,0.0,0.0001029265431014,-0.0036101083032491,7.865593411693627e-05,0.0144404332129963,5.189439421032133e-05,0.0180505415162455,5.795565945408686e-05,0.0216606498194946,3.5192383027553296e-05,0.0252707581227435,5.831333158649031e-05,0.0288808664259927,0.0001486702540349,1.0,1.0,1.0,1.0,1.0
65,11:05:27,3,0.0108303249097472,237163.0,0.0126353790613717,0.0108303249097472,2.934827586417557e-05,0.0072202166064982,0.000103533308326,0.0036101083032489,0.0001094093505012,0.0,0.0001029265431014,-0.0036101083032491,7.865593411693627e-05,0.0144404332129963,5.147923905663876e-05,0.0180505415162455,5.792372444226512e-05,0.0216606498194946,3.5192383027553296e-05,0.0252707581227435,5.831333158649031e-05,0.0288808664259927,0.0001486702540349,1.0,1.0,1.0,1.0,1.0
65,11:05:30,3,0.0108303249097472,7005.0,0.0126353790613717,0.0108303249097472,2.9986976100610296e-05,0.0072202166064982,0.0001063435893663,0.0036101083032489,0.0001094093505012,0.0,0.0001051619939289,-0.0036101083032491,7.769788376228418e-05,0.0144404332129963,5.128762898570834e-05,0.0180505415162455,5.789178943044339e-05,0.0216606498194946,3.503270796844462e-05,0.0252707581227435,6.894769052312847e-05,0.0288808664259927,0.0001486702540349,1.0,1.0,1.0,1.0,1.0
65,11:05:33,3,0.0108303249097472,7842.0,0.0126353790613717,0.0108303249097472,2.985923605332335e-05,0.0072202166064982,0.0001033416982551,0.0036101083032489,0.0001097287006194,0.0,0.0001051619939289,-0.0036101083032491,7.705918352584946e-05,0.0144404332129963,5.122375896206487e-05,0.0180505415162455,5.789178943044339e-05,0.0216606498194946,3.503270796844462e-05,0.0252707581227435,6.894769052312847e-05,0.0288808664259927,0.0001486702540349,1.0,1.0,1.0,1.0,0.0
65,11:05:36,3,0.0108303249097472,28000.0,0.0126353790613717,0.0108303249097472,3.1647596715340575e-05,0.0072202166064982,0.0001023836479004,0.0036101083032489,0.0001054494090353,0.0,0.0001054813440471,-0.0036101083032491,7.597339312391043e-05,0.0144404332129963,5.122375896206487e-05,0.0180505415162455,5.789178943044339e-05,0.0216606498194946,3.503270796844462e-05,0.0252707581227435,6.894769052312847e-05,0.0288808664259927,0.0001486702540349,1.0,1.0,1.0,1.0,0.0
65,11:05:39,3,0.0108303249097472,1680.0,0.0126353790613717,0.0108303249097472,3.238210198724051e-05,0.0072202166064982,0.0001031181531723,0.0036101083032489,0.0001086748452293,0.0,0.0001054813440471,-0.0036101083032491,7.501534276925834e-05,0.0144404332129963,5.282050955315168e-05,0.0180505415162455,4.511778470174891e-05,0.0216606498194946,3.503270796844462e-05,0.0252707581227435,6.894769052312847e-05,0.0288808664259927,0.0001487979940821,1.0,1.0,1.0,1.0,1.0
65,11:05:42,3,0.0108303249097472,2521.0,0.0126353790613717,0.0108303249097472,3.474529286204899e-05,0.0072202166064982,0.0001028307380659,0.0036101083032489,0.0001086748452293,0.0,0.0001054813440471,-0.0036101083032491,7.597339312391043e-05,0.0144404332129963,5.278857454132994e-05,0.0180505415162455,4.511778470174891e-05,0.0216606498194946,3.503270796844462e-05,0.0252707581227435,6.894769052312847e-05,0.0288808664259927,0.0001487979940821,1.0,1.0,1.0,1.0,0.0
65,11:05:45,3,0.0144404332129963,13205.0,0.0126353790613717,0.0108303249097472,4.301646092387866e-05,0.0072202166064982,0.0001028307380659,0.0036101083032489,0.0001086748452293,0.0,0.0001054813440471,-0.0036101083032491,7.597339312391043e-05,0.0144404332129963,5.1511174068460494e-05,0.0180505415162455,4.508584968992717e-05,0.0216606498194946,3.503270796844462e-05,0.0252707581227435,6.894769052312847e-05,0.0288808664259927,0.0001487979940821,1.0,1.0,1.0,1.0,0.0
65,11:05:48,3,0.0144404332129963,8992.0,0.0126353790613717,0.0108303249097472,4.429386139674811e-05,0.0072202166064982,0.0001035013733142,0.0036101083032489,0.0001086748452293,0.0,0.0001054813440471,-0.0036101083032491,7.597339312391043e-05,0.0144404332129963,5.34592097895864e-05,0.0180505415162455,4.508584968992717e-05,0.0216606498194946,3.503270796844462e-05,0.0252707581227435,6.894769052312847e-05,0.0288808664259927,0.0001481592938457,1.0,1.0,1.0,1.0,0.0
65,11:05:51,3,0.0144404332129963,63999.0,0.0126353790613717,0.0108303249097472,4.26013057701961e-05,0.0072202166064982,0.0001028626730778,0.0036101083032489,0.0001134650970026,0.0,0.0001061200442836,-0.0036101083032491,7.597339312391043e-05,0.0144404332129963,4.844541293357382e-05,0.0180505415162455,4.508584968992717e-05,0.0216606498194946,3.503270796844462e-05,0.0252707581227435,5.872848674017288e-05,0.0288808664259927,0.0001481592938457,1.0,1.0,1.0,1.0,1.0
65,11:05:54,3,0.0144404332129963,29505.0,0.0126353790613717,0.0108303249097472,4.627383212969576e-05,0.0072202166064982,0.0001019365577349,0.0036101083032489,0.0001134650970026,0.0,0.0001061200442836,-0.0036101083032491,7.597339312391043e-05,0.0144404332129963,3.203081685720141e-05,0.0180505415162455,4.7225495481983495e-05,0.0216606498194946,3.503270796844462e-05,0.0252707581227435,5.872848674017288e-05,0.0288808664259927,0.0001481592938457,1.0,1.0,1.0,2.0,0.0
65,11:05:57,3,0.0144404332129963,562.0,0.0126353790613717,0.0108303249097472,4.7551232602565206e-05,0.0072202166064982,8.596905182411386e-05,0.0036101083032489,0.000114103797239,0.0,0.0001042997486097,-0.0036101083032491,7.597339312391043e-05,0.0144404332129963,3.199888184537968e-05,0.0180505415162455,4.7225495481983495e-05,0.0216606498194946,4.52519117514002e-05,0.0252707581227435,5.872848674017288e-05,0.0288808664259927,0.0001481592938457,1.0,1.0,1.0,2.0,1.0
65,11:06:00,3,0.0144404332129963,36249.0,0.0126353790613717,0.0108303249097472,4.943539830004765e-05,0.0072202166064982,8.596905182411386e-05,0.0036101083032489,0.000114103797239,0.0,0.0001042997486097,-0.0036101083032491,7.597339312391043e-05,0.0144404332129963,2.7879265320375704e-05,0.0180505415162455,4.7225495481983495e-05,0.0216606498194946,4.52519117514002e-05,0.0252707581227435,5.872848674017288e-05,0.0288808664259927,0.0001510973149333,1.0,1.0,1.0,2.0,1.0
65,11:06:03,3,0.0144404332129963,1405.0,0.0126353790613717,0.0108303249097472,5.652497092447308e-05,0.0072202166064982,8.884320288807012e-05,0.0036101083032489,0.000114103797239,0.0,0.0001042997486097,-0.0036101083032491,7.597339312391043e-05,0.0144404332129963,2.934827586417557e-05,0.0180505415162455,4.7225495481983495e-05,0.0216606498194946,4.52519117514002e-05,0.0252707581227435,5.872848674017288e-05,0.0288808664259927,0.0001510973149333,1.0,1.0,1.0,2.0,1.0
65,11:06:06,3,0.0144404332129963,14050.0,0.0126353790613717,0.0108303249097472,5.7930111444629474e-05,0.0072202166064982,8.884320288807012e-05,0.0036101083032489,0.0001172334283975,0.0,0.0001042997486097,-0.0036101083032491,7.590952310026695e-05,0.0144404332129963,3.094502645526238e-05,0.0180505415162455,4.7225495481983495e-05,0.0216606498194946,4.52519117514002e-05,0.0252707581227435,5.872848674017288e-05,0.0288808664259927,0.0001510973149333,1.0,1.0,1.0,1.0,0.0
65,11:06:09,3,0.0144404332129963,107820.0,0.0126353790613717,0.0108303249097472,5.524757045160363e-05,0.0072202166064982,9.194089903477853e-05,0.0036101083032489,0.0001170737533384,0.0,0.0001042997486097,-0.0036101083032491,7.590952310026695e-05,0.0144404332129963,2.171580803878062e-05,0.0180505415162455,4.7225495481983495e-05,0.0216606498194946,4.52519117514002e-05,0.0252707581227435,5.872848674017288e-05,0.0288808664259927,0.0001510973149333,1.0,1.0,1.0,1.0,0.0
65,11:06:12,3,0.0144404332129963,14893.0,0.0126353790613717,0.0108303249097472,5.550305054617752e-05,0.0072202166064982,9.232411917663936e-05,0.0036101083032489,0.000116786338232,0.0,0.0001042997486097,-0.0036101083032491,7.590952310026695e-05,0.0144404332129963,3.011471614789724e-05,0.0180505415162455,4.7225495481983495e-05,0.0216606498194946,4.52519117514002e-05,0.0252707581227435,5.943105700025107e-05,0.0288808664259927,0.0001510973149333,1.0,1.0,1.0,1.0,0.0
65,11:06:15,3,0.0144404332129963,21060.0,0.0126353790613717,0.0108303249097472,5.534337548706884e-05,0.0072202166064982,9.194089903477853e-05,0.0036101083032489,0.0001168182732439,0.0,0.0001042997486097,-0.0036101083032491,7.495147274561487e-05,0.0144404332129963,4.416612134946117e-05,0.0180505415162455,4.7225495481983495e-05,0.0216606498194946,4.52519117514002e-05,0.0252707581227435,5.943105700025107e-05,0.0288808664259927,0.0001510973149333,1.0,1.0,1.0,1.0,0.0
65,11:06:18,3,0.0144404332129963,6742.0,0.0126353790613717,0.0108303249097472,6.690384976653735e-05,0.0072202166064982,9.194089903477853e-05,0.0036101083032489,0.0001168182732439,0.0,0.0001042997486097,-0.0036101083032491,7.495147274561487e-05,0.0144404332129963,4.346355108938297e-05,0.0180505415162455,4.7225495481983495e-05,0.0216606498194946,4.52519117514002e-05,0.0252707581227435,5.943105700025107e-05,0.0288808664259927,0.0001510973149333,1.0,1.0,1.0,1.0,0.0
65,11:06:21,3,0.0108303249097472,4200.0,0.0126353790613717,0.0108303249097472,6.690384976653735e-05,0.0072202166064982,9.194089903477853e-05,0.0036101083032489,0.0001168182732439,0.0,0.0001042997486097,-0.0036101083032491,7.495147274561487e-05,0.0144404332129963,4.729575250799132e-05,0.0180505415162455,4.7225495481983495e-05,0.0216606498194946,4.52519117514002e-05,0.0252707581227435,5.991008217757712e-05,0.0288808664259927,0.0001544824261864,1.0,1.0,1.0,1.0,0.0
65,11:06:24,3,0.0144404332129963,4215.0,0.0126353790613717,0.0108303249097472,6.751061499115033e-05,0.0072202166064982,9.194089903477853e-05,0.0036101083032489,0.0001168182732439,0.0,0.0001042997486097,-0.0036101083032491,7.495147274561487e-05,0.0144404332129963,4.681672733066527e-05,0.0180505415162455,4.7225495481983495e-05,0.0216606498194946,4.52519117514002e-05,0.0252707581227435,5.991008217757712e-05,0.0288808664259927,0.0001620190889763,1.0,1.0,1.0,1.0,0.0
65,11:06:27,3,0.0144404332129963,20513.0,0.0126353790613717,0.0108303249097472,6.837286031033721e-05,0.0072202166064982,9.194089903477853e-05,0.0036101083032489,0.0001168182732439,0.0,0.0001042997486097,-0.0036101083032491,8.162589021635773e-05,0.0144404332129963,4.451740647950027e-05,0.0180505415162455,4.7225495481983495e-05,0.0216606498194946,4.52519117514002e-05,0.0252707581227435,5.991008217757712e-05,0.0288808664259927,0.0001620190889763,1.0,1.0,1.0,1.0,0.0
65,11:06:30,3,0.0144404332129963,88777.0,0.0126353790613717,0.0108303249097472,6.265649319424643e-05,0.0072202166064982,9.194089903477853e-05,0.0036101083032489,0.0001171376233621,0.0,0.0001042997486097,-0.0036101083032491,8.162589021635773e-05,0.0144404332129963,6.243294811149428e-05,0.0180505415162455,4.7225495481983495e-05,0.0216606498194946,4.52519117514002e-05,0.0252707581227435,5.991008217757712e-05,0.0288808664259927,0.0001709608922864,1.0,1.0,1.0,1.0,0.0
65,11:06:33,3,0.0144404332129963,166914.0,0.0126353790613717,0.0108303249097472,6.361454354889852e-05,0.0072202166064982,9.098284868012644e-05,0.0036101083032489,0.0001171376233621,0.0,0.0001042997486097,-0.0036101083032491,8.162589021635773e-05,0.0144404332129963,4.349548610120471e-05,0.0180505415162455,4.7225495481983495e-05,0.0216606498194946,4.52519117514002e-05,0.0252707581227435,5.991008217757712e-05,0.0288808664259927,0.0001705457371328,1.0,1.0,1.0,0.0,1.0
65,11:06:36,3,0.0144404332129963,281.0,0.0126353790613717,0.0108303249097472,6.699965480200255e-05,0.0072202166064982,9.098284868012644e-05,0.0036101083032489,0.0001171376233621,0.0,0.0001042997486097,-0.0036101083032491,8.481939139853136e-05,0.0144404332129963,4.432579640856985e-05,0.0180505415162455,4.572454992636189e-05,0.0216606498194946,4.205841056922658e-05,0.0252707581227435,6.150683276866393e-05,0.0288808664259927,0.0001705457371328,1.0,1.0,1.0,0.0,1.0
65,11:06:39,3,0.0144404332129963,39340.0,0.0126353790613717,0.0108303249097472,6.735093993204165e-05,0.0072202166064982,0.0001562899478555,0.0036101083032489,0.0001171376233621,0.0,0.0001042997486097,-0.0036101083032491,8.481939139853136e-05,0.0144404332129963,4.202647555740485e-05,0.0180505415162455,4.572454992636189e-05,0.0216606498194946,4.205841056922658e-05,0.0252707581227435,6.150683276866393e-05,0.0288808664259927,0.0001705457371328,1.0,1.0,1.0,1.0,1.0
65,11:06:42,3,0.0144404332129963,562.0,0.0126353790613717,0.0108303249097472,6.830899028669374e-05,0.0072202166064982,0.0001562899478555,0.0036101083032489,0.0001168182732439,0.0,0.0001042997486097,-0.0036101083032491,8.481939139853136e-05,0.0144404332129963,6.112361262680309e-05,0.0180505415162455,4.572454992636189e-05,0.0216606498194946,4.205841056922658e-05,0.0252707581227435,6.470033395083755e-05,0.0288808664259927,0.0001811162260457,1.0,1.0,1.0,0.0,0.0
65,11:06:45,3,0.0144404332129963,10678.0,0.0126353790613717,0.0108303249097472,6.846866534580242e-05,0.0072202166064982,0.0001620382499834,0.0036101083032489,0.0001168182732439,0.0,0.0001042997486097,-0.0036101083032491,8.481939139853136e-05,0.0144404332129963,6.048491239036837e-05,0.0180505415162455,2.656354283332017e-05,0.0216606498194946,4.205841056922658e-05,0.0252707581227435,6.470033395083755e-05,0.0288808664259927,0.0001811162260457,1.0,1.0,1.0,0.0,0.0
65,11:06:48,3,0.0144404332129963,89077.0,0.0126353790613717,0.0108303249097472,6.795770515665464e-05,0.0072202166064982,0.0001620382499834,0.0036101083032489,0.000120011774426,0.0,0.0001042997486097,-0.0036101083032491,8.481939139853136e-05,0.0144404332129963,3.691687366592705e-05,0.0180505415162455,2.656354283332017e-05,0.0216606498194946,4.205841056922658e-05,0.0252707581227435,4.905217815818681e-05,0.0288808664259927,0.0001811162260457,1.0,1.0,1.0,0.0,0.0
65,11:06:51,3,0.0144404332129963,562.0,0.0126353790613717,0.0108303249097472,7.131088139793694e-05,0.0072202166064982,0.0001556512476191,0.0036101083032489,0.000120011774426,0.0,0.0001042997486097,-0.0036101083032491,8.481939139853136e-05,0.0144404332129963,3.74917038787183e-05,0.0180505415162455,2.656354283332017e-05,0.0216606498194946,4.205841056922658e-05,0.0252707581227435,4.905217815818681e-05,0.0288808664259927,0.0001812759011049,1.0,1.0,1.0,1.0,0.0
65,11:06:54,3,0.0144404332129963,8149.0,0.0126353790613717,0.0108303249097472,7.444051255646709e-05,0.0072202166064982,0.0001556512476191,0.0036101083032489,0.000120011774426,0.0,0.0001042997486097,-0.0036101083032491,8.481939139853136e-05,0.0144404332129963,3.662945855953142e-05,0.0180505415162455,2.656354283332017e-05,0.0216606498194946,4.205841056922658e-05,0.0252707581227435,4.834960789810861e-05,0.0288808664259927,0.0001812759011049,1.0,1.0,2.0,0.0,0.0
65,11:06:57,3,0.0144404332129963,0.0,0.0126353790613717,0.0108303249097472,7.444051255646709e-05,0.0072202166064982,0.0001566092979737,0.0036101083032489,0.0001206504746625,0.0,0.0001042997486097,-0.0036101083032491,8.481939139853136e-05,0.0144404332129963,3.666139357135316e-05,0.0180505415162455,2.656354283332017e-05,0.0216606498194946,4.205841056922658e-05,0.0252707581227435,4.834960789810861e-05,0.0288808664259927,0.0001812759011049,1.0,1.0,2.0,1.0,0.0
65,11:07:00,3,0.0108303249097472,80637.0,0.0126353790613717,0.0108303249097472,7.412116243824973e-05,0.0072202166064982,0.0001665091516385,0.0036101083032489,0.0001206504746625,0.0,0.0001042997486097,-0.0036101083032491,8.481939139853136e-05,0.0144404332129963,2.7815395296732238e-05,0.0180505415162455,2.656354283332017e-05,0.0216606498194946,4.205841056922658e-05,0.0252707581227435,6.917123560588062e-05,0.0288808664259927,0.0001812759011049,1.0,1.0,2.0,1.0,0.0
65,11:07:03,3,0.0108303249097472,14892.0,0.0126353790613717,0.0108303249097472,7.760207872681898e-05,0.0072202166064982,0.000165870451402,0.0036101083032489,0.0001207143446861,0.0,0.0001021281678059,-0.0036101083032491,8.481939139853136e-05,0.0144404332129963,2.6154774682001952e-05,0.0180505415162455,2.659547784514191e-05,0.0216606498194946,4.205841056922658e-05,0.0252707581227435,6.949058572409798e-05,0.0288808664259927,0.0001812759011049,1.0,1.0,2.0,1.0,0.0
65,11:07:06,3,0.0144404332129963,8690.0,0.0126353790613717,0.0108303249097472,7.53346928874757e-05,0.0072202166064982,0.000165870451402,0.0036101083032489,0.0001207143446861,0.0,0.0001021281678059,-0.0036101083032491,8.481939139853136e-05,0.0144404332129963,2.641025477657584e-05,0.0180505415162455,2.6116452667815868e-05,0.0216606498194946,4.205841056922658e-05,0.0252707581227435,8.025268470802308e-05,0.0288808664259927,0.0001812759011049,1.0,1.0,1.0,0.0,0.0
65,11:07:09,3,0.0144404332129963,0.0,0.0126353790613717,0.0108303249097472,7.562210799387133e-05,0.0072202166064982,0.000165870451402,0.0036101083032489,0.0001207143446861,0.0,0.0001021281678059,-0.0036101083032491,8.481939139853136e-05,0.0144404332129963,2.6474124800219317e-05,0.0180505415162455,2.6116452667815868e-05,0.0216606498194946,4.205841056922658e-05,0.0252707581227435,8.34461858901967e-05,0.0288808664259927,0.0001812759011049,1.0,1.0,1.0,0.0,0.0
65,11:07:12,3,0.0144404332129963,32315.0,0.0126353790613717,0.0108303249097472,7.779368879774939e-05,0.0072202166064982,0.000165870451402,0.0036101083032489,0.0001203949945679,0.0,0.0001021281678059,-0.0036101083032491,8.481939139853136e-05,0.0144404332129963,2.599509962289327e-05,0.0180505415162455,2.6116452667815868e-05,0.0216606498194946,4.205841056922658e-05,0.0252707581227435,8.421262617391837e-05,0.0288808664259927,0.0001812759011049,1.0,1.0,1.0,0.0,0.0
65,11:07:15,3,0.0144404332129963,19951.0,0.0126353790613717,0.0108303249097472,7.875173915240148e-05,0.0072202166064982,0.000165870451402,0.0036101083032489,0.0001203949945679,0.0,0.0001021281678059,-0.0036101083032491,8.481939139853136e-05,0.0144404332129963,2.372771378355e-05,0.0180505415162455,2.7234178081576636e-05,0.0216606498194946,4.205841056922658e-05,0.0252707581227435,8.373360099659233e-05,0.0288808664259927,0.0001812759011049,1.0,1.0,1.0,0.0,0.0
65,11:07:18,3,0.0108303249097472,14562.0,0.0126353790613717,0.0108303249097472,7.539856291111918e-05,0.0072202166064982,0.0001661898015203,0.0036101083032489,0.0001068864845673,0.0,0.0001030862181605,-0.0036101083032491,9.069543357373082e-05,0.0144404332129963,2.3663843759906528e-05,0.0180505415162455,2.7234178081576636e-05,0.0216606498194946,4.205841056922658e-05,0.0252707581227435,8.373360099659233e-05,0.0288808664259927,0.0001813397711285,1.0,1.0,1.0,0.0,0.0
65,11:07:21,3,0.0144404332129963,5620.0,0.0126353790613717,0.0108303249097472,8.178556527546641e-05,0.0072202166064982,0.0001661898015203,0.0036101083032489,0.000108738715253,0.0,0.0001030862181605,-0.0036101083032491,9.069543357373082e-05,0.0144404332129963,2.30251435234718e-05,0.0180505415162455,2.7234178081576636e-05,0.0216606498194946,4.205841056922658e-05,0.0252707581227435,8.373360099659233e-05,0.0288808664259927,0.0001813397711285,1.0,1.0,1.0,0.0,0.0
65,11:07:24,3,0.0144404332129963,28662.0,0.0126353790613717,0.0108303249097472,9.104671870376991e-05,0.0072202166064982,0.0001652317511656,0.0036101083032489,0.000108738715253,0.0,0.0001030862181605,-0.0036101083032491,9.069543357373082e-05,0.0144404332129963,1.976777231765471e-05,0.0180505415162455,2.7234178081576636e-05,0.0216606498194946,6.291197328882031e-05,0.0252707581227435,8.373360099659233e-05,0.0288808664259927,0.0001813397711285,1.0,2.0,1.0,0.0,0.0
65,11:07:27,3,0.0144404332129963,28943.0,0.0126353790613717,0.0108303249097472,9.22602491529959e-05,0.0072202166064982,0.0001652317511656,0.0036101083032489,0.000108738715253,0.0,0.0001030862181605,-0.0036101083032491,9.069543357373082e-05,0.0144404332129963,1.6638141159124563e-05,0.0180505415162455,2.7234178081576636e-05,0.0216606498194946,6.291197328882031e-05,0.0252707581227435,8.373360099659233e-05,0.0288808664259927,0.0001813397711285,1.0,2.0,1.0,0.0,0.0
65,11:07:30,3,0.0144404332129963,7010.0,0.0126353790613717,0.0108303249097472,9.516633522877387e-05,0.0072202166064982,0.000164273700811,0.0036101083032489,0.000108738715253,0.0,0.0001030862181605,-0.0036101083032491,9.069543357373082e-05,0.0144404332129963,1.63187910409072e-05,0.0180505415162455,2.7234178081576636e-05,0.0216606498194946,6.291197328882031e-05,0.0252707581227435,8.373360099659233e-05,0.0288808664259927,0.0001813397711285,1.0,2.0,1.0,0.0,0.0
65,11:07:33,3,0.0144404332129963,33720.0,0.0126353790613717,0.0108303249097472,9.503859518148692e-05,0.0072202166064982,0.000164273700811,0.0036101083032489,0.000108738715253,0.0,0.0001030862181605,-0.0036101083032491,9.069543357373082e-05,0.0144404332129963,1.2486589622298857e-05,0.0180505415162455,2.7234178081576636e-05,0.0216606498194946,7.249247683534119e-05,0.0252707581227435,8.373360099659233e-05,0.0288808664259927,0.0001813397711285,1.0,2.0,0.0,1.0,0.0
65,11:07:36,3,0.0144404332129963,562.0,0.0126353790613717,0.0108303249097472,9.71143709498998e-05,0.0072202166064982,0.0001722255187546,0.0036101083032489,0.000108738715253,0.0,0.0001030862181605,-0.0036101083032491,9.069543357373082e-05,0.0144404332129963,1.2422719598655385e-05,0.0180505415162455,2.7234178081576636e-05,0.0216606498194946,7.249247683534119e-05,0.0252707581227435,8.373360099659233e-05,0.0288808664259927,0.0001816591212467,1.0,1.0,0.0,1.0,0.0
65,11:07:39,3,0.0144404332129963,16860.0,0.0126353790613717,0.0108303249097472,9.807242130455188e-05,0.0072202166064982,0.0001730238940501,0.0036101083032489,0.000108738715253,0.0,0.0001030862181605,-0.0036101083032491,9.069543357373082e-05,0.0144404332129963,1.210336948043802e-05,0.0180505415162455,2.7234178081576636e-05,0.0216606498194946,7.249247683534119e-05,0.0252707581227435,8.373360099659233e-05,0.0288808664259927,0.000182138146424,2.0,1.0,1.0,1.0,0.0
65,11:07:42,3,0.0144404332129963,30909.0,0.0126353790613717,0.0108303249097472,0.0001009146373566,0.0072202166064982,0.0001728322839792,0.0036101083032489,0.000108738715253,0.0,0.0001030862181605,-0.0036101083032491,9.069543357373082e-05,0.0144404332129963,8.622453191868776e-06,0.0180505415162455,2.7234178081576636e-05,0.0216606498194946,7.249247683534119e-05,0.0252707581227435,8.373360099659233e-05,0.0288808664259927,0.000182138146424,2.0,1.0,0.0,0.0,0.0
65,11:07:45,3,0.0144404332129963,0.0,0.0126353790613717,0.0108303249097472,9.83598364109475e-05,0.0072202166064982,0.0001728322839792,0.0036101083032489,0.000108738715253,0.0,0.0001030862181605,-0.0036101083032491,9.069543357373082e-05,0.0144404332129963,8.718258227333983e-06,0.0180505415162455,2.7234178081576636e-05,0.0216606498194946,7.249247683534119e-05,0.0252707581227435,8.373360099659233e-05,0.0288808664259927,0.000182138146424,2.0,1.0,0.0,0.0,0.0
65,11:07:48,3,0.0144404332129963,14612.0,0.0126353790613717,0.0108303249097472,9.75614611154041e-05,0.0072202166064982,0.0001728322839792,0.0036101083032489,0.000108738715253,0.0,0.0001030862181605,-0.0036101083032491,9.069543357373082e-05,0.0144404332129963,7.057637612603701e-06,0.0180505415162455,2.675515290425059e-05,0.0216606498194946,7.249247683534119e-05,0.0252707581227435,8.373360099659233e-05,0.0288808664259927,0.0001822020164477,2.0,1.0,0.0,0.0,0.0
65,11:07:51,3,0.0144404332129963,8149.0,0.0126353790613717,0.0108303249097472,0.0001011381824394,0.0072202166064982,0.0001728322839792,0.0036101083032489,0.000108738715253,0.0,0.0001030862181605,-0.0036101083032491,9.069543357373082e-05,0.0144404332129963,6.259262317060296e-06,0.0180505415162455,2.675515290425059e-05,0.0216606498194946,7.249247683534119e-05,0.0252707581227435,8.373360099659233e-05,0.0288808664259927,0.0001822020164477,1.0,1.0,1.0,0.0,0.0
65,11:07:54,3,0.0144404332129963,55076.0,0.0162454873646209,0.0144404332129963,5.524757045160363e-06,0.0108303249097472,0.0001001801320847,0.0072202166064982,0.0001728322839792,0.0036101083032489,0.000108738715253,0.0,0.0001030862181605,0.0180505415162455,2.675515290425059e-05,0.0216606498194946,7.249247683534119e-05,0.0252707581227435,8.373360099659233e-05,0.0288808664259927,0.0001822020164477,0.0324909747292418,0.0003106190859852,0.0,0.0,0.0,0.0,0.0
65,11:07:57,3,0.0144404332129963,843.0,0.0162454873646209,0.0144404332129963,1.4690105437998654e-05,0.0108303249097472,0.0001001801320847,0.0072202166064982,0.0001777502757997,0.0036101083032489,0.000108738715253,0.0,0.0001030862181605,0.0180505415162455,2.7393853140685315e-05,0.0216606498194946,7.249247683534119e-05,0.0252707581227435,8.373360099659233e-05,0.0288808664259927,0.0001822020164477,0.0324909747292418,0.0003106190859852,0.0,0.0,0.0,0.0,0.0
65,11:08:00,3,0.0180505415162455,7870.0,0.0162454873646209,0.0144404332129963,1.6957491277341925e-05,0.0108303249097472,0.000100499482203,0.0072202166064982,0.0001777502757997,0.0036101083032489,0.0001086748452293,0.0,0.0001030862181605,0.0180505415162455,2.732998311704184e-05,0.0216606498194946,7.249247683534119e-05,0.0252707581227435,8.373360099659233e-05,0.0288808664259927,0.0001822020164477,0.0324909747292418,0.0003106190859852,0.0,0.0,0.0,0.0,0.0
65,11:08:03,3,0.0144404332129963,122797.0,0.0162454873646209,0.0144404332129963,3.001891111243203e-06,0.0108303249097472,0.0001037249183969,0.0072202166064982,0.0001777502757997,0.0036101083032489,0.0001096967656076,0.0,0.0001030862181605,0.0180505415162455,5.20796172788874e-05,0.0216606498194946,7.15344264806891e-05,0.0252707581227435,8.373360099659233e-05,0.0288808664259927,0.0001822020164477,0.0324909747292418,0.0003104274759143,0.0,0.0,0.0,0.0,0.0
65,11:08:06,3,0.0144404332129963,48894.0,0.0126353790613717,0.0108303249097472,0.0001063116543545,0.0072202166064982,0.0001777502757997,0.0036101083032489,0.0001096967656076,0.0,0.0001030862181605,-0.0036101083032491,9.101478369194818e-05,0.0144404332129963,4.6305767141517495e-06,0.0180505415162455,5.290992758625254e-05,0.0216606498194946,7.15344264806891e-05,0.0252707581227435,8.373360099659233e-05,0.0288808664259927,0.0001822020164477,1.0,0.0,0.0,0.0,0.0
65,11:08:09,3,0.0144404332129963,0.0,0.0126353790613717,0.0108303249097472,0.0001061519792954,0.0072202166064982,0.0001814547371711,0.0036101083032489,0.0001096967656076,0.0,0.0001030862181605,-0.0036101083032491,9.101478369194818e-05,0.0144404332129963,4.886056808725639e-06,0.0180505415162455,5.290992758625254e-05,0.0216606498194946,7.15344264806891e-05,0.0252707581227435,8.373360099659233e-05,0.0288808664259927,0.0001822020164477,1.0,1.0,0.0,0.0,0.0
65,11:08:12,3,0.0144404332129963,0.0,0.0126353790613717,0.0108303249097472,0.0001045552287043,0.0072202166064982,0.0001814547371711,0.0036101083032489,0.0001096967656076,0.0,0.0001030862181605,-0.0036101083032491,9.101478369194818e-05,0.0144404332129963,9.293088440125234e-06,0.0180505415162455,5.290992758625254e-05,0.0216606498194946,7.15344264806891e-05,0.0252707581227435,8.373360099659233e-05,0.0288808664259927,0.0001822020164477,1.0,0.0,0.0,0.0,0.0
65,11:08:15,3,0.0144404332129963,0.0,0.0126353790613717,0.0108303249097472,0.0001045552287043,0.0072202166064982,0.0001814547371711,0.0036101083032489,0.0001096967656076,0.0,0.0001030862181605,-0.0036101083032491,9.101478369194818e-05,0.0144404332129963,9.963723688381696e-06,0.0180505415162455,5.290992758625254e-05,0.0216606498194946,7.15344264806891e-05,0.0252707581227435,8.370166598477059e-05,0.0288808664259927,0.0001822020164477,1.0,0.0,0.0,0.0,0.0
65,11:08:18,3,0.0144404332129963,1967.0,0.0126353790613717,0.0108303249097472,0.0001048745788225,0.0072202166064982,0.0001814547371711,0.0036101083032489,0.0001096967656076,0.0,0.0001030862181605,-0.0036101083032491,9.101478369194818e-05,0.0144404332129963,9.740178605629542e-06,0.0180505415162455,5.32292777044699e-05,0.0216606498194946,7.15344264806891e-05,0.0252707581227435,8.370166598477059e-05,0.0288808664259927,0.00018680065815,0.0,0.0,0.0,0.0,0.0
65,11:08:21,3,0.0108303249097472,840843.0,0.0126353790613717,0.0108303249097472,9.388893475590445e-06,0.0072202166064982,0.0001816144122302,0.0036101083032489,0.0001096967656076,0.0,0.0001030862181605,-0.0036101083032491,9.101478369194818e-05,0.0144404332129963,1.2294979551368436e-05,0.0180505415162455,5.32292777044699e-05,0.0216606498194946,7.15344264806891e-05,0.0252707581227435,8.370166598477059e-05,0.0288808664259927,0.0001861938929254,0.0,1.0,0.0,0.0,0.0
65,11:08:24,3,0.0108303249097472,17920.0,0.0126353790613717,0.0108303249097472,7.345052718999327e-06,0.0072202166064982,0.0001848079134123,0.0036101083032489,0.0001096967656076,0.0,0.0001030862181605,-0.0036101083032491,9.101478369194818e-05,0.0144404332129963,1.6127180969976783e-05,0.0180505415162455,5.32292777044699e-05,0.0216606498194946,7.15344264806891e-05,0.0252707581227435,8.370166598477059e-05,0.0288808664259927,0.0001861938929254,1.0,0.0,0.0,0.0,0.0
65,11:08:27,3,0.0144404332129963,21331.0,0.0126353790613717,0.0108303249097472,6.546677423455922e-06,0.0072202166064982,0.0001848079134123,0.0036101083032489,0.0001096967656076,0.0,0.0001030862181605,-0.0036101083032491,9.101478369194818e-05,0.0144404332129963,3.011471614789724e-05,0.0180505415162455,5.236703238528303e-05,0.0216606498194946,7.15344264806891e-05,0.0252707581227435,8.370166598477059e-05,0.0288808664259927,0.0001861938929254,0.0,1.0,0.0,0.0,0.0
65,11:08:30,3,0.0108303249097472,4480.0,0.0126353790613717,0.0108303249097472,1.0123398747490375e-05,0.0072202166064982,0.0001848079134123,0.0036101083032489,0.0001096967656076,0.0,0.0001030862181605,-0.0036101083032491,9.101478369194818e-05,0.0144404332129963,3.132824659712322e-05,0.0180505415162455,5.236703238528303e-05,0.0216606498194946,7.15344264806891e-05,0.0252707581227435,8.689516716694421e-05,0.0288808664259927,0.0001899302893085,0.0,1.0,0.0,0.0,0.0
65,11:08:33,3,0.0108303249097472,107251.0,0.0090252707581226,0.0072202166064982,0.0001848079134123,0.0036101083032489,0.0001081000150165,0.0,0.0001030862181605,-0.0036101083032491,9.181315898749158e-05,-0.0072202166064981,0.0002101004427752,0.0108303249097472,9.58050354652086e-07,0.0144404332129963,3.097696146708412e-05,0.0180505415162455,5.460248321280456e-05,0.0216606498194946,6.195392293416824e-05,0.0252707581227435,8.689516716694421e-05,2.0,2.0,2.0,1.0,0.0
65,11:08:36,3,0.0144404332129963,11202.0,0.0090252707581226,0.0072202166064982,0.0001841053431523,0.0036101083032489,0.0001081000150165,0.0,0.0001030862181605,-0.0036101083032491,9.181315898749158e-05,-0.0072202166064981,0.0002101004427752,0.0108303249097472,1.916100709304172e-06,0.0144404332129963,3.091309144344064e-05,0.0180505415162455,5.524118344923928e-05,0.0216606498194946,6.195392293416824e-05,0.0252707581227435,8.753386740337893e-05,2.0,2.0,2.0,1.0,0.0
65,11:08:39,3,0.0144404332129963,645718.0,0.0126353790613717,0.0108303249097472,7.983752955434051e-07,0.0072202166064982,0.0001180637387049,0.0036101083032489,0.0001081000150165,0.0,0.0001030862181605,-0.0036101083032491,9.181315898749158e-05,0.0144404332129963,4.221808562833526e-05,0.0180505415162455,5.540085850834797e-05,0.0216606498194946,6.195392293416824e-05,0.0252707581227435,8.753386740337893e-05,0.0288808664259927,0.0001903135094504,0.0,0.0,1.0,0.0,0.0
65,11:08:42,3,0.0108303249097472,7560.0,0.0090252707581226,0.0072202166064982,0.0001180637387049,0.0036101083032489,0.0001081000150165,0.0,0.0001030862181605,-0.0036101083032491,9.181315898749158e-05,-0.0072202166064981,0.0002101004427752,0.0108303249097472,9.867918652916487e-06,0.0144404332129963,4.221808562833526e-05,0.0180505415162455,5.540085850834797e-05,0.0216606498194946,6.195392293416824e-05,0.0252707581227435,8.753386740337893e-05,2.0,1.0,1.0,1.0,0.0
65,11:08:45,3,0.0108303249097472,112000.0,0.0090252707581226,0.0072202166064982,0.0001187024389413,0.0036101083032489,0.0001081000150165,0.0,0.0001030862181605,-0.0036101083032491,9.181315898749158e-05,-0.0072202166064981,0.0002101004427752,0.0108303249097472,2.235450827521534e-07,0.0144404332129963,4.221808562833526e-05,0.0180505415162455,5.540085850834797e-05,0.0216606498194946,6.195392293416824e-05,0.0252707581227435,8.753386740337893e-05,2.0,1.0,1.0,1.0,0.0
65,11:08:48,3,0.0072202166064982,7543.0,0.0108303249097472,0.0072202166064982,0.000119117594095,0.0036101083032489,0.0001081000150165,0.0,0.0001030862181605,-0.0036101083032491,9.181315898749158e-05,-0.0072202166064981,0.0002101004427752,0.0144404332129963,4.7327687519813056e-05,0.0180505415162455,5.540085850834797e-05,0.0216606498194946,6.195392293416824e-05,0.0252707581227435,8.663968707237032e-05,0.0288808664259927,0.0001899941593322,2.0,0.0,0.0,0.0,0.0
65,11:08:51,3,0.0144404332129963,281.0,0.0126353790613717,0.0108303249097472,6.067652246129879e-07,0.0072202166064982,0.000119117594095,0.0036101083032489,0.0001081000150165,0.0,0.0001030862181605,-0.0036101083032491,9.181315898749158e-05,0.0144404332129963,4.777477768531736e-05,0.0180505415162455,5.338895276357859e-05,0.0216606498194946,6.195392293416824e-05,0.0252707581227435,8.663968707237032e-05,0.0288808664259927,0.0001903135094504,0.0,0.0,0.0,0.0,0.0
65,11:08:54,3,0.0108303249097472,5320.0,0.0090252707581226,0.0072202166064982,0.000119117594095,0.0036101083032489,0.0001081000150165,0.0,0.0001030862181605,-0.0036101083032491,9.181315898749158e-05,-0.0072202166064981,0.0002101643127988,0.0108303249097472,9.899853664738223e-07,0.0144404332129963,4.8509282957217294e-05,0.0180505415162455,5.338895276357859e-05,0.0216606498194946,6.179424787505955e-05,0.0252707581227435,8.663968707237032e-05,1.0,1.0,1.0,0.0,0.0
65,11:08:57,3,0.0108303249097472,17080.0,0.0126353790613717,0.0108303249097472,1.9161007093041722e-07,0.0072202166064982,0.000119117594095,0.0036101083032489,0.0001081000150165,0.0,0.0001030862181605,-0.0036101083032491,9.181315898749158e-05,0.0144404332129963,4.8509282957217294e-05,0.0180505415162455,5.338895276357859e-05,0.0216606498194946,6.211359799327692e-05,0.0252707581227435,8.663968707237032e-05,0.0288808664259927,0.0001903135094504,0.0,0.0,0.0,0.0,0.0
65,11:09:00,3,0.0108303249097472,8680.0,0.0126353790613717,0.0108303249097472,2.075775768412853e-06,0.0072202166064982,0.000119117594095,0.0036101083032489,0.0001081000150165,0.0,0.0001030862181605,-0.0036101083032491,9.181315898749158e-05,0.0144404332129963,4.8509282957217294e-05,0.0180505415162455,5.338895276357859e-05,0.0216606498194946,6.211359799327692e-05,0.0252707581227435,8.663968707237032e-05,0.0288808664259927,0.0001893554590958,0.0,0.0,0.0,0.0,0.0
65,11:09:03,3,0.0108303249097472,560.0,0.0126353790613717,0.0108303249097472,2.3312558629867428e-06,0.0072202166064982,0.000119117594095,0.0036101083032489,0.0001081000150165,0.0,0.0001030862181605,-0.0036101083032491,9.181315898749158e-05,0.0144404332129963,5.559885558164273e-05,0.0180505415162455,5.338895276357859e-05,0.0216606498194946,6.211359799327692e-05,0.0252707581227435,8.663968707237032e-05,0.0288808664259927,0.0001895151341549,0.0,1.0,0.0,0.0,0.0
65,11:09:06,3,0.0144404332129963,41375.0,0.0108303249097472,0.0072202166064982,0.0001168821432675,0.0036101083032489,0.0001081000150165,0.0,0.0001030862181605,-0.0036101083032491,9.181315898749158e-05,-0.0072202166064981,0.0002106433379761,0.0144404332129963,5.543918052253405e-05,0.0180505415162455,5.466635323644804e-05,0.0216606498194946,6.211359799327692e-05,0.0252707581227435,8.663968707237032e-05,0.0288808664259927,0.0001895151341549,0.0,2.0,0.0,0.0,0.0
65,11:09:09,3,0.0108303249097472,3920.0,0.0090252707581226,0.0072202166064982,0.0001170418183266,0.0036101083032489,0.0001083235600993,0.0,0.0001030862181605,-0.0036101083032491,9.181315898749158e-05,-0.0072202166064981,0.0002106433379761,0.0108303249097472,2.075775768412853e-06,0.0144404332129963,5.543918052253405e-05,0.0180505415162455,5.466635323644804e-05,0.0216606498194946,6.211359799327692e-05,0.0252707581227435,8.663968707237032e-05,1.0,2.0,1.0,0.0,0.0
65,11:09:12,3,0.0108303249097472,6440.0,0.0090252707581226,0.0072202166064982,0.0001173611684448,0.0036101083032489,0.0001083235600993,0.0,0.0001030862181605,-0.0036101083032491,9.181315898749158e-05,-0.0072202166064981,0.0002111223631534,0.0108303249097472,2.2993208511650068e-06,0.0144404332129963,5.754689130276864e-05,0.0180505415162455,5.466635323644804e-05,0.0216606498194946,6.211359799327692e-05,0.0252707581227435,8.823643766345713e-05,1.0,1.0,1.0,0.0,0.0
65,11:09:15,3,0.0108303249097472,1119.0,0.0090252707581226,0.0072202166064982,0.000117329233433,0.0036101083032489,0.0001083235600993,0.0,0.0001030862181605,-0.0036101083032491,9.181315898749158e-05,-0.0072202166064981,0.0002111223631534,0.0108303249097472,8.877933286442664e-06,0.0144404332129963,5.754689130276864e-05,0.0180505415162455,5.562440359110012e-05,0.0216606498194946,6.211359799327692e-05,0.0252707581227435,8.823643766345713e-05,1.0,1.0,1.0,0.0,0.0
65,11:09:18,3,0.0072202166064982,43275.0,0.0090252707581226,0.0072202166064982,0.0001173931034567,0.0036101083032489,0.0001086429102175,0.0,0.0001030862181605,-0.0036101083032491,9.181315898749158e-05,-0.0072202166064981,0.0002111223631534,0.0108303249097472,7.919882931790578e-06,0.0144404332129963,5.754689130276864e-05,0.0180505415162455,5.562440359110012e-05,0.0216606498194946,6.211359799327692e-05,0.0252707581227435,8.823643766345713e-05,2.0,1.0,1.0,0.0,0.0
65,11:09:21,3,0.0072202166064982,24831.0,0.0090252707581226,0.0072202166064982,0.0001148702375227,0.0036101083032489,0.000109090000383,0.0,0.0001024475179241,-0.0036101083032491,9.155767889291768e-05,-0.0072202166064981,0.0002111223631534,0.0108303249097472,8.877933286442664e-06,0.0144404332129963,5.754689130276864e-05,0.0180505415162455,5.562440359110012e-05,0.0216606498194946,6.211359799327692e-05,0.0252707581227435,8.823643766345713e-05,2.0,1.0,1.0,0.0,0.0
65,11:09:24,3,0.0108303249097472,1400.0,0.0090252707581226,0.0072202166064982,0.0001158282878774,0.0036101083032489,0.0001127305917307,0.0,0.0001011701174512,-0.0036101083032491,9.155767889291768e-05,-0.0072202166064981,0.0002111223631534,0.0108303249097472,8.718258227333983e-06,0.0144404332129963,5.754689130276864e-05,0.0180505415162455,5.5720208626565325e-05,0.0216606498194946,6.275229822971164e-05,0.0252707581227435,8.823643766345713e-05,2.0,1.0,1.0,0.0,0.0
65,11:09:27,3,0.0108303249097472,40220.0,0.0090252707581226,0.0072202166064982,0.0001158282878774,0.0036101083032489,0.0001127305917307,0.0,0.0001011701174512,-0.0036101083032491,9.155767889291768e-05,-0.0072202166064981,0.0002111223631534,0.0108303249097472,7.472792766286272e-06,0.0144404332129963,5.754689130276864e-05,0.0180505415162455,5.5720208626565325e-05,0.0216606498194946,6.275229822971164e-05,0.0252707581227435,8.823643766345713e-05,1.0,1.0,1.0,0.0,0.0
65,11:09:30,3,0.0108303249097472,25480.0,0.0090252707581226,0.0072202166064982,0.0001284745525588,0.0036101083032489,0.0001111338411396,0.0,0.0001011701174512,-0.0036101083032491,9.379312972043924e-05,-0.0072202166064981,0.0002111223631534,0.0108303249097472,1.2422719598655385e-05,0.0144404332129963,5.754689130276864e-05,0.0180505415162455,5.5720208626565325e-05,0.0216606498194946,6.275229822971164e-05,0.0252707581227435,8.695903719058768e-05,1.0,1.0,1.0,0.0,0.0
65,11:09:33,3,0.0108303249097472,118440.0,0.0126353790613717,0.0108303249097472,1.756425650195491e-06,0.0072202166064982,0.0001319874038592,0.0036101083032489,0.0001111338411396,0.0,0.0001011701174512,-0.0036101083032491,9.379312972043924e-05,0.0144404332129963,5.754689130276864e-05,0.0180505415162455,5.5720208626565325e-05,0.0216606498194946,6.275229822971164e-05,0.0252707581227435,8.695903719058768e-05,0.0288808664259927,0.0001921657401361,0.0,0.0,0.0,0.0,0.0
65,11:09:36,3,0.0108303249097472,2520.0,0.0126353790613717,0.0108303249097472,2.2673858393432703e-06,0.0072202166064982,0.0001335841544503,0.0036101083032489,0.0001111338411396,0.0,0.0001011701174512,-0.0036101083032491,9.379312972043924e-05,0.0144404332129963,6.224133804056386e-05,0.0180505415162455,5.5720208626565325e-05,0.0216606498194946,6.275229822971164e-05,0.0252707581227435,8.695903719058768e-05,0.0288808664259927,0.0001921657401361,0.0,0.0,0.0,0.0,0.0
65,11:09:39,3,0.0108303249097472,11202.0,0.0126353790613717,0.0108303249097472,7.664402837216689e-07,0.0072202166064982,0.0001374163558689,0.0036101083032489,0.0001116767363406,0.0,0.0001014894675694,-0.0036101083032491,9.379312972043924e-05,0.0144404332129963,6.185811789870302e-05,0.0180505415162455,5.5720208626565325e-05,0.0216606498194946,5.416178004966461e-05,0.0252707581227435,8.695903719058768e-05,0.0288808664259927,0.0001922934801834,0.0,0.0,0.0,0.0,0.0
65,11:09:42,3,0.0072202166064982,8394.0,0.0090252707581226,0.0072202166064982,0.0001311890285636,0.0036101083032489,0.0001116767363406,0.0,0.0001014894675694,-0.0036101083032491,9.564536040609993e-05,-0.0072202166064981,0.000210483662917,0.0108303249097472,4.79025177326043e-07,0.0144404332129963,6.37742186080072e-05,0.0180505415162455,5.5720208626565325e-05,0.0216606498194946,5.416178004966461e-05,0.0252707581227435,8.695903719058768e-05,1.0,1.0,1.0,0.0,1.0
65,11:09:45,3,0.0108303249097472,5600.0,0.0090252707581226,0.0072202166064982,0.0001311890285636,0.0036101083032489,0.0001116767363406,0.0,0.0001011701174512,-0.0036101083032491,9.564536040609993e-05,-0.0072202166064981,0.000210483662917,0.0108303249097472,9.101478369194818e-06,0.0144404332129963,6.441291884444192e-05,0.0180505415162455,5.5720208626565325e-05,0.0216606498194946,5.416178004966461e-05,0.0252707581227435,8.695903719058768e-05,1.0,1.0,1.0,0.0,1.0
65,11:09:48,3,0.0108303249097472,6440.0,0.0090252707581226,0.0072202166064982,0.0001327857791547,0.0036101083032489,0.0001116767363406,0.0,0.0001011701174512,-0.0036101083032491,9.596471052431728e-05,-0.0072202166064981,0.000210483662917,0.0108303249097472,8.430843120938358e-06,0.0144404332129963,6.441291884444192e-05,0.0180505415162455,5.5720208626565325e-05,0.0216606498194946,5.416178004966461e-05,0.0252707581227435,8.695903719058768e-05,1.0,1.0,1.0,0.0,1.0
65,11:09:51,3,0.0108303249097472,10355.0,0.0090252707581226,0.0072202166064982,0.0001294326029134,0.0036101083032489,0.0001116767363406,0.0,0.0001011701174512,-0.0036101083032491,9.596471052431728e-05,-0.0072202166064981,0.0002210860868418,0.0108303249097472,1.1496604255825031e-05,0.0144404332129963,6.160263780412913e-05,0.0180505415162455,5.5720208626565325e-05,0.0216606498194946,5.365081986051682e-05,0.0252707581227435,8.695903719058768e-05,1.0,1.0,0.0,0.0,1.0
65,11:09:54,3,0.0108303249097472,157371.0,0.0090252707581226,0.0072202166064982,0.0001208420847334,0.0036101083032489,0.0001116767363406,0.0,0.0001011701174512,-0.0036101083032491,9.596471052431728e-05,-0.0072202166064981,0.0002210860868418,0.0108303249097472,3.768331394964872e-06,0.0144404332129963,6.000588721304232e-05,0.0180505415162455,5.540085850834797e-05,0.0216606498194946,5.365081986051682e-05,0.0252707581227435,8.695903719058768e-05,1.0,1.0,0.0,0.0,1.0
65,11:09:57,3,0.0108303249097472,36950.0,0.0090252707581226,0.0072202166064982,0.0001211614348516,0.0036101083032489,0.0001052897339762,0.0,0.0001014894675694,-0.0036101083032491,9.596471052431728e-05,-0.0072202166064981,0.0002210860868418,0.0108303249097472,1.3412704965129205e-06,0.0144404332129963,6.128328768591177e-05,0.0180505415162455,5.540085850834797e-05,0.0216606498194946,5.365081986051682e-05,0.0252707581227435,8.695903719058768e-05,1.0,1.0,0.0,0.0,1.0
65,11:10:00,3,0.0108303249097472,15910.0,0.0090252707581226,0.0072202166064982,0.0001195646842605,0.0036101083032489,0.0001052897339762,0.0,0.0001021281678059,-0.0036101083032491,9.685889085532592e-05,-0.0072202166064981,0.0002210860868418,0.0108303249097472,2.8422160521345222e-06,0.0144404332129963,6.128328768591177e-05,0.0180505415162455,5.5720208626565325e-05,0.0216606498194946,5.365081986051682e-05,0.0252707581227435,8.695903719058768e-05,1.0,1.0,0.0,0.0,1.0
65,11:10:03,3,0.0108303249097472,15629.0,0.0090252707581226,0.0072202166064982,0.0001179359986576,0.0036101083032489,0.0001047468387752,0.0,0.0001021281678059,-0.0036101083032491,9.698663090261284e-05,-0.0072202166064981,0.0002210860868418,0.0108303249097472,3.768331394964872e-06,0.0144404332129963,6.128328768591177e-05,0.0180505415162455,5.5720208626565325e-05,0.0216606498194946,5.365081986051682e-05,0.0252707581227435,8.695903719058768e-05,1.0,1.0,0.0,0.0,1.0
65,11:10:06,3,0.0072202166064982,93007.0,0.0090252707581226,0.0072202166064982,0.0001126986567189,0.0036101083032489,0.0001047468387752,0.0,0.0001021281678059,-0.0036101083032491,9.73059810208302e-05,-0.0072202166064981,0.0002210860868418,0.0108303249097472,5.748302127912517e-07,0.0144404332129963,6.128328768591177e-05,0.0180505415162455,5.5720208626565325e-05,0.0216606498194946,5.365081986051682e-05,0.0252707581227435,8.695903719058768e-05,1.0,1.0,0.0,0.0,1.0
65,11:10:09,3,0.0072202166064982,34900.0,0.0090252707581226,0.0072202166064982,0.0001095051555367,0.0036101083032489,0.0001057048891299,0.0,0.0001021281678059,-0.0036101083032491,9.743372106811716e-05,-0.0072202166064981,0.0002210860868418,0.0108303249097472,1.884165697482436e-06,0.0144404332129963,6.128328768591177e-05,0.0180505415162455,5.4794093283734975e-05,0.0216606498194946,5.365081986051682e-05,0.0252707581227435,8.695903719058768e-05,1.0,1.0,0.0,0.0,1.0
65,11:10:12,3,0.0072202166064982,0.0,0.0090252707581226,0.0072202166064982,0.0001095690255603,0.0036101083032489,0.0001057048891299,0.0,0.0001021281678059,-0.0036101083032491,9.743372106811716e-05,-0.0072202166064981,0.0002217247870783,0.0108303249097472,2.554800945738896e-06,0.0144404332129963,6.767029005025902e-05,0.0180505415162455,5.6422778886643526e-05,0.0216606498194946,5.365081986051682e-05,0.0252707581227435,8.695903719058768e-05,1.0,1.0,0.0,0.0,1.0
65,11:10:15,3,0.0108303249097472,8400.0,0.0090252707581226,0.0072202166064982,0.0001095690255603,0.0036101083032489,0.0001047468387752,0.0,0.0001021281678059,-0.0036101083032491,9.583697047703034e-05,-0.0072202166064981,0.0002217247870783,0.0108303249097472,1.4370755319781292e-05,0.0144404332129963,6.767029005025902e-05,0.0180505415162455,5.6422778886643526e-05,0.0216606498194946,5.494738134047931e-05,0.0252707581227435,8.695903719058768e-05,1.0,1.0,0.0,0.0,1.0
65,11:10:18,3,0.0108303249097472,840.0,0.0090252707581226,0.0072202166064982,0.000105864564189,0.0036101083032489,0.0001045871637161,0.0,0.0001021281678059,-0.0036101083032491,9.583697047703034e-05,-0.0072202166064981,0.0002220441371965,0.0108303249097472,1.7723931561063592e-05,0.0144404332129963,6.767029005025902e-05,0.0180505415162455,3.2088299878480536e-05,0.0216606498194946,5.494738134047931e-05,0.0252707581227435,8.695903719058768e-05,1.0,1.0,0.0,0.0,1.0
65,11:10:21,3,0.0072202166064982,9506.0,0.0090252707581226,0.0072202166064982,0.0001699581329152,0.0036101083032489,0.0001045871637161,0.0,0.0001021281678059,-0.0036101083032491,9.264346929485672e-05,-0.0072202166064981,0.0002220441371965,0.0108303249097472,4.177099546283096e-05,0.0144404332129963,6.767029005025902e-05,0.0180505415162455,3.2088299878480536e-05,0.0216606498194946,5.494738134047931e-05,0.0252707581227435,8.695903719058768e-05,1.0,0.0,0.0,0.0,1.0
65,11:10:24,3,0.0108303249097472,560.0,0.0090252707581226,0.0072202166064982,0.000170181677998,0.0036101083032489,0.0001045871637161,0.0,0.0001014894675694,-0.0036101083032491,9.392086976772618e-05,-0.0072202166064981,0.0002220441371965,0.0108303249097472,5.930331695296413e-05,0.0144404332129963,7.089572624425437e-05,0.0180505415162455,3.2088299878480536e-05,0.0216606498194946,5.494738134047931e-05,0.0252707581227435,8.695903719058768e-05,1.0,0.0,0.0,0.0,1.0
65,11:10:27,3,0.0108303249097472,0.0,0.0090252707581226,0.0072202166064982,0.000170181677998,0.0036101083032489,0.0001045871637161,0.0,0.0001021281678059,-0.0036101083032491,9.392086976772618e-05,-0.0072202166064981,0.0002220441371965,0.0108303249097472,5.93671869766076e-05,0.0144404332129963,7.089572624425437e-05,0.0180505415162455,3.2088299878480536e-05,0.0216606498194946,5.494738134047931e-05,0.0252707581227435,8.820450265163539e-05,1.0,0.0,0.0,0.0,1.0
65,11:10:30,3,0.0108303249097472,8380.0,0.0090252707581226,0.0072202166064982,0.0001695429777615,0.0036101083032489,0.0001049065138344,0.0,0.0001021281678059,-0.0036101083032491,9.392086976772618e-05,-0.0072202166064981,0.0002220441371965,0.0108303249097472,5.904783685839024e-05,0.0144404332129963,7.089572624425437e-05,0.0180505415162455,3.2088299878480536e-05,0.0216606498194946,5.494738134047931e-05,0.0252707581227435,8.660775206054858e-05,1.0,0.0,0.0,0.0,1.0
65,11:10:33,3,0.0072202166064982,52615.0,0.0090252707581226,0.0072202166064982,0.000168744602466,0.0036101083032489,0.0001049065138344,0.0,0.0001021281678059,-0.0036101083032491,9.392086976772618e-05,-0.0072202166064981,0.0002220441371965,0.0108303249097472,9.60605155597825e-05,0.0144404332129963,7.089572624425437e-05,0.0180505415162455,3.2088299878480536e-05,0.0216606498194946,5.494738134047931e-05,0.0252707581227435,8.660775206054858e-05,1.0,0.0,0.0,1.0,1.0
65,11:10:36,3,0.0108303249097472,28000.0,0.0090252707581226,0.0072202166064982,0.000168744602466,0.0036101083032489,0.0001049065138344,0.0,0.0001021281678059,-0.0036101083032491,9.392086976772618e-05,-0.0072202166064981,0.0002114417132717,0.0108303249097472,9.471924506326958e-05,0.0144404332129963,7.089572624425437e-05,0.0180505415162455,3.2088299878480536e-05,0.0216606498194946,5.494738134047931e-05,0.0252707581227435,8.660775206054858e-05,0.0,0.0,0.0,1.0,1.0
65,11:10:39,3,0.0108303249097472,53934.0,0.0090252707581226,0.0072202166064982,0.0001656788413311,0.0036101083032489,0.0001066629394845,0.0,0.0001021281678059,-0.0036101083032491,9.392086976772618e-05,-0.0072202166064981,0.0002114417132717,0.0108303249097472,0.0001166266631729,0.0144404332129963,6.961832577138492e-05,0.0180505415162455,3.2088299878480536e-05,0.0216606498194946,5.507512138776626e-05,0.0252707581227435,8.660775206054858e-05,0.0,0.0,0.0,1.0,1.0
65,11:10:42,3,0.0072202166064982,837000.0,0.0090252707581226,0.0072202166064982,6.987380586595882e-05,0.0036101083032489,0.0001066629394845,0.0,0.0001021281678059,-0.0036101083032491,9.392086976772618e-05,-0.0072202166064981,0.0002111223631534,0.0108303249097472,0.0001188301789886,0.0144404332129963,6.961832577138492e-05,0.0180505415162455,3.2088299878480536e-05,0.0216606498194946,5.507512138776626e-05,0.0252707581227435,8.462778132760094e-05,0.0,0.0,0.0,1.0,1.0
65,11:10:45,3,0.0072202166064982,14508.0,0.0090252707581226,0.0072202166064982,6.843673033398068e-05,0.0036101083032489,0.0001066629394845,0.0,0.0001021281678059,-0.0036101083032491,9.392086976772618e-05,-0.0072202166064981,0.0002111223631534,0.0108303249097472,0.0001204907996034,0.0144404332129963,6.89796255349502e-05,0.0180505415162455,3.2088299878480536e-05,0.0216606498194946,5.507512138776626e-05,0.0252707581227435,8.462778132760094e-05,0.0,0.0,0.0,1.0,1.0
65,11:10:48,3,0.0072202166064982,570836.0,0.0090252707581226,0.0072202166064982,3.5447863122127186e-06,0.0036101083032489,0.0001066629394845,0.0,0.0001021281678059,-0.0036101083032491,9.392086976772618e-05,-0.0072202166064981,0.0002111223631534,0.0108303249097472,0.0001217043300526,0.0144404332129963,6.89796255349502e-05,0.0180505415162455,3.2088299878480536e-05,0.0216606498194946,5.507512138776626e-05,0.0252707581227435,8.462778132760094e-05,0.0,0.0,0.0,1.0,1.0
65,11:10:51,3,0.0072202166064982,101277.0,0.0054151624548737,0.0036101083032489,0.000107301639721,0.0,0.0001021281678059,-0.0036101083032491,9.424021988594354e-05,-0.0072202166064981,0.0002116971933662,-0.0108303249097472,8.836417771074408e-05,0.0072202166064982,2.8760671646655623e-05,0.0108303249097472,0.0001217043300526,0.0144404332129963,6.89796255349502e-05,0.0180505415162455,3.2088299878480536e-05,0.0216606498194946,5.507512138776626e-05,1.0,1.0,1.0,2.0,2.0
65,11:10:54,3,0.0036101083032489,93410.0,0.0054151624548737,0.0036101083032489,9.663534577257377e-05,0.0,0.0001021281678059,-0.0036101083032491,9.424021988594354e-05,-0.0072202166064981,0.0002116971933662,-0.0108303249097472,8.836417771074408e-05,0.0072202166064982,2.8569061575725208e-05,0.0108303249097472,0.0001236204307619,0.0144404332129963,6.578612435277658e-05,0.0180505415162455,3.3046350233132624e-05,0.0216606498194946,5.507512138776626e-05,1.0,1.0,1.0,2.0,2.0
65,11:10:57,3,0.0036101083032489,32526.0,0.0054151624548737,0.0036101083032489,9.28989493894306e-05,0.0,0.0001027668680423,-0.0036101083032491,9.743372106811716e-05,-0.0072202166064981,0.0002126552437209,-0.0108303249097472,8.836417771074408e-05,0.0072202166064982,2.8569061575725208e-05,0.0108303249097472,0.0001247700911875,0.0144404332129963,6.578612435277658e-05,0.0180505415162455,3.3046350233132624e-05,0.0216606498194946,5.507512138776626e-05,1.0,1.0,1.0,2.0,2.0
65,11:11:00,3,0.0072202166064982,12555.0,0.0054151624548737,0.0036101083032489,9.28989493894306e-05,0.0,0.0001027668680423,-0.0036101083032491,9.714630596172152e-05,-0.0072202166064981,0.0002126552437209,-0.0108303249097472,8.836417771074408e-05,0.0072202166064982,2.703618100828187e-05,0.0108303249097472,0.0001247700911875,0.0144404332129963,6.578612435277658e-05,0.0180505415162455,3.3046350233132624e-05,0.0216606498194946,5.507512138776626e-05,1.0,1.0,1.0,2.0,2.0
65,11:11:03,3,0.0036101083032489,8340.0,0.0054151624548737,0.0036101083032489,9.194089903477853e-05,0.0,0.0001018088176876,-0.0036101083032491,9.714630596172152e-05,-0.0072202166064981,0.0002126552437209,-0.0108303249097472,8.836417771074408e-05,0.0072202166064982,2.9143891788516455e-05,0.0108303249097472,0.0001254087914239,0.0144404332129963,6.578612435277658e-05,0.0180505415162455,3.3046350233132624e-05,0.0216606498194946,5.507512138776626e-05,1.0,1.0,1.0,2.0,2.0
65,11:11:06,3,0.0036101083032489,38645.0,0.0054151624548737,0.0036101083032489,8.925835804175269e-05,0.0,0.0001018088176876,-0.0036101083032491,9.90624066710257e-05,-0.0072202166064981,0.0002126552437209,-0.0108303249097472,8.836417771074408e-05,0.0072202166064982,4.472817755752373e-05,0.0108303249097472,0.0001277081122751,0.0144404332129963,6.578612435277658e-05,0.0180505415162455,3.3046350233132624e-05,0.0216606498194946,5.507512138776626e-05,1.0,1.0,1.0,2.0,2.0
65,11:11:09,3,0.0036101083032489,8063.0,0.0054151624548737,0.0036101083032489,8.932222806539615e-05,0.0,0.0001018088176876,-0.0036101083032491,9.909434168284744e-05,-0.0072202166064981,0.0002126552437209,-0.0108303249097472,8.836417771074408e-05,0.0072202166064982,4.447269746294984e-05,0.0108303249097472,0.0001277081122751,0.0144404332129963,6.578612435277658e-05,0.0180505415162455,3.3046350233132624e-05,0.0216606498194946,5.507512138776626e-05,1.0,1.0,1.0,2.0,2.0
65,11:11:12,3,0.0036101083032489,0.0,0.0054151624548737,0.0036101083032489,8.893900792353532e-05,0.0,0.0001021920378295,-0.0036101083032491,9.909434168284744e-05,-0.0072202166064981,0.0002158487449031,-0.0108303249097472,8.836417771074408e-05,0.0072202166064982,4.514333271120629e-05,0.0108303249097472,0.0001277081122751,0.0144404332129963,6.498774905723317e-05,0.0180505415162455,3.3046350233132624e-05,0.0216606498194946,5.507512138776626e-05,1.0,1.0,1.0,2.0,2.0
65,11:11:15,3,0.0072202166064982,13950.0,0.0054151624548737,0.0036101083032489,9.136606882198729e-05,0.0,0.0001021920378295,-0.0036101083032491,9.909434168284744e-05,-0.0072202166064981,0.0002126552437209,-0.0108303249097472,8.836417771074408e-05,0.0072202166064982,4.81452238224495e-05,0.0108303249097472,0.0001340951146394,0.0144404332129963,6.498774905723317e-05,0.0180505415162455,3.144959964204581e-05,0.0216606498194946,5.507512138776626e-05,1.0,1.0,1.0,2.0,2.0
65,11:11:18,3,0.0072202166064982,70088.0,0.0054151624548737,0.0036101083032489,8.338231586655323e-05,0.0,0.0001021920378295,-0.0036101083032491,9.781694120997798e-05,-0.0072202166064981,0.0002126552437209,-0.0108303249097472,8.836417771074408e-05,0.0072202166064982,5.1626140111018745e-05,0.0108303249097472,0.0001347338148759,0.0144404332129963,6.498774905723317e-05,0.0180505415162455,3.144959964204581e-05,0.0216606498194946,5.507512138776626e-05,1.0,1.0,1.0,2.0,2.0
65,11:11:21,3,0.0036101083032489,90351.0,0.0054151624548737,0.0036101083032489,8.194524033457509e-05,0.0,0.0001063435893663,-0.0036101083032491,9.877499156463009e-05,-0.0072202166064981,0.0002126552437209,-0.0108303249097472,8.836417771074408e-05,0.0072202166064982,4.271627181275435e-05,0.0108303249097472,0.0001347338148759,0.0144404332129963,6.466839893901581e-05,0.0180505415162455,3.144959964204581e-05,0.0216606498194946,5.507512138776626e-05,1.0,1.0,1.0,2.0,2.0
65,11:11:24,3,0.0072202166064982,2790.0,0.0054151624548737,0.0036101083032489,8.236039548825767e-05,0.0,0.0001060881092718,-0.0036101083032491,9.877499156463009e-05,-0.0072202166064981,0.0002126552437209,-0.0108303249097472,8.836417771074408e-05,0.0072202166064982,4.405754230926727e-05,0.0108303249097472,0.000134893489935,0.0144404332129963,6.466839893901581e-05,0.0180505415162455,3.144959964204581e-05,0.0216606498194946,5.507512138776626e-05,1.0,1.0,1.0,2.0,2.0
65,11:11:27,3,0.0072202166064982,15062.0,0.0054151624548737,0.0036101083032489,8.296716071287066e-05,0.0,0.0001060881092718,-0.0036101083032491,9.590084050067382e-05,-0.0072202166064981,0.0002126552437209,-0.0108303249097472,8.836417771074408e-05,0.0072202166064982,4.1183391245311006e-05,0.0108303249097472,0.0001365860455615,0.0144404332129963,6.466839893901581e-05,0.0180505415162455,3.144959964204581e-05,0.0216606498194946,5.507512138776626e-05,1.0,1.0,1.0,2.0,2.0
65,11:11:30,3,0.0036101083032489,53934.0,0.0054151624548737,0.0036101083032489,7.951817943612314e-05,0.0,0.0001065671344491,-0.0036101083032491,9.590084050067382e-05,-0.0072202166064981,0.0002126552437209,-0.0108303249097472,8.836417771074408e-05,0.0072202166064982,4.1119521221667535e-05,0.0108303249097472,0.0001365860455615,0.0144404332129963,6.466839893901581e-05,0.0180505415162455,3.144959964204581e-05,0.0216606498194946,5.507512138776626e-05,1.0,1.0,1.0,2.0,2.0
65,11:11:33,3,0.0036101083032489,0.0,0.0054151624548737,0.0036101083032489,8.015687967255787e-05,0.0,0.0001097606356313,-0.0036101083032491,9.590084050067382e-05,-0.0072202166064981,0.0002030747401744,-0.0108303249097472,8.836417771074408e-05,0.0072202166064982,4.1119521221667535e-05,0.0108303249097472,0.0001365860455615,0.0144404332129963,6.466839893901581e-05,0.0180505415162455,3.144959964204581e-05,0.0216606498194946,5.507512138776626e-05,1.0,1.0,2.0,2.0,2.0
65,11:11:36,3,0.0072202166064982,8370.0,0.0054151624548737,0.0036101083032489,8.047622979077523e-05,0.0,0.0001088664553002,-0.0036101083032491,9.590084050067382e-05,-0.0072202166064981,0.0002043521406472,-0.0108303249097472,8.881126787624838e-05,0.0072202166064982,4.191789651721094e-05,0.0108303249097472,0.0001367457206206,0.0144404332129963,6.303971333610727e-05,0.0180505415162455,3.144959964204581e-05,0.0216606498194946,5.507512138776626e-05,1.0,1.0,2.0,2.0,2.0
65,11:11:39,3,0.0036101083032489,3614.0,0.0054151624548737,0.0036101083032489,8.009300964891439e-05,0.0,0.0001089622603357,-0.0036101083032491,9.590084050067382e-05,-0.0072202166064981,0.0002043521406472,-0.0108303249097472,8.881126787624838e-05,0.0072202166064982,4.191789651721094e-05,0.0108303249097472,0.0001369053956797,0.0144404332129963,6.303971333610727e-05,0.0180505415162455,3.144959964204581e-05,0.0216606498194946,5.507512138776626e-05,1.0,1.0,2.0,2.0,2.0
65,11:11:42,3,0.0072202166064982,558.0,0.0054151624548737,0.0036101083032489,8.009300964891439e-05,0.0,0.0001148702375227,-0.0036101083032491,9.590084050067382e-05,-0.0072202166064981,0.0002043521406472,-0.0108303249097472,8.881126787624838e-05,0.0072202166064982,4.201370155267615e-05,0.0108303249097472,0.0001212253048753,0.0144404332129963,4.707220742523916e-05,0.0180505415162455,3.160927470115449e-05,0.0216606498194946,5.507512138776626e-05,1.0,1.0,2.0,2.0,2.0
65,11:11:45,3,0.0072202166064982,837.0,0.0054151624548737,0.0036101083032489,9.254766425939152e-05,0.0,0.0001148702375227,-0.0036101083032491,9.590084050067382e-05,-0.0072202166064981,0.0002043521406472,-0.0108303249097472,8.881126787624838e-05,0.0072202166064982,4.032114592612413e-05,0.0108303249097472,0.0001171376233621,0.0144404332129963,4.707220742523916e-05,0.0180505415162455,3.160927470115449e-05,0.0216606498194946,5.507512138776626e-05,1.0,1.0,2.0,2.0,2.0
65,11:11:48,3,0.0072202166064982,0.0,0.0054151624548737,0.0036101083032489,9.503859518148692e-05,0.0,0.0001148702375227,-0.0036101083032491,9.590084050067382e-05,-0.0072202166064981,0.0002046714907655,-0.0108303249097472,8.881126787624838e-05,0.0072202166064982,4.032114592612413e-05,0.0108303249097472,0.0001171376233621,0.0144404332129963,4.707220742523916e-05,0.0180505415162455,3.160927470115449e-05,0.0216606498194946,5.507512138776626e-05,1.0,1.0,2.0,2.0,2.0
65,11:11:51,3,0.0072202166064982,24273.0,0.0054151624548737,0.0036101083032489,9.503859518148692e-05,0.0,0.0001148702375227,-0.0036101083032491,9.590084050067382e-05,-0.0072202166064981,0.0002056295411201,-0.0108303249097472,8.881126787624838e-05,0.0072202166064982,3.7574734909454814e-05,0.0108303249097472,0.0001171376233621,0.0144404332129963,4.707220742523916e-05,0.0180505415162455,3.160927470115449e-05,0.0216606498194946,5.507512138776626e-05,1.0,1.0,2.0,2.0,2.0
65,11:11:54,3,0.0036101083032489,159001.0,0.0054151624548737,0.0036101083032489,9.823209636366056e-05,0.0,0.0001148702375227,-0.0036101083032491,9.590084050067382e-05,-0.0072202166064981,0.0002058850212147,-0.0108303249097472,8.881126787624838e-05,0.0072202166064982,2.460912010982992e-05,0.0108303249097472,0.0001171376233621,0.0144404332129963,4.707220742523916e-05,0.0180505415162455,3.160927470115449e-05,0.0216606498194946,5.507512138776626e-05,1.0,1.0,2.0,2.0,2.0
65,11:11:57,3,0.0036101083032489,40164.0,0.0054151624548737,0.0036101083032489,9.855144648187792e-05,0.0,0.0001148702375227,-0.0036101083032491,9.590084050067382e-05,-0.0072202166064981,0.0002058850212147,-0.0108303249097472,8.881126787624838e-05,0.0072202166064982,2.039369854936074e-05,0.0108303249097472,0.0001150299125818,0.0144404332129963,4.707220742523916e-05,0.0180505415162455,3.160927470115449e-05,0.0216606498194946,5.507512138776626e-05,1.0,1.0,2.0,2.0,2.0
65,11:12:00,3,0.0072202166064982,10318.0,0.0054151624548737,0.0036101083032489,9.839177142276924e-05,0.0,0.0001148702375227,-0.0036101083032491,9.590084050067382e-05,-0.0072202166064981,0.0002058850212147,-0.0108303249097472,8.881126787624838e-05,0.0072202166064982,1.937177817106518e-05,0.0108303249097472,0.0001158282878774,0.0144404332129963,4.707220742523916e-05,0.0180505415162455,3.160927470115449e-05,0.0216606498194946,5.507512138776626e-05,1.0,1.0,2.0,2.0,2.0
65,11:12:03,3,0.0072202166064982,13950.0,0.0054151624548737,0.0036101083032489,0.0001049384488462,0.0,0.0001148702375227,-0.0036101083032491,9.590084050067382e-05,-0.0072202166064981,0.0002058850212147,-0.0108303249097472,8.881126787624838e-05,0.0072202166064982,1.8158247721839205e-05,0.0108303249097472,0.0001158282878774,0.0144404332129963,4.707220742523916e-05,0.0180505415162455,3.160927470115449e-05,0.0216606498194946,5.507512138776626e-05,1.0,2.0,2.0,2.0,2.0
65,11:12:06,3,0.0036101083032489,7249.0,0.0054151624548737,0.0036101083032489,0.0001057368241417,0.0,0.0001180637387049,-0.0036101083032491,9.590084050067382e-05,-0.0072202166064981,0.0002058850212147,-0.0108303249097472,8.881126787624838e-05,0.0072202166064982,1.847759784005657e-05,0.0108303249097472,0.0001158282878774,0.0144404332129963,4.707220742523916e-05,0.0180505415162455,3.160927470115449e-05,0.0216606498194946,5.507512138776626e-05,1.0,2.0,2.0,2.0,2.0
65,11:12:09,3,0.0036101083032489,19202.0,0.0054151624548737,0.0036101083032489,0.0001071419646619,0.0,0.0001180637387049,-0.0036101083032491,9.590084050067382e-05,-0.0072202166064981,0.0002058850212147,-0.0108303249097472,8.881126787624838e-05,0.0072202166064982,1.7391807438117537e-05,0.0108303249097472,0.0001155089377592,0.0144404332129963,4.707220742523916e-05,0.0180505415162455,3.160927470115449e-05,0.0216606498194946,5.507512138776626e-05,1.0,2.0,2.0,2.0,2.0
65,11:12:12,3,0.0036101083032489,0.0,0.0054151624548737,0.0036101083032489,0.0001075251848037,0.0,0.0001180637387049,-0.0036101083032491,9.590084050067382e-05,-0.0072202166064981,0.0002058850212147,-0.0108303249097472,9.174928896384812e-05,0.0072202166064982,1.7391807438117537e-05,0.0108303249097472,0.0001155089377592,0.0144404332129963,4.707220742523916e-05,0.0180505415162455,3.160927470115449e-05,0.0216606498194946,5.507512138776626e-05,1.0,2.0,2.0,2.0,2.0
65,11:12:15,3,0.0072202166064982,837.0,0.0054151624548737,0.0036101083032489,0.0001104951409032,0.0,0.0001180637387049,-0.0036101083032491,9.590084050067382e-05,-0.0072202166064981,0.0002058850212147,-0.0108303249097472,9.174928896384812e-05,0.0072202166064982,1.7296002402652328e-05,0.0108303249097472,0.0001155089377592,0.0144404332129963,4.707220742523916e-05,0.0180505415162455,3.160927470115449e-05,0.0216606498194946,5.507512138776626e-05,1.0,2.0,2.0,2.0,2.0
65,11:12:18,3,0.0072202166064982,10881.0,0.0054151624548737,0.0036101083032489,0.0001123473715888,0.0,0.0001256323365067,-0.0036101083032491,9.590084050067382e-05,-0.0072202166064981,0.0002058850212147,-0.0108303249097472,9.174928896384812e-05,0.0072202166064982,1.6050536941604616e-05,0.0108303249097472,0.0001155089377592,0.0144404332129963,4.707220742523916e-05,0.0180505415162455,3.160927470115449e-05,0.0216606498194946,5.507512138776626e-05,2.0,2.0,2.0,2.0,2.0
65,11:12:21,3,0.0072202166064982,0.0,0.0054151624548737,0.0036101083032489,0.0001131776818962,0.0,0.0001255045964594,-0.0036101083032491,9.590084050067382e-05,-0.0072202166064981,0.0002058850212147,-0.0108303249097472,9.174928896384812e-05,0.0072202166064982,1.36554110549744e-05,0.0108303249097472,0.0001155089377592,0.0144404332129963,4.707220742523916e-05,0.0180505415162455,3.160927470115449e-05,0.0216606498194946,5.507512138776626e-05,2.0,2.0,2.0,2.0,2.0
65,11:12:24,3,0.0072202166064982,56916.0,0.0054151624548737,0.0036101083032489,0.0001138163821326,0.0,0.0001258239465776,-0.0036101083032491,9.590084050067382e-05,-0.0072202166064981,0.0002058850212147,-0.0108303249097472,9.27073393185002e-05,0.0072202166064982,8.769354246248761e-06,0.0108303249097472,0.0001158282878774,0.0144404332129963,4.707220742523916e-05,0.0180505415162455,3.065122434650241e-05,0.0216606498194946,7.0723277180417e-05,2.0,2.0,2.0,2.0,2.0
65,11:12:27,3,0.0072202166064982,20646.0,0.0054151624548737,0.0036101083032489,0.0001133692919671,0.0,0.0001258239465776,-0.0036101083032491,9.909434168284744e-05,-0.0072202166064981,0.0002058850212147,-0.0108303249097472,9.27073393185002e-05,0.0072202166064982,6.406163371440283e-06,0.0108303249097472,0.0001158282878774,0.0144404332129963,4.707220742523916e-05,0.0180505415162455,3.065122434650241e-05,0.0216606498194946,7.0723277180417e-05,2.0,2.0,2.0,2.0,2.0
65,11:12:30,3,0.0072202166064982,53289.0,0.0054151624548737,0.0036101083032489,0.0001175208435039,0.0,0.0001258239465776,-0.0036101083032491,9.590084050067382e-05,-0.0072202166064981,0.0002052463209782,-0.0108303249097472,9.27073393185002e-05,0.0072202166064982,3.065761134886676e-07,0.0108303249097472,0.000109441285513,0.0144404332129963,4.707220742523916e-05,0.0180505415162455,4.023172789302327e-05,0.0216606498194946,7.0723277180417e-05,2.0,2.0,2.0,2.0,2.0
65,11:12:33,3,0.0072202166064982,8538.0,0.0090252707581226,0.0072202166064982,1.2307753556097132e-05,0.0036101083032489,0.0001184788938586,0.0,0.0001258239465776,-0.0036101083032491,9.590084050067382e-05,-0.0072202166064981,0.0002057572811674,0.0108303249097472,0.0001089941953475,0.0144404332129963,4.707220742523916e-05,0.0180505415162455,4.023172789302327e-05,0.0216606498194946,7.0723277180417e-05,0.0252707581227435,7.41850324618932e-05,1.0,1.0,1.0,1.0,2.0
65,11:12:36,3,0.0072202166064982,0.0,0.0090252707581226,0.0072202166064982,1.3329673934392691e-05,0.0036101083032489,0.000123428820691,0.0,0.0001274206971687,-0.0036101083032491,9.590084050067382e-05,-0.0072202166064981,0.0002057572811674,0.0108303249097472,0.0001084193651347,0.0144404332129963,4.707220742523916e-05,0.0180505415162455,4.019979288120153e-05,0.0216606498194946,7.053166710948658e-05,0.0252707581227435,7.546243293476264e-05,1.0,1.0,1.0,1.0,2.0
65,11:12:39,3,0.0072202166064982,25668.0,0.0090252707581226,0.0072202166064982,1.0519392894079906e-05,0.0036101083032489,0.0001249297662466,0.0,0.0001274206971687,-0.0036101083032491,9.590084050067382e-05,-0.0072202166064981,0.0002057572811674,0.0108303249097472,0.0001087706502648,0.0144404332129963,4.707220742523916e-05,0.0180505415162455,4.192428351957529e-05,0.0216606498194946,7.053166710948658e-05,0.0252707581227435,7.546243293476264e-05,1.0,1.0,1.0,1.0,2.0
65,11:12:42,3,0.0072202166064982,27900.0,0.0090252707581226,0.0072202166064982,5.53242144799758e-05,0.0036101083032489,0.0001247062211638,0.0,0.0001205227346152,-0.0036101083032491,9.590084050067382e-05,-0.0072202166064981,0.0002057572811674,0.0108303249097472,0.0001097287006194,0.0144404332129963,4.598641702330013e-05,0.0180505415162455,4.192428351957529e-05,0.0216606498194946,7.053166710948658e-05,0.0252707581227435,7.546243293476264e-05,1.0,1.0,1.0,1.0,2.0
65,11:12:45,3,0.0108303249097472,3360.0,0.0090252707581226,0.0072202166064982,5.596291471641052e-05,0.0036101083032489,0.0001245146110929,0.0,0.0001205227346152,-0.0036101083032491,9.590084050067382e-05,-0.0072202166064981,0.0002057572811674,0.0108303249097472,0.0001097925706431,0.0144404332129963,4.598641702330013e-05,0.0180505415162455,4.192428351957529e-05,0.0216606498194946,7.053166710948658e-05,0.0252707581227435,7.546243293476264e-05,1.0,1.0,1.0,1.0,2.0
65,11:12:48,3,0.0108303249097472,560.0,0.0090252707581226,0.0072202166064982,5.5994849728232255e-05,0.0036101083032489,0.0001235565607382,0.0,0.000120203384497,-0.0036101083032491,9.590084050067382e-05,-0.0072202166064981,0.0002057572811674,0.0108303249097472,0.0001129222018016,0.0144404332129963,4.598641702330013e-05,0.0180505415162455,4.192428351957529e-05,0.0216606498194946,7.053166710948658e-05,0.0252707581227435,7.546243293476264e-05,1.0,1.0,1.0,1.0,2.0
65,11:12:51,3,0.0108303249097472,28000.0,0.0090252707581226,0.0072202166064982,5.628226483462788e-05,0.0036101083032489,0.0001235565607382,0.0,0.000120203384497,-0.0036101083032491,9.590084050067382e-05,-0.0072202166064981,0.0002057572811674,0.0108303249097472,0.0001097287006194,0.0144404332129963,4.598641702330013e-05,0.0180505415162455,4.192428351957529e-05,0.0216606498194946,7.053166710948658e-05,0.0252707581227435,7.651628832487995e-05,1.0,1.0,1.0,1.0,2.0
65,11:12:54,3,0.0108303249097472,4200.0,0.0090252707581226,0.0072202166064982,5.7783210390249485e-05,0.0036101083032489,0.0001211614348516,0.0,0.0001170098833148,-0.0036101083032491,9.590084050067382e-05,-0.0072202166064981,0.0002055976061083,0.0108303249097472,8.970544820725699e-05,0.0144404332129963,4.598641702330013e-05,0.0180505415162455,4.192428351957529e-05,0.0216606498194946,7.085101722770394e-05,0.0252707581227435,7.651628832487995e-05,1.0,1.0,1.0,1.0,2.0
65,11:12:57,3,0.0108303249097472,5600.0,0.0090252707581226,0.0072202166064982,5.781514540207122e-05,0.0036101083032489,0.0001211614348516,0.0,0.0001170098833148,-0.0036101083032491,9.590084050067382e-05,-0.0072202166064981,0.0002055976061083,0.0108303249097472,8.858772279349622e-05,0.0144404332129963,4.598641702330013e-05,0.0180505415162455,4.205202356686223e-05,0.0216606498194946,7.963314547868139e-05,0.0252707581227435,7.651628832487995e-05,1.0,1.0,1.0,1.0,2.0
65,11:13:00,3,0.0108303249097472,116480.0,0.0090252707581226,0.0072202166064982,5.781514540207122e-05,0.0036101083032489,0.0001232691456319,0.0,0.0001170098833148,-0.0036101083032491,9.590084050067382e-05,-0.0072202166064981,0.0002055976061083,0.0108303249097472,7.434470752100187e-05,0.0144404332129963,4.598641702330013e-05,0.0180505415162455,4.205202356686223e-05,0.0216606498194946,7.963314547868139e-05,0.0252707581227435,7.651628832487995e-05,1.0,1.0,1.0,1.0,2.0
65,11:13:03,3,0.0072202166064982,32932.0,0.0090252707581226,0.0072202166064982,5.596291471641052e-05,0.0036101083032489,0.0001233649506673,0.0,0.0001168821432675,-0.0036101083032491,9.590084050067382e-05,-0.0072202166064981,0.0002055976061083,0.0108303249097472,7.428083749735841e-05,0.0144404332129963,4.598641702330013e-05,0.0180505415162455,4.205202356686223e-05,0.0216606498194946,7.963314547868139e-05,0.0252707581227435,7.651628832487995e-05,1.0,1.0,1.0,1.0,2.0
65,11:13:06,3,0.0108303249097472,1120.0,0.0090252707581226,0.0072202166064982,6.3531512518162e-05,0.0036101083032489,0.0001240994559392,0.0,0.0001168821432675,-0.0036101083032491,9.590084050067382e-05,-0.0072202166064981,0.0002055976061083,0.0108303249097472,7.415309745007147e-05,0.0144404332129963,4.598641702330013e-05,0.0180505415162455,4.205202356686223e-05,0.0216606498194946,7.963314547868139e-05,0.0252707581227435,7.651628832487995e-05,1.0,1.0,1.0,1.0,2.0
65,11:13:09,3,0.0108303249097472,77000.0,0.0090252707581226,0.0072202166064982,6.407440771913151e-05,0.0036101083032489,0.0001240994559392,0.0,0.0001172014933857,-0.0036101083032491,9.590084050067382e-05,-0.0072202166064981,0.0002055976061083,0.0108303249097472,4.263324078201783e-05,0.0144404332129963,4.620996210605229e-05,0.0180505415162455,4.205202356686223e-05,0.0216606498194946,7.963314547868139e-05,0.0252707581227435,7.651628832487995e-05,1.0,1.0,1.0,1.0,2.0
65,11:13:12,3,0.0108303249097472,8400.0,0.0090252707581226,0.0072202166064982,6.42340827782402e-05,0.0036101083032489,0.000123780105821,0.0,0.0001172014933857,-0.0036101083032491,9.526214026423908e-05,-0.0072202166064981,0.0002055976061083,0.0108303249097472,4.135584030914838e-05,0.0144404332129963,4.684866234248701e-05,0.0180505415162455,4.205202356686223e-05,0.0216606498194946,7.963314547868139e-05,0.0252707581227435,7.651628832487995e-05,1.0,1.0,1.0,1.0,2.0
65,11:13:15,3,0.0108303249097472,8120.0,0.0090252707581226,0.0072202166064982,6.455343289645756e-05,0.0036101083032489,0.000123780105821,0.0,0.0001172014933857,-0.0036101083032491,9.526214026423908e-05,-0.0072202166064981,0.0002055976061083,0.0108303249097472,4.042972496631803e-05,0.0144404332129963,4.684866234248701e-05,0.0180505415162455,4.205202356686223e-05,0.0216606498194946,7.963314547868139e-05,0.0252707581227435,7.651628832487995e-05,1.0,1.0,1.0,2.0,2.0
65,11:13:18,3,0.0108303249097472,8120.0,0.0090252707581226,0.0072202166064982,7.346330119472197e-05,0.0036101083032489,0.000123780105821,0.0,0.0001172014933857,-0.0036101083032491,9.526214026423908e-05,-0.0072202166064981,0.0002052782559901,0.0108303249097472,3.950360962348768e-05,0.0144404332129963,4.684866234248701e-05,0.0180505415162455,4.205202356686223e-05,0.0216606498194946,7.963314547868139e-05,0.0252707581227435,7.651628832487995e-05,1.0,1.0,1.0,2.0,2.0
65,11:13:21,3,0.0108303249097472,9240.0,0.0090252707581226,0.0072202166064982,7.672067240053905e-05,0.0036101083032489,0.000123780105821,0.0,0.0001187982439768,-0.0036101083032491,9.526214026423908e-05,-0.0072202166064981,0.0002052782559901,0.0108303249097472,3.844975423337039e-05,0.0144404332129963,4.684866234248701e-05,0.0180505415162455,4.205202356686223e-05,0.0216606498194946,7.963314547868139e-05,0.0252707581227435,7.651628832487995e-05,1.0,1.0,1.0,2.0,2.0
65,11:13:24,3,0.0108303249097472,30220.0,0.0090252707581226,0.0072202166064982,7.895612322806059e-05,0.0036101083032489,0.0001225985103836,0.0,0.0001187982439768,-0.0036101083032491,9.526214026423908e-05,-0.0072202166064981,0.0002068750065812,0.0108303249097472,3.659752354770969e-05,0.0144404332129963,4.700833740159569e-05,0.0180505415162455,4.205202356686223e-05,0.0216606498194946,7.963314547868139e-05,0.0252707581227435,7.587758808844522e-05,1.0,1.0,1.0,2.0,2.0
65,11:13:27,3,0.0108303249097472,19039.0,0.0090252707581226,0.0072202166064982,8.208575438659074e-05,0.0036101083032489,0.0001198840343787,0.0,0.0001192133991305,-0.0036101083032491,9.526214026423908e-05,-0.0072202166064981,0.000206906941593,0.0108303249097472,3.4457877755653364e-05,0.0144404332129963,4.691253236613048e-05,0.0180505415162455,4.205202356686223e-05,0.0216606498194946,7.963314547868139e-05,0.0252707581227435,7.587758808844522e-05,1.0,1.0,1.0,2.0,2.0
65,11:13:30,3,0.0108303249097472,1120.0,0.0090252707581226,0.0072202166064982,8.208575438659074e-05,0.0036101083032489,0.0001198840343787,0.0,0.0001192133991305,-0.0036101083032491,9.526214026423908e-05,-0.0072202166064981,0.000206906941593,0.0108303249097472,3.4330137708366416e-05,0.0144404332129963,4.9563138347334585e-05,0.0180505415162455,4.205202356686223e-05,0.0216606498194946,7.963314547868139e-05,0.0252707581227435,7.587758808844522e-05,1.0,1.0,1.0,2.0,2.0
65,11:13:33,3,0.0072202166064982,66960.0,0.0090252707581226,0.0072202166064982,7.713582755422163e-05,0.0036101083032489,0.0001217043300526,0.0,0.0001192133991305,-0.0036101083032491,9.526214026423908e-05,-0.0072202166064981,0.000206906941593,0.0108303249097472,3.4330137708366416e-05,0.0144404332129963,4.9563138347334585e-05,0.0180505415162455,4.205202356686223e-05,0.0216606498194946,7.963314547868139e-05,0.0252707581227435,7.587758808844522e-05,1.0,1.0,1.0,2.0,2.0
65,11:13:36,3,0.0108303249097472,43120.0,0.0090252707581226,0.0072202166064982,7.713582755422163e-05,0.0036101083032489,0.0001235565607382,0.0,0.0001192133991305,-0.0036101083032491,9.526214026423908e-05,-0.0072202166064981,0.0002085036921841,0.0108303249097472,2.9412145887819043e-05,0.0144404332129963,4.991442347737369e-05,0.0180505415162455,4.205202356686223e-05,0.0216606498194946,7.963314547868139e-05,0.0252707581227435,7.587758808844522e-05,1.0,1.0,1.0,2.0,2.0
65,11:13:39,3,0.0108303249097472,17920.0,0.0090252707581226,0.0072202166064982,7.729550261333031e-05,0.0036101083032489,0.0001235565607382,0.0,0.0001192133991305,-0.0036101083032491,9.526214026423908e-05,-0.0072202166064981,0.0002085036921841,0.0108303249097472,2.7687655249445287e-05,0.0144404332129963,4.991442347737369e-05,0.0180505415162455,4.205202356686223e-05,0.0216606498194946,7.963314547868139e-05,0.0252707581227435,7.587758808844522e-05,1.0,1.0,1.0,2.0,2.0
65,11:13:42,3,0.0072202166064982,566849.0,0.0090252707581226,0.0072202166064982,1.882249596773132e-05,0.0036101083032489,0.0001198201643551,0.0,0.0001192133991305,-0.0036101083032491,9.398473979136964e-05,-0.0072202166064981,0.0002085036921841,0.0108303249097472,2.130065288509805e-05,0.0144404332129963,4.991442347737369e-05,0.0180505415162455,4.205202356686223e-05,0.0216606498194946,7.963314547868139e-05,0.0252707581227435,7.587758808844522e-05,1.0,1.0,1.0,2.0,2.0
65,11:13:45,3,0.0108303249097472,5600.0,0.0090252707581226,0.0072202166064982,3.191585081464316e-05,0.0036101083032489,0.0001198520993669,0.0,0.0001192133991305,-0.0036101083032491,9.398473979136964e-05,-0.0072202166064981,0.0002085036921841,0.0108303249097472,2.0661952648663325e-05,0.0144404332129963,4.6720922295200064e-05,0.0180505415162455,4.205202356686223e-05,0.0216606498194946,7.963314547868139e-05,0.0252707581227435,7.587758808844522e-05,1.0,1.0,1.0,2.0,2.0
65,11:13:48,3,0.0108303249097472,0.0,0.0090252707581226,0.0072202166064982,3.504548197317331e-05,0.0036101083032489,0.0001208420847334,0.0,0.0001192133991305,-0.0036101083032491,9.4304089909587e-05,-0.0072202166064981,0.0002078649919476,0.0108303249097472,2.0661952648663325e-05,0.0144404332129963,4.6720922295200064e-05,0.0180505415162455,4.205202356686223e-05,0.0216606498194946,7.963314547868139e-05,0.0252707581227435,7.587758808844522e-05,1.0,1.0,1.0,2.0,2.0
65,11:13:51,3,0.0108303249097472,82886.0,0.0090252707581226,0.0072202166064982,2.78920393251044e-05,0.0036101083032489,0.0001208420847334,0.0,0.0001192133991305,-0.0036101083032491,9.4304089909587e-05,-0.0072202166064981,0.0002078649919476,0.0108303249097472,1.992744737676339e-05,0.0144404332129963,4.704027241341743e-05,0.0180505415162455,4.205202356686223e-05,0.0216606498194946,8.017604067965092e-05,0.0252707581227435,7.587758808844522e-05,1.0,1.0,1.0,2.0,2.0
65,11:13:54,3,0.0108303249097472,560.0,0.0090252707581226,0.0072202166064982,2.8211389443321763e-05,0.0036101083032489,0.0001208420847334,0.0,0.0001204907996034,-0.0036101083032491,9.4304089909587e-05,-0.0072202166064981,0.0002078649919476,0.0108303249097472,2.861377059227564e-05,0.0144404332129963,4.704027241341743e-05,0.0180505415162455,4.205202356686223e-05,0.0216606498194946,8.017604067965092e-05,0.0252707581227435,7.587758808844522e-05,1.0,1.0,1.0,2.0,2.0
65,11:13:57,3,0.0072202166064982,132525.0,0.0090252707581226,0.0072202166064982,1.6650915163853256e-05,0.0036101083032489,0.0001112296461751,0.0,0.0001208101497216,-0.0036101083032491,9.4304089909587e-05,-0.0072202166064981,0.0002078649919476,0.0108303249097472,2.92844058405321e-05,0.0144404332129963,4.704027241341743e-05,0.0180505415162455,4.205202356686223e-05,0.0216606498194946,8.017604067965092e-05,0.0252707581227435,7.587758808844522e-05,1.0,1.0,1.0,2.0,2.0
65,11:14:00,3,0.0072202166064982,24064.0,0.0090252707581226,0.0072202166064982,1.965280627509646e-05,0.0036101083032489,0.0001113254512105,0.0,0.0001208101497216,-0.0036101083032491,9.4304089909587e-05,-0.0072202166064981,0.0002078649919476,0.0108303249097472,3.1424051632588426e-05,0.0144404332129963,4.704027241341743e-05,0.0180505415162455,4.205202356686223e-05,0.0216606498194946,8.017604067965092e-05,0.0252707581227435,7.587758808844522e-05,1.0,1.0,1.0,2.0,2.0
65,11:14:03,3,0.0108303249097472,21815.0,0.0090252707581226,0.0072202166064982,1.8854430979553053e-05,0.0036101083032489,0.0001101438557731,0.0,0.0001208101497216,-0.0036101083032491,9.4304089909587e-05,-0.0072202166064981,0.0002078649919476,0.0108303249097472,5.4078749018928085e-05,0.0144404332129963,4.704027241341743e-05,0.0180505415162455,4.205202356686223e-05,0.0216606498194946,8.017604067965092e-05,0.0252707581227435,7.587758808844522e-05,1.0,1.0,1.0,2.0,2.0
65,11:14:06,3,0.0108303249097472,0.0,0.0090252707581226,0.0072202166064982,1.8854430979553053e-05,0.0036101083032489,0.0001101438557731,0.0,0.0001207143446861,-0.0036101083032491,9.4304089909587e-05,-0.0072202166064981,0.0002078649919476,0.0108303249097472,5.4174554054393294e-05,0.0144404332129963,4.640157217698271e-05,0.0180505415162455,4.205202356686223e-05,0.0216606498194946,8.017604067965092e-05,0.0252707581227435,7.587758808844522e-05,1.0,1.0,1.0,2.0,2.0
65,11:14:09,3,0.0108303249097472,0.0,0.0090252707581226,0.0072202166064982,2.1856322090796256e-05,0.0036101083032489,0.0001101438557731,0.0,0.0001207143446861,-0.0036101083032491,9.4304089909587e-05,-0.0072202166064981,0.0002078649919476,0.0108303249097472,5.513260440904538e-05,0.0144404332129963,4.640157217698271e-05,0.0180505415162455,4.205202356686223e-05,0.0216606498194946,8.017604067965092e-05,0.0252707581227435,7.587758808844522e-05,1.0,1.0,1.0,2.0,2.0
65,11:14:12,3,0.0108303249097472,5600.0,0.0090252707581226,0.0072202166064982,2.747688417142183e-05,0.0036101083032489,0.0001101438557731,0.0,0.0001223110952772,-0.0036101083032491,9.653954073710854e-05,-0.0072202166064981,0.0002078649919476,0.0108303249097472,5.449390417261066e-05,0.0144404332129963,4.640157217698271e-05,0.0180505415162455,4.205202356686223e-05,0.0216606498194946,8.017604067965092e-05,0.0252707581227435,7.587758808844522e-05,1.0,1.0,1.0,2.0,2.0
65,11:14:15,3,0.0108303249097472,3912.0,0.0090252707581226,0.0072202166064982,2.750881918324357e-05,0.0036101083032489,0.0001111019061278,0.0,0.0001223110952772,-0.0036101083032491,9.653954073710854e-05,-0.0072202166064981,0.0002078649919476,0.0108303249097472,4.954397734024154e-05,0.0144404332129963,4.544352182233062e-05,0.0180505415162455,4.205202356686223e-05,0.0216606498194946,8.126183108158995e-05,0.0252707581227435,7.587758808844522e-05,1.0,1.0,2.0,2.0,2.0
65,11:14:18,3,0.0108303249097472,1120.0,0.0090252707581226,0.0072202166064982,3.150069566096059e-05,0.0036101083032489,0.0001117406063642,0.0,0.0001223110952772,-0.0036101083032491,9.657147574893028e-05,-0.0072202166064981,0.0002094936775505,0.0108303249097472,4.625467112260272e-05,0.0144404332129963,4.544352182233062e-05,0.0180505415162455,4.205202356686223e-05,0.0216606498194946,8.285858167267675e-05,0.0252707581227435,7.587758808844522e-05,1.0,1.0,2.0,2.0,2.0
65,11:14:21,3,0.0108303249097472,0.0,0.0090252707581226,0.0072202166064982,5.6761290011953926e-05,0.0036101083032489,0.0001111019061278,0.0,0.0001223110952772,-0.0036101083032491,9.657147574893028e-05,-0.0072202166064981,0.0002094936775505,0.0108303249097472,5.350391880613683e-05,0.0144404332129963,4.544352182233062e-05,0.0180505415162455,4.205202356686223e-05,0.0216606498194946,8.285858167267675e-05,0.0252707581227435,7.587758808844522e-05,1.0,1.0,2.0,2.0,2.0
65,11:14:24,3,0.0108303249097472,4200.0,0.0090252707581226,0.0072202166064982,5.7559665307497336e-05,0.0036101083032489,0.0001126347866952,0.0,0.0001223110952772,-0.0036101083032491,9.657147574893028e-05,-0.0072202166064981,0.0002094936775505,0.0108303249097472,6.23818520925795e-05,0.0144404332129963,4.544352182233062e-05,0.0180505415162455,4.205202356686223e-05,0.0216606498194946,8.285858167267675e-05,0.0252707581227435,7.587758808844522e-05,1.0,1.0,2.0,2.0,2.0
65,11:14:27,3,0.0108303249097472,4480.0,0.0090252707581226,0.0072202166064982,5.7719340366606015e-05,0.0036101083032489,0.0001126347866952,0.0,0.0001223110952772,-0.0036101083032491,9.657147574893028e-05,-0.0072202166064981,0.000209238197456,0.0108303249097472,6.250959213986644e-05,0.0144404332129963,4.065327004907019e-05,0.0180505415162455,4.205202356686223e-05,0.0216606498194946,8.285858167267675e-05,0.0252707581227435,7.587758808844522e-05,1.0,1.0,2.0,2.0,2.0
65,11:14:30,3,0.0108303249097472,1960.0,0.0090252707581226,0.0072202166064982,5.7719340366606015e-05,0.0036101083032489,0.0001126347866952,0.0,0.0001223110952772,-0.0036101083032491,9.657147574893028e-05,-0.0072202166064981,0.000209238197456,0.0108303249097472,6.228604705711429e-05,0.0144404332129963,4.065327004907019e-05,0.0180505415162455,4.205202356686223e-05,0.0216606498194946,8.285858167267675e-05,0.0252707581227435,7.587758808844522e-05,1.0,1.0,2.0,2.0,2.0
65,11:14:33,3,0.0108303249097472,16240.0,0.0090252707581226,0.0072202166064982,5.803869048482337e-05,0.0036101083032489,0.0001112296461751,0.0,0.0001224707703363,-0.0036101083032491,9.657147574893028e-05,-0.0072202166064981,0.000209238197456,0.0108303249097472,6.043381637145359e-05,0.0144404332129963,4.065327004907019e-05,0.0180505415162455,4.205202356686223e-05,0.0216606498194946,8.285858167267675e-05,0.0252707581227435,7.587758808844522e-05,1.0,1.0,2.0,2.0,2.0
65,11:14:36,3,0.0108303249097472,840.0,0.0090252707581226,0.0072202166064982,5.98270511468406e-05,0.0036101083032489,0.0001112296461751,0.0,0.0001224707703363,-0.0036101083032491,9.67630858198607e-05,-0.0072202166064981,0.000209238197456,0.0108303249097472,6.033801133598838e-05,0.0144404332129963,3.490496792115767e-05,0.0180505415162455,4.205202356686223e-05,0.0216606498194946,8.285858167267675e-05,0.0252707581227435,7.587758808844522e-05,1.0,1.0,2.0,2.0,2.0
65,11:14:39,3,0.0108303249097472,0.0,0.0090252707581226,0.0072202166064982,0.000108879229305,0.0036101083032489,0.0001115489962933,0.0,0.0001162434430311,-0.0036101083032491,9.67630858198607e-05,-0.0072202166064981,0.0002156251998203,0.0108303249097472,6.033801133598838e-05,0.0144404332129963,3.490496792115767e-05,0.0180505415162455,4.205202356686223e-05,0.0216606498194946,8.285858167267675e-05,0.0252707581227435,7.587758808844522e-05,1.0,1.0,2.0,2.0,2.0
65,11:14:42,3,0.0108303249097472,13720.0,0.0090252707581226,0.0072202166064982,0.0001208548587381,0.0036101083032489,0.0001118683464115,0.0,0.0001165627931493,-0.0036101083032491,9.67630858198607e-05,-0.0072202166064981,0.0002156251998203,0.0108303249097472,5.8773195756723305e-05,0.0144404332129963,3.490496792115767e-05,0.0180505415162455,4.205202356686223e-05,0.0216606498194946,8.285858167267675e-05,0.0252707581227435,7.587758808844522e-05,1.0,1.0,2.0,2.0,1.0
65,11:14:45,3,0.0108303249097472,25760.0,0.0090252707581226,0.0072202166064982,0.0001208548587381,0.0036101083032489,0.0001118683464115,0.0,0.0001165627931493,-0.0036101083032491,9.67630858198607e-05,-0.0072202166064981,0.0002156251998203,0.0108303249097472,5.273747852241517e-05,0.0144404332129963,3.554366815759239e-05,0.0180505415162455,4.205202356686223e-05,0.0216606498194946,8.349728190911148e-05,0.0252707581227435,0.0001014255975458,1.0,2.0,2.0,2.0,1.0
65,11:14:48,3,0.0108303249097472,2800.0,0.0090252707581226,0.0072202166064982,0.0001218129090928,0.0036101083032489,0.0001118683464115,0.0,0.0001167224682084,-0.0036101083032491,9.67630858198607e-05,-0.0072202166064981,0.0002157210048558,0.0108303249097472,5.235425838055433e-05,0.0144404332129963,3.554366815759239e-05,0.0180505415162455,4.205202356686223e-05,0.0216606498194946,8.349728190911148e-05,0.0252707581227435,0.0001014255975458,1.0,2.0,2.0,2.0,1.0
65,11:14:51,3,0.0108303249097472,70000.0,0.0090252707581226,0.0072202166064982,0.0001219725841519,0.0036101083032489,0.0001118683464115,0.0,0.0001167224682084,-0.0036101083032491,9.67630858198607e-05,-0.0072202166064981,0.0002157210048558,0.0108303249097472,4.612693107531577e-05,0.0144404332129963,3.554366815759239e-05,0.0180505415162455,4.205202356686223e-05,0.0216606498194946,8.349728190911148e-05,0.0252707581227435,0.0001014255975458,1.0,2.0,2.0,2.0,1.0
65,11:14:54,3,0.0108303249097472,4760.0,0.0090252707581226,0.0072202166064982,0.0001219725841519,0.0036101083032489,0.0001118683464115,0.0,0.0001167224682084,-0.0036101083032491,9.67630858198607e-05,-0.0072202166064981,0.0002152100446666,0.0108303249097472,4.590338599256362e-05,0.0144404332129963,3.554366815759239e-05,0.0180505415162455,4.205202356686223e-05,0.0216606498194946,8.349728190911148e-05,0.0252707581227435,0.0001014255975458,1.0,2.0,2.0,2.0,1.0
65,11:14:57,3,0.0108303249097472,34720.0,0.0090252707581226,0.0072202166064982,9.719101497827196e-05,0.0036101083032489,0.0001118683464115,0.0,0.0001167224682084,-0.0036101083032491,9.67630858198607e-05,-0.0072202166064981,0.0002152100446666,0.0108303249097472,4.092152414837277e-05,0.0144404332129963,3.231823196359704e-05,0.0180505415162455,4.205202356686223e-05,0.0216606498194946,8.349728190911148e-05,0.0252707581227435,0.0001014255975458,1.0,2.0,2.0,2.0,1.0
65,11:15:00,3,0.0108303249097472,5860.0,0.0090252707581226,0.0072202166064982,0.0001111466151443,0.0036101083032489,0.0001119322164351,0.0,0.0001167224682084,-0.0036101083032491,9.67630858198607e-05,-0.0072202166064981,0.0002152100446666,0.0108303249097472,3.450258677220379e-05,0.0144404332129963,3.231823196359704e-05,0.0180505415162455,4.205202356686223e-05,0.0216606498194946,8.349728190911148e-05,0.0252707581227435,0.0001014255975458,2.0,2.0,2.0,2.0,1.0
65,11:15:03,3,0.0108303249097472,158760.0,0.0090252707581226,0.0072202166064982,0.0001111466151443,0.0036101083032489,0.0001119322164351,0.0,0.0001167224682084,-0.0036101083032491,9.679502083168245e-05,-0.0072202166064981,0.0002152100446666,0.0108303249097472,1.6395435069279368e-05,0.0144404332129963,3.231823196359704e-05,0.0180505415162455,4.205202356686223e-05,0.0216606498194946,8.349728190911148e-05,0.0252707581227435,0.0001014255975458,2.0,2.0,2.0,2.0,1.0
65,11:15:06,3,0.0108303249097472,50960.0,0.0090252707581226,0.0072202166064982,0.0001111466151443,0.0036101083032489,0.0001119322164351,0.0,0.0001167224682084,-0.0036101083032491,9.679502083168245e-05,-0.0072202166064981,0.0002152100446666,0.0108303249097472,1.0263912799506016e-05,0.0144404332129963,3.231823196359704e-05,0.0180505415162455,4.205202356686223e-05,0.0216606498194946,8.372082699186363e-05,0.0252707581227435,0.0001014255975458,2.0,2.0,2.0,2.0,1.0
65,11:15:09,3,0.0108303249097472,42840.0,0.0090252707581226,0.0072202166064982,9.91709857112196e-05,0.0036101083032489,0.0001120599564824,0.0,0.0001167224682084,-0.0036101083032491,9.679502083168245e-05,-0.0072202166064981,0.0002152100446666,0.0108303249097472,5.377855990780377e-06,0.0144404332129963,3.231823196359704e-05,0.0180505415162455,4.205202356686223e-05,0.0216606498194946,8.4040177110081e-05,0.0252707581227435,0.0001014255975458,2.0,2.0,2.0,2.0,1.0
65,11:15:12,3,0.0108303249097472,35560.0,0.0090252707581226,0.0072202166064982,9.91709857112196e-05,0.0036101083032489,0.0001120599564824,0.0,0.0001159560279247,-0.0036101083032491,9.679502083168245e-05,-0.0072202166064981,0.0002152100446666,0.0108303249097472,1.3221094894198787e-06,0.0144404332129963,3.231823196359704e-05,0.0180505415162455,4.205202356686223e-05,0.0216606498194946,8.726561330407635e-05,0.0252707581227435,0.0001027349330305,2.0,2.0,2.0,2.0,1.0
65,11:15:15,3,0.0108303249097472,15802.0,0.0126353790613717,0.0108303249097472,1.7436516454667966e-06,0.0072202166064982,9.355042363059403e-05,0.0036101083032489,0.0001120599564824,0.0,0.0001159560279247,-0.0036101083032491,9.679502083168245e-05,0.0144404332129963,3.199888184537968e-05,0.0180505415162455,4.205202356686223e-05,0.0216606498194946,8.726561330407635e-05,0.0252707581227435,0.0001027349330305,0.0288808664259927,0.0001482742598883,1.0,1.0,2.0,1.0,0.0
65,11:15:18,3,0.0108303249097472,280.0,0.0126353790613717,0.0108303249097472,9.823209636366055e-06,0.0072202166064982,9.358235864241576e-05,0.0036101083032489,0.0001120599564824,0.0,0.0001159560279247,-0.0036101083032491,9.679502083168245e-05,0.0144404332129963,3.29888672118535e-05,0.0180505415162455,4.205202356686223e-05,0.0216606498194946,8.726561330407635e-05,0.0252707581227435,0.0001027349330305,0.0288808664259927,0.0001482742598883,1.0,1.0,2.0,1.0,0.0
65,11:15:21,3,0.0144404332129963,562.0,0.0126353790613717,0.0108303249097472,1.3304125924935305e-05,0.0072202166064982,9.34226835833071e-05,0.0036101083032489,0.0001120599564824,0.0,0.0001159560279247,-0.0036101083032491,9.679502083168245e-05,0.0144404332129963,1.724490638373755e-05,0.0180505415162455,4.205202356686223e-05,0.0216606498194946,8.726561330407635e-05,0.0252707581227435,0.0001027349330305,0.0288808664259927,0.0001482742598883,1.0,1.0,2.0,1.0,0.0
65,11:15:24,3,0.0144404332129963,0.0,0.0126353790613717,0.0108303249097472,2.2788824435990955e-05,0.0072202166064982,9.34226835833071e-05,0.0036101083032489,0.0001121238265061,0.0,0.0001185108288704,-0.0036101083032491,9.679502083168245e-05,0.0144404332129963,1.7276841395559286e-05,0.0180505415162455,4.205202356686223e-05,0.0216606498194946,8.726561330407635e-05,0.0252707581227435,0.0001027349330305,0.0288808664259927,0.0001482742598883,1.0,1.0,1.0,1.0,0.0
65,11:15:27,3,0.0144404332129963,0.0,0.0126353790613717,0.0108303249097472,2.4385575027077764e-05,0.0072202166064982,9.438073393795916e-05,0.0036101083032489,0.0001121238265061,0.0,0.0001185108288704,-0.0036101083032491,9.679502083168245e-05,0.0144404332129963,1.7276841395559286e-05,0.0180505415162455,4.205202356686223e-05,0.0216606498194946,8.726561330407635e-05,0.0252707581227435,0.0001021601028177,0.0288808664259927,0.0001482742598883,1.0,1.0,1.0,1.0,0.0
65,11:15:30,3,0.0144404332129963,562.0,0.0126353790613717,0.0108303249097472,2.7579076209251384e-05,0.0072202166064982,9.438073393795916e-05,0.0036101083032489,0.0001121238265061,0.0,0.0001181914787522,-0.0036101083032491,9.679502083168245e-05,0.0144404332129963,1.7212971371915813e-05,0.0180505415162455,3.885852238468861e-05,0.0216606498194946,8.745722337500676e-05,0.0252707581227435,0.0001021601028177,0.0288808664259927,0.0001482742598883,1.0,1.0,1.0,1.0,0.0
65,11:15:33,3,0.0108303249097472,5600.0,0.0126353790613717,0.0108303249097472,2.7227791079212288e-05,0.0072202166064982,9.5977484529046e-05,0.0036101083032489,0.0001120599564824,0.0,0.0001181914787522,-0.0036101083032491,9.679502083168245e-05,0.0144404332129963,1.6861686241876716e-05,0.0180505415162455,3.885852238468861e-05,0.0216606498194946,8.745722337500676e-05,0.0252707581227435,0.0001021601028177,0.0288808664259927,0.0001482742598883,1.0,1.0,1.0,1.0,0.0
65,11:15:36,3,0.0144404332129963,2529.0,0.0126353790613717,0.0108303249097472,2.754714119742965e-05,0.0072202166064982,9.2464633228655e-05,0.0036101083032489,0.0001111657761514,0.0,0.0001151257176173,-0.0036101083032491,9.679502083168245e-05,0.0144404332129963,1.724490638373755e-05,0.0180505415162455,3.885852238468861e-05,0.0216606498194946,8.745722337500676e-05,0.0252707581227435,0.0001021601028177,0.0288808664259927,0.0001477952347109,1.0,1.0,2.0,1.0,0.0
65,11:15:39,3,0.0144404332129963,57043.0,0.0126353790613717,0.0108303249097472,2.802616637475569e-05,0.0072202166064982,9.278398334687236e-05,0.0036101083032489,0.0001111657761514,0.0,0.0001151257176173,-0.0036101083032491,9.679502083168245e-05,0.0144404332129963,1.0825969007568573e-05,0.0180505415162455,3.885852238468861e-05,0.0216606498194946,8.745722337500676e-05,0.0252707581227435,0.0001021601028177,0.0288808664259927,0.0001477952347109,1.0,2.0,2.0,1.0,0.0
65,11:15:42,3,0.0144404332129963,562.0,0.0126353790613717,0.0108303249097472,2.8824541670299096e-05,0.0072202166064982,9.118723275578556e-05,0.0036101083032489,0.0001111657761514,0.0,0.0001151257176173,-0.0036101083032491,9.679502083168245e-05,0.0144404332129963,1.07620989839251e-05,0.0180505415162455,3.853917226647125e-05,0.0216606498194946,8.745722337500676e-05,0.0252707581227435,0.0001021601028177,0.0288808664259927,0.0001477952347109,1.0,2.0,2.0,0.0,0.0
65,11:15:45,3,0.0144404332129963,0.0,0.0126353790613717,0.0108303249097472,6.398498968603065e-05,0.0072202166064982,9.182593299222027e-05,0.0036101083032489,0.0001111657761514,0.0,0.0001151257176173,-0.0036101083032491,9.679502083168245e-05,0.0144404332129963,1.07620989839251e-05,0.0180505415162455,2.895866871995039e-05,0.0216606498194946,8.80959236114415e-05,0.0252707581227435,0.0001021601028177,0.0288808664259927,0.0001477952347109,1.0,2.0,2.0,0.0,0.0
65,11:15:48,3,0.0144404332129963,2810.0,0.0126353790613717,0.0108303249097472,6.408079472149587e-05,0.0072202166064982,9.182593299222027e-05,0.0036101083032489,0.0001095690255603,0.0,0.0001151257176173,-0.0036101083032491,9.679502083168245e-05,0.0144404332129963,1.044274886570774e-05,0.0180505415162455,3.010832914553289e-05,0.0216606498194946,8.860688380058927e-05,0.0252707581227435,0.0001021601028177,0.0288808664259927,0.0001477952347109,1.0,2.0,2.0,0.0,0.0
65,11:15:51,3,0.0144404332129963,3091.0,0.0126353790613717,0.0108303249097472,6.976522682576491e-05,0.0072202166064982,9.182593299222027e-05,0.0036101083032489,0.0001095051555367,0.0,0.0001151257176173,-0.0036101083032491,0.0001261752317076,0.0144404332129963,1.009146373566864e-05,0.0180505415162455,3.010832914553289e-05,0.0216606498194946,8.860688380058927e-05,0.0252707581227435,0.0001021601028177,0.0288808664259927,0.0001477952347109,1.0,2.0,2.0,0.0,0.0
65,11:15:54,3,0.0144404332129963,12059.0,0.0126353790613717,0.0108303249097472,6.899878654204324e-05,0.0072202166064982,9.182593299222027e-05,0.0036101083032489,0.0001075890548274,0.0,0.0001151257176173,-0.0036101083032491,0.0001261752317076,0.0144404332129963,9.484698511055652e-06,0.0180505415162455,3.010832914553289e-05,0.0216606498194946,8.860688380058927e-05,0.0252707581227435,0.0001021601028177,0.0288808664259927,0.0001477952347109,2.0,1.0,2.0,0.0,0.0
65,11:15:57,3,0.0144404332129963,15455.0,0.0126353790613717,0.0108303249097472,6.277145923680468e-05,0.0072202166064982,9.34226835833071e-05,0.0036101083032489,0.0001068545495555,0.0,0.0001151257176173,-0.0036101083032491,0.0001261752317076,0.0144404332129963,7.919882931790578e-06,0.0180505415162455,3.010832914553289e-05,0.0216606498194946,8.860688380058927e-05,0.0252707581227435,0.0001021601028177,0.0288808664259927,0.0001477952347109,2.0,1.0,2.0,0.0,0.0
65,11:16:00,3,0.0144404332129963,0.0,0.0126353790613717,0.0108303249097472,6.277145923680468e-05,0.0072202166064982,9.34226835833071e-05,0.0036101083032489,0.0001068545495555,0.0,0.0001145508874045,-0.0036101083032491,0.0001261752317076,0.0144404332129963,8.07955799089926e-06,0.0180505415162455,3.010832914553289e-05,0.0216606498194946,8.918171401338052e-05,0.0252707581227435,0.0001016810776404,0.0288808664259927,0.0001477952347109,2.0,1.0,1.0,0.0,0.0
65,11:16:03,3,0.0144404332129963,17703.0,0.0126353790613717,0.0108303249097472,6.280339424862642e-05,0.0072202166064982,9.310333346508972e-05,0.0036101083032489,0.0001058964992008,0.0,0.0001145508874045,-0.0036101083032491,0.0001264945818258,0.0144404332129963,6.067652246129878e-06,0.0180505415162455,3.010832914553289e-05,0.0216606498194946,8.870268883605447e-05,0.0252707581227435,0.0001016810776404,0.0288808664259927,0.0001477952347109,2.0,1.0,1.0,0.0,0.0
65,11:16:06,3,0.0144404332129963,28100.0,0.0126353790613717,0.0108303249097472,6.280339424862642e-05,0.0072202166064982,9.310333346508972e-05,0.0036101083032489,0.0001058964992008,0.0,0.0001145508874045,-0.0036101083032491,0.0001264945818258,0.0144404332129963,2.8741510639562583e-06,0.0180505415162455,3.010832914553289e-05,0.0216606498194946,8.870268883605447e-05,0.0252707581227435,0.0001016810776404,0.0288808664259927,0.0001477952347109,2.0,2.0,1.0,0.0,0.0
65,11:16:09,3,0.0144404332129963,25290.0,0.0162454873646209,0.0144404332129963,6.291197328882032e-06,0.0108303249097472,6.270758921316121e-05,0.0072202166064982,9.310333346508972e-05,0.0036101083032489,0.0001059603692245,0.0,0.0001142315372863,0.0180505415162455,3.0172199169176365e-05,0.0216606498194946,8.870268883605447e-05,0.0252707581227435,0.0001016810776404,0.0288808664259927,0.0001477952347109,0.0324909747292418,0.0003652279562004,0.0,1.0,0.0,0.0,0.0
65,11:16:12,3,0.0144404332129963,11240.0,0.0162454873646209,0.0144404332129963,5.013796856012584e-06,0.0108303249097472,6.277145923680468e-05,0.0072202166064982,9.310333346508972e-05,0.0036101083032489,0.000105864564189,0.0,0.0001142315372863,0.0180505415162455,3.02041341809981e-05,0.0216606498194946,8.870268883605447e-05,0.0252707581227435,0.0001016810776404,0.0288808664259927,0.0001472842745218,0.0324909747292418,0.0003652279562004,0.0,1.0,0.0,0.0,0.0
65,11:16:15,3,0.0180505415162455,15176.0,0.0162454873646209,0.0144404332129963,3.3531762412823013e-06,0.0108303249097472,6.277145923680468e-05,0.0072202166064982,9.32630085241984e-05,0.0036101083032489,0.000109090000383,0.0,0.0001142315372863,0.0180505415162455,3.221603992576748e-05,0.0216606498194946,8.870268883605447e-05,0.0252707581227435,0.0001016810776404,0.0288808664259927,0.0001472842745218,0.0324909747292418,0.0003652279562004,0.0,1.0,0.0,0.0,0.0
65,11:16:18,3,0.0180505415162455,48438.0,0.0162454873646209,0.0144404332129963,1.2454654610477118e-06,0.0108303249097472,6.277145923680468e-05,0.0072202166064982,9.32630085241984e-05,0.0036101083032489,0.000109090000383,0.0,0.0001142315372863,0.0180505415162455,2.5637427490489824e-05,0.0216606498194946,8.870268883605447e-05,0.0252707581227435,0.0001016810776404,0.0288808664259927,0.0001472842745218,0.0324909747292418,0.0003652279562004,0.0,1.0,0.0,0.0,0.0
65,11:16:21,3,0.0144404332129963,29786.0,0.0162454873646209,0.0144404332129963,5.844107163377725e-06,0.0108303249097472,6.277145923680468e-05,0.0072202166064982,9.32630085241984e-05,0.0036101083032489,0.000109090000383,0.0,0.0001142315372863,0.0180505415162455,2.64996728096767e-05,0.0216606498194946,8.870268883605447e-05,0.0252707581227435,0.0001016810776404,0.0288808664259927,0.0001472842745218,0.0324909747292418,0.0003652279562004,1.0,1.0,0.0,0.0,0.0
65,11:16:24,3,0.0144404332129963,65473.0,0.0126353790613717,0.0108303249097472,6.277145923680468e-05,0.0072202166064982,9.32630085241984e-05,0.0036101083032489,0.000109090000383,0.0,0.0001142315372863,-0.0036101083032491,0.0001264945818258,0.0144404332129963,7.345052718999327e-06,0.0180505415162455,3.342957037499346e-05,0.0216606498194946,8.870268883605447e-05,0.0252707581227435,0.0001016810776404,0.0288808664259927,0.0001474120145691,2.0,2.0,1.0,0.0,0.0
65,11:16:27,3,0.0144404332129963,9273.0,0.0126353790613717,0.0108303249097472,6.59649604189783e-05,0.0072202166064982,9.16662579331116e-05,0.0036101083032489,0.000109090000383,0.0,0.0001142315372863,-0.0036101083032491,0.0001264945818258,0.0144404332129963,7.887947919968842e-06,0.0180505415162455,3.633565645077145e-05,0.0216606498194946,8.870268883605447e-05,0.0252707581227435,0.0001016810776404,0.0288808664259927,0.0001474120145691,2.0,2.0,1.0,0.0,0.0
65,11:16:30,3,0.0144404332129963,14331.0,0.0126353790613717,0.0108303249097472,2.448138006254297e-05,0.0072202166064982,9.805326029745884e-05,0.0036101083032489,0.000109090000383,0.0,0.0001142315372863,-0.0036101083032491,0.0001267500619204,0.0144404332129963,7.089572624425437e-06,0.0180505415162455,3.633565645077145e-05,0.0216606498194946,8.870268883605447e-05,0.0252707581227435,0.0001016810776404,0.0288808664259927,0.0001474120145691,2.0,1.0,1.0,0.0,0.0
65,11:16:33,3,0.0144404332129963,21356.0,0.0126353790613717,0.0108303249097472,2.5215885334442905e-05,0.0072202166064982,9.805326029745884e-05,0.0036101083032489,0.000109090000383,0.0,0.0001142315372863,-0.0036101083032491,0.0001270694120386,0.0144404332129963,5.04573186783432e-06,0.0180505415162455,3.633565645077145e-05,0.0216606498194946,8.985234926163698e-05,0.0252707581227435,0.0001016810776404,0.0288808664259927,0.0001474120145691,2.0,1.0,1.0,0.0,0.0
65,11:16:36,3,0.0144404332129963,51980.0,0.0162454873646209,0.0144404332129963,1.820295673838964e-05,0.0108303249097472,2.5056210275334226e-05,0.0072202166064982,9.805326029745884e-05,0.0036101083032489,0.0001097287006194,0.0,0.0001142315372863,0.0180505415162455,4.048720798759716e-05,0.0216606498194946,9.029943942714128e-05,0.0252707581227435,0.0001016810776404,0.0288808664259927,0.0001470926644509,0.0324909747292418,0.0003653876312595,1.0,0.0,0.0,0.0,0.0
65,11:16:39,3,0.0180505415162455,1969.0,0.0162454873646209,0.0144404332129963,1.893746201028957e-05,0.0108303249097472,2.5056210275334226e-05,0.0072202166064982,9.805326029745884e-05,0.0036101083032489,0.0001084513001466,0.0,0.0001142315372863,0.0180505415162455,4.106203820038841e-05,0.0216606498194946,8.707400323314593e-05,0.0252707581227435,0.0001016810776404,0.0288808664259927,0.0001470926644509,0.0324909747292418,0.0003653876312595,1.0,0.0,0.0,0.0,0.0
65,11:16:42,3,0.0144404332129963,2810.0,0.0162454873646209,0.0144404332129963,2.0470342577732907e-05,0.0108303249097472,2.5056210275334226e-05,0.0072202166064982,9.805326029745884e-05,0.0036101083032489,0.0001084513001466,0.0,0.0001142315372863,0.0180505415162455,4.106203820038841e-05,0.0216606498194946,8.707400323314593e-05,0.0252707581227435,0.0001016810776404,0.0288808664259927,0.0001470926644509,0.0324909747292418,0.0003653876312595,1.0,0.0,0.0,0.0,0.0
65,11:16:45,3,0.0144404332129963,1686.0,0.0162454873646209,0.0144404332129963,2.027873250680249e-05,0.0108303249097472,2.5375560393551587e-05,0.0072202166064982,9.805326029745884e-05,0.0036101083032489,0.0001082277550638,0.0,0.0001142315372863,0.0180505415162455,5.0706411770552746e-05,0.0216606498194946,8.771270346958066e-05,0.0252707581227435,0.0001016810776404,0.0288808664259927,0.0001470926644509,0.0324909747292418,0.0003653876312595,0.0,0.0,0.0,0.0,0.0
65,11:16:48,3,0.0144404332129963,5339.0,0.0162454873646209,0.0144404332129963,1.96719672821895e-05,0.0108303249097472,2.3714939778821305e-05,0.0072202166064982,9.55623293753634e-05,0.0036101083032489,0.0001082277550638,0.0,0.0001142315372863,0.0180505415162455,5.313347266900469e-05,0.0216606498194946,9.218360512462372e-05,0.0252707581227435,0.0001016810776404,0.0288808664259927,0.0001470926644509,0.0324909747292418,0.0003653876312595,0.0,0.0,0.0,0.0,0.0
65,11:16:51,3,0.0144404332129963,11523.0,0.0162454873646209,0.0144404332129963,1.957616224672429e-05,0.0108303249097472,2.987839706041639e-05,0.0072202166064982,9.55623293753634e-05,0.0036101083032489,0.0001083235600993,0.0,0.0001142315372863,0.0180505415162455,5.306960264536122e-05,0.0216606498194946,9.218360512462372e-05,0.0252707581227435,0.0001016810776404,0.0288808664259927,0.000148689415042,0.0324909747292418,0.0003653876312595,0.0,0.0,0.0,0.0,0.0
65,11:16:54,3,0.0144404332129963,10678.0,0.0162454873646209,0.0144404332129963,1.9001332033933043e-05,0.0108303249097472,2.971872200130771e-05,0.0072202166064982,9.65203797300155e-05,0.0036101083032489,0.0001083235600993,0.0,0.0001142315372863,0.0180505415162455,5.306960264536122e-05,0.0216606498194946,9.218360512462372e-05,0.0252707581227435,0.0001023197778768,0.0288808664259927,0.000148689415042,0.0324909747292418,0.0003653876312595,0.0,0.0,0.0,0.0,0.0
65,11:16:57,3,0.0144404332129963,152021.0,0.0162454873646209,0.0144404332129963,6.035717234308142e-06,0.0108303249097472,3.0038072119525076e-05,0.0072202166064982,9.65203797300155e-05,0.0036101083032489,0.0001083235600993,0.0,0.0001142315372863,0.0180505415162455,4.348909909884036e-05,0.0216606498194946,9.218360512462372e-05,0.0252707581227435,0.0001023197778768,0.0288808664259927,0.000148689415042,0.0324909747292418,0.0003663137466024,0.0,0.0,0.0,0.0,0.0
65,11:17:00,3,0.0144404332129963,53955.0,0.0126353790613717,0.0108303249097472,3.058096732049459e-05,0.0072202166064982,9.65203797300155e-05,0.0036101083032489,0.0001083235600993,0.0,0.0001142315372863,-0.0036101083032491,0.0001293687328898,0.0144404332129963,3.120050654983627e-05,0.0180505415162455,4.339329406337516e-05,0.0216606498194946,9.218360512462372e-05,0.0252707581227435,0.0001023197778768,0.0288808664259927,0.0001496474653966,1.0,1.0,0.0,0.0,0.0
65,11:17:03,3,0.0144404332129963,0.0,0.0126353790613717,0.0108303249097472,3.058096732049459e-05,0.0072202166064982,9.65203797300155e-05,0.0036101083032489,0.0001083235600993,0.0,0.0001142315372863,-0.0036101083032491,0.0001293687328898,0.0144404332129963,4.803025777989125e-05,0.0180505415162455,4.339329406337516e-05,0.0216606498194946,9.218360512462372e-05,0.0252707581227435,0.000117680518563,0.0288808664259927,0.0001496474653966,1.0,1.0,0.0,0.0,0.0
65,11:17:06,3,0.0144404332129963,0.0,0.0126353790613717,0.0108303249097472,4.0033730819728506e-05,0.0072202166064982,9.65203797300155e-05,0.0036101083032489,0.0001083235600993,0.0,0.0001142315372863,-0.0036101083032491,0.0001293687328898,0.0144404332129963,4.994635848919542e-05,0.0180505415162455,4.562874489089669e-05,0.0216606498194946,9.218360512462372e-05,0.0252707581227435,0.000117680518563,0.0288808664259927,0.0001496474653966,1.0,1.0,0.0,0.0,0.0
65,11:17:09,3,0.0144404332129963,0.0,0.0126353790613717,0.0108303249097472,4.054469100887628e-05,0.0072202166064982,9.65203797300155e-05,0.0036101083032489,0.0001083235600993,0.0,0.0001142315372863,-0.0036101083032491,0.0001293687328898,0.0144404332129963,4.994635848919542e-05,0.0180505415162455,4.508584968992717e-05,0.0216606498194946,9.218360512462372e-05,0.0252707581227435,0.000117680518563,0.0288808664259927,0.0001496474653966,1.0,1.0,0.0,0.0,0.0
65,11:17:12,3,0.0144404332129963,3083.0,0.0126353790613717,0.0108303249097472,4.0959846162558856e-05,0.0072202166064982,9.65203797300155e-05,0.0036101083032489,0.0001083235600993,0.0,0.0001142315372863,-0.0036101083032491,0.0001292409928425,0.0144404332129963,5.090440884384751e-05,0.0180505415162455,4.508584968992717e-05,0.0216606498194946,9.218360512462372e-05,0.0252707581227435,0.000117680518563,0.0288808664259927,0.0001496474653966,1.0,0.0,0.0,0.0,0.0
65,11:17:15,3,0.0108303249097472,5600.0,0.0126353790613717,0.0108303249097472,4.032114592612413e-05,0.0072202166064982,9.65203797300155e-05,0.0036101083032489,0.0001083235600993,0.0,0.0001142315372863,-0.0036101083032491,0.0001292409928425,0.0144404332129963,4.898830813454334e-05,0.0180505415162455,4.508584968992717e-05,0.0216606498194946,9.218360512462372e-05,0.0252707581227435,0.000117680518563,0.0288808664259927,0.0001496474653966,1.0,0.0,0.0,0.0,0.0
65,11:17:18,3,0.0108303249097472,0.0,0.0126353790613717,0.0108303249097472,4.032114592612413e-05,0.0072202166064982,9.620102961179814e-05,0.0036101083032489,0.0001083235600993,0.0,0.0001142315372863,-0.0036101083032491,0.0001292409928425,0.0144404332129963,5.278857454132994e-05,0.0180505415162455,4.508584968992717e-05,0.0216606498194946,9.218360512462372e-05,0.0252707581227435,0.000117680518563,0.0288808664259927,0.0001496474653966,1.0,0.0,0.0,0.0,0.0
65,11:17:21,3,0.0144404332129963,44802.0,0.0126353790613717,0.0108303249097472,3.878826535868079e-05,0.0072202166064982,9.620102961179814e-05,0.0036101083032489,0.0001083554951111,0.0,0.0001142315372863,-0.0036101083032491,0.0001259516866249,0.0144404332129963,5.272470451768647e-05,0.0180505415162455,4.508584968992717e-05,0.0216606498194946,9.218360512462372e-05,0.0252707581227435,0.000117680518563,0.0288808664259927,0.0001496474653966,1.0,0.0,0.0,0.0,0.0
65,11:17:24,3,0.0144404332129963,25290.0,0.0126353790613717,0.0108303249097472,3.878826535868079e-05,0.0072202166064982,9.604135455268944e-05,0.0036101083032489,0.0001085151701702,0.0,0.0001142315372863,-0.0036101083032491,0.0001259516866249,0.0144404332129963,5.0585058725630144e-05,0.0180505415162455,4.508584968992717e-05,0.0216606498194946,9.218360512462372e-05,0.0252707581227435,0.000117680518563,0.0288808664259927,0.0001496474653966,1.0,0.0,0.0,0.0,0.0
65,11:17:27,3,0.0144404332129963,66397.0,0.0126353790613717,0.0108303249097472,3.393414356177689e-05,0.0072202166064982,9.604135455268944e-05,0.0036101083032489,0.0001085151701702,0.0,0.0001142315372863,-0.0036101083032491,0.0001259516866249,0.0144404332129963,4.940346328822591e-05,0.0180505415162455,4.508584968992717e-05,0.0216606498194946,9.218360512462372e-05,0.0252707581227435,0.000117680518563,0.0288808664259927,0.0001496474653966,0.0,0.0,0.0,0.0,0.0
65,11:17:30,3,0.0144404332129963,2810.0,0.0126353790613717,0.0108303249097472,3.074064237960327e-05,0.0072202166064982,9.588167949358076e-05,0.0036101083032489,0.000108195820052,0.0,0.0001143912123454,-0.0036101083032491,0.0001259516866249,0.0144404332129963,5.930331695296413e-05,0.0180505415162455,4.508584968992717e-05,0.0216606498194946,9.218360512462372e-05,0.0252707581227435,0.000117680518563,0.0288808664259927,0.0001496474653966,0.0,0.0,0.0,0.0,0.0
65,11:17:33,3,0.0108303249097472,8962.0,0.0126353790613717,0.0108303249097472,3.0261617202277222e-05,0.0072202166064982,9.588167949358076e-05,0.0036101083032489,0.000108195820052,0.0,0.0001143912123454,-0.0036101083032491,0.0001259516866249,0.0144404332129963,5.923944692932066e-05,0.0180505415162455,4.364877415794904e-05,0.0216606498194946,9.250295524284108e-05,0.0252707581227435,0.000117680518563,0.0288808664259927,0.0001496474653966,0.0,0.0,0.0,0.0,0.0
65,11:17:36,3,0.0108303249097472,0.0,0.0126353790613717,0.0108303249097472,3.0261617202277222e-05,0.0072202166064982,9.588167949358076e-05,0.0036101083032489,0.0001091538704066,0.0,0.0001143912123454,-0.0036101083032491,0.0001259516866249,0.0144404332129963,5.923944692932066e-05,0.0180505415162455,4.518165472539238e-05,0.0216606498194946,9.263069529012804e-05,0.0252707581227435,0.0001192772691541,0.0288808664259927,0.0001496474653966,0.0,0.0,0.0,0.0,0.0
65,11:17:39,3,0.0144404332129963,40926.0,0.0126353790613717,0.0108303249097472,2.7068116020103605e-05,0.0072202166064982,9.588167949358076e-05,0.0036101083032489,0.0001091538704066,0.0,0.0001143912123454,-0.0036101083032491,0.0001248658962229,0.0144404332129963,5.7834306409164265e-05,0.0180505415162455,4.626744512733141e-05,0.0216606498194946,9.263069529012804e-05,0.0252707581227435,0.0001192772691541,0.0288808664259927,0.0001497432704321,0.0,0.0,0.0,0.0,0.0
65,11:17:42,3,0.0072202166064982,264754.0,0.0090252707581226,0.0072202166064982,9.543458932807649e-05,0.0036101083032489,0.0001098245056549,0.0,0.0001143912123454,-0.0036101083032491,0.0001248658962229,-0.0072202166064981,0.0002135813590637,0.0108303249097472,9.848757645823446e-06,0.0144404332129963,7.824077896325369e-05,0.0180505415162455,4.626744512733141e-05,0.0216606498194946,9.263069529012804e-05,0.0252707581227435,0.0001192772691541,1.0,1.0,1.0,0.0,0.0
65,11:17:45,3,0.0108303249097472,560.0,0.0090252707581226,0.0072202166064982,9.543458932807649e-05,0.0036101083032489,0.0001098245056549,0.0,0.0001143912123454,-0.0036101083032491,0.0001356279952069,-0.0072202166064981,0.0002135813590637,0.0108303249097472,1.4543204383618666e-05,0.0144404332129963,7.696337849038425e-05,0.0180505415162455,3.988044276298417e-05,0.0216606498194946,9.263069529012804e-05,0.0252707581227435,0.0001192772691541,1.0,1.0,0.0,0.0,0.0
65,11:17:48,3,0.0072202166064982,15624.0,0.0090252707581226,0.0072202166064982,9.34226835833071e-05,0.0036101083032489,0.0001098245056549,0.0,0.0001143912123454,-0.0036101083032491,0.0001356279952069,-0.0072202166064981,0.0002135813590637,0.0108303249097472,1.6139954974705477e-05,0.0144404332129963,7.696337849038425e-05,0.0180505415162455,3.988044276298417e-05,0.0216606498194946,9.263069529012804e-05,0.0252707581227435,0.0001192772691541,1.0,1.0,0.0,0.0,0.0
65,11:17:51,3,0.0072202166064982,0.0,0.0090252707581226,0.0072202166064982,9.35184886187723e-05,0.0036101083032489,0.0001098245056549,0.0,0.0001143912123454,-0.0036101083032491,0.0001356279952069,-0.0072202166064981,0.0002135813590637,0.0108303249097472,2.696592398227405e-05,0.0144404332129963,7.696337849038425e-05,0.0180505415162455,3.988044276298417e-05,0.0216606498194946,9.263069529012804e-05,0.0252707581227435,0.0001192772691541,1.0,1.0,0.0,0.0,0.0
65,11:17:54,3,0.0108303249097472,7280.0,0.0090252707581226,0.0072202166064982,9.5370719304433e-05,0.0036101083032489,0.0001101438557731,0.0,0.0001143912123454,-0.0036101083032491,0.0001356279952069,-0.0072202166064981,0.0002135813590637,0.0108303249097472,2.619948369855238e-05,0.0144404332129963,7.696337849038425e-05,0.0180505415162455,3.988044276298417e-05,0.0216606498194946,9.263069529012804e-05,0.0252707581227435,0.0001192772691541,1.0,1.0,0.0,0.0,0.0
65,11:17:57,3,0.0108303249097472,840.0,0.0090252707581226,0.0072202166064982,9.562619939900688e-05,0.0036101083032489,0.0001005633522266,0.0,0.0001143912123454,-0.0036101083032491,0.0001356279952069,-0.0072202166064981,0.0002135813590637,0.0108303249097472,4.823464185555037e-05,0.0144404332129963,7.728272860860162e-05,0.0180505415162455,3.988044276298417e-05,0.0216606498194946,9.263069529012804e-05,0.0252707581227435,0.0001192772691541,1.0,1.0,0.0,0.0,0.0
65,11:18:00,3,0.0108303249097472,0.0,0.0090252707581226,0.0072202166064982,9.562619939900688e-05,0.0036101083032489,0.0001005633522266,0.0,0.0001143912123454,-0.0036101083032491,0.0001356279952069,-0.0072202166064981,0.0002135813590637,0.0108303249097472,7.240944580460466e-05,0.0144404332129963,6.479613898630275e-05,0.0180505415162455,3.745338186453222e-05,0.0216606498194946,9.263069529012804e-05,0.0252707581227435,0.0001192772691541,1.0,1.0,0.0,0.0,0.0
65,11:18:03,3,0.0108303249097472,3350.0,0.0090252707581226,0.0072202166064982,9.530684928078952e-05,0.0036101083032489,0.0001006272222502,0.0,0.0001143912123454,-0.0036101083032491,0.0001356279952069,-0.0072202166064981,0.0002135813590637,0.0108303249097472,7.317588608832633e-05,0.0144404332129963,6.479613898630275e-05,0.0180505415162455,3.754918689999743e-05,0.0216606498194946,9.263069529012804e-05,0.0252707581227435,0.0001192772691541,1.0,1.0,0.0,0.0,0.0
65,11:18:06,3,0.0108303249097472,11200.0,0.0090252707581226,0.0072202166064982,9.72229499900937e-05,0.0036101083032489,0.0001013617275221,0.0,0.000115189587641,-0.0036101083032491,0.0001356279952069,-0.0072202166064981,0.0002135813590637,0.0108303249097472,7.483650670305662e-05,0.0144404332129963,6.479613898630275e-05,0.0180505415162455,3.850723725464952e-05,0.0216606498194946,9.263069529012804e-05,0.0252707581227435,0.0001192772691541,1.0,1.0,0.0,0.0,0.0
65,11:18:09,3,0.0108303249097472,44750.0,0.0090252707581226,0.0072202166064982,9.562619939900688e-05,0.0036101083032489,0.0001013617275221,0.0,0.000115189587641,-0.0036101083032491,0.0001356279952069,-0.0072202166064981,0.0002142200593002,0.0108303249097472,7.183461559181341e-05,0.0144404332129963,6.479613898630275e-05,0.0180505415162455,4.1700738436823134e-05,0.0216606498194946,9.263069529012804e-05,0.0252707581227435,0.0001192772691541,1.0,1.0,0.0,0.0,0.0
65,11:18:12,3,0.0108303249097472,11200.0,0.0090252707581226,0.0072202166064982,9.572200443447208e-05,0.0036101083032489,0.0001016810776404,0.0,0.0001148702375227,-0.0036101083032491,0.0001356279952069,-0.0072202166064981,0.0002142200593002,0.0108303249097472,8.099996398465171e-05,0.0144404332129963,6.479613898630275e-05,0.0180505415162455,4.1700738436823134e-05,0.0216606498194946,9.263069529012804e-05,0.0252707581227435,0.0001192772691541,1.0,1.0,0.0,0.0,0.0
65,11:18:15,3,0.0108303249097472,5040.0,0.0090252707581226,0.0072202166064982,9.572200443447208e-05,0.0036101083032489,0.0001016810776404,0.0,0.0001148702375227,-0.0036101083032491,0.0001356279952069,-0.0072202166064981,0.0002142200593002,0.0108303249097472,8.042513377186045e-05,0.0144404332129963,6.511548910452011e-05,0.0180505415162455,4.1700738436823134e-05,0.0216606498194946,9.263069529012804e-05,0.0252707581227435,0.0001192772691541,1.0,0.0,0.0,0.0,0.0
65,11:18:18,3,0.0108303249097472,1960.0,0.0090252707581226,0.0072202166064982,9.572200443447208e-05,0.0036101083032489,0.0001029584781132,0.0,0.0001148702375227,-0.0036101083032491,0.0001356279952069,-0.0072202166064981,0.0002143158643356,0.0108303249097472,8.023352370093004e-05,0.0144404332129963,4.058940002542671e-05,0.0180505415162455,4.1700738436823134e-05,0.0216606498194946,9.263069529012804e-05,0.0252707581227435,0.0001192772691541,1.0,0.0,0.0,0.0,0.0
65,11:18:21,3,0.0072202166064982,5580.0,0.0090252707581226,0.0072202166064982,9.604135455268944e-05,0.0036101083032489,0.0001029584781132,0.0,0.000115189587641,-0.0036101083032491,0.0001356279952069,-0.0072202166064981,0.0002143158643356,0.0108303249097472,7.850903306255628e-05,0.0144404332129963,4.103649019093102e-05,0.0180505415162455,4.1700738436823134e-05,0.0216606498194946,9.263069529012804e-05,0.0252707581227435,0.0001192772691541,1.0,0.0,0.0,0.0,0.0
65,11:18:24,3,0.0108303249097472,30240.0,0.0090252707581226,0.0072202166064982,9.92667907466848e-05,0.0036101083032489,0.0001061519792954,0.0,0.0001145508874045,-0.0036101083032491,0.0001353086450886,-0.0072202166064981,0.0002143158643356,0.0108303249097472,7.506005178580877e-05,0.0144404332129963,4.742349255527826e-05,0.0180505415162455,4.1700738436823134e-05,0.0216606498194946,9.263069529012804e-05,0.0252707581227435,0.0001192772691541,1.0,0.0,0.0,0.0,0.0
65,11:18:27,3,0.0108303249097472,0.0,0.0090252707581226,0.0072202166064982,9.92667907466848e-05,0.0036101083032489,0.0001061519792954,0.0,0.0001143592773336,-0.0036101083032491,0.0001353405801005,-0.0072202166064981,0.0002149545645721,0.0108303249097472,7.506005178580877e-05,0.0144404332129963,4.742349255527826e-05,0.0180505415162455,4.1700738436823134e-05,0.0216606498194946,9.263069529012804e-05,0.0252707581227435,0.0001192772691541,1.0,0.0,0.0,0.0,0.0
65,11:18:30,3,0.0108303249097472,1955.0,0.0090252707581226,0.0072202166064982,0.000100097101054,0.0036101083032489,0.0001064713294136,0.0,0.0001143592773336,-0.0036101083032491,0.000134701879864,-0.0072202166064981,0.0002149545645721,0.0108303249097472,8.457668530868617e-05,0.0144404332129963,4.742349255527826e-05,0.0180505415162455,4.1700738436823134e-05,0.0216606498194946,9.263069529012804e-05,0.0252707581227435,0.0001192772691541,0.0,0.0,0.0,0.0,0.0
65,11:18:33,3,0.0072202166064982,837000.0,0.0090252707581226,0.0072202166064982,4.451740647950027e-06,0.0036101083032489,0.0001067906795318,0.0,0.0001143592773336,-0.0036101083032491,0.000134701879864,-0.0072202166064981,0.0002149545645721,0.0108303249097472,7.413393644297842e-05,0.0144404332129963,4.742349255527826e-05,0.0180505415162455,4.1700738436823134e-05,0.0216606498194946,9.263069529012804e-05,0.0252707581227435,0.0001192772691541,0.0,0.0,0.0,0.0,0.0
65,11:18:36,3,0.0108303249097472,48440.0,0.0090252707581226,0.0072202166064982,4.451740647950027e-06,0.0036101083032489,0.000109984180714,0.0,0.0001143592773336,-0.0036101083032491,0.000134701879864,-0.0072202166064981,0.0002149545645721,0.0108303249097472,6.924787963425278e-05,0.0144404332129963,4.742349255527826e-05,0.0180505415162455,4.1700738436823134e-05,0.0216606498194946,9.263069529012804e-05,0.0252707581227435,0.0001192772691541,0.0,0.0,0.0,0.0,0.0
65,11:18:39,3,0.0108303249097472,560.0,0.0090252707581226,0.0072202166064982,4.451740647950027e-06,0.0036101083032489,0.000109984180714,0.0,0.0001143592773336,-0.0036101083032491,0.000134701879864,-0.0072202166064981,0.0002149545645721,0.0108303249097472,6.97907748352223e-05,0.0144404332129963,4.7583167614386944e-05,0.0180505415162455,4.1700738436823134e-05,0.0216606498194946,9.263069529012804e-05,0.0252707581227435,0.0001192772691541,0.0,0.0,0.0,0.0,0.0
65,11:18:42,3,0.0072202166064982,2232.0,0.0090252707581226,0.0072202166064982,6.27203632178899e-06,0.0036101083032489,0.000109984180714,0.0,0.00011499797757,-0.0036101083032491,0.000134701879864,-0.0072202166064981,0.0002222038122556,0.0108303249097472,7.215396571003078e-05,0.0144404332129963,4.7583167614386944e-05,0.0180505415162455,4.240330869690133e-05,0.0216606498194946,9.211973510098024e-05,0.0252707581227435,0.0001192772691541,0.0,0.0,0.0,0.0,0.0
65,11:18:45,3,0.0072202166064982,54795.0,0.0054151624548737,0.0036101083032489,0.000109984180714,0.0,0.0001155728077828,-0.0036101083032491,0.000134701879864,-0.0072202166064981,0.0002222038122556,-0.0108303249097472,8.948190312450485e-05,0.0072202166064982,2.254611834614576e-06,0.0108303249097472,7.215396571003078e-05,0.0144404332129963,4.854121796903903e-05,0.0180505415162455,4.240330869690133e-05,0.0216606498194946,9.211973510098024e-05,1.0,1.0,1.0,1.0,0.0
65,11:18:48,3,0.0072202166064982,155490.0,0.0054151624548737,0.0036101083032489,0.0001212891748989,0.0,0.0001155728077828,-0.0036101083032491,0.000134701879864,-0.0072202166064981,0.0002222038122556,-0.0108303249097472,8.948190312450485e-05,0.0072202166064982,8.462778132760094e-05,0.0108303249097472,6.048491239036837e-05,0.0144404332129963,4.921185321729549e-05,0.0180505415162455,4.240330869690133e-05,0.0216606498194946,9.211973510098024e-05,1.0,1.0,1.0,1.0,0.0
65,11:18:51,3,0.0072202166064982,32814.0,0.0054151624548737,0.0036101083032489,0.0001178401936222,0.0,0.0001155728077828,-0.0036101083032491,0.000134701879864,-0.0072202166064981,0.0002220441371965,-0.0108303249097472,8.948190312450485e-05,0.0072202166064982,8.826837267527886e-05,0.0108303249097472,6.048491239036837e-05,0.0144404332129963,5.3970169978734186e-05,0.0180505415162455,4.23713736850796e-05,0.0216606498194946,9.211973510098024e-05,1.0,1.0,1.0,1.0,0.0
65,11:18:54,3,0.0072202166064982,34596.0,0.0054151624548737,0.0036101083032489,0.0001146147574282,0.0,0.0001155728077828,-0.0036101083032491,0.000134701879864,-0.0072202166064981,0.0002230021875511,-0.0108303249097472,8.948190312450485e-05,0.0072202166064982,8.437230123302705e-05,0.0108303249097472,0.0001078125999101,0.0144404332129963,5.3970169978734186e-05,0.0180505415162455,4.23713736850796e-05,0.0216606498194946,9.211973510098024e-05,1.0,1.0,1.0,1.0,0.0
65,11:18:57,3,0.0072202166064982,2232.0,0.0054151624548737,0.0036101083032489,0.0001146147574282,0.0,0.0001155728077828,-0.0036101083032491,0.000134701879864,-0.0072202166064981,0.0002230021875511,-0.0108303249097472,8.948190312450485e-05,0.0072202166064982,8.462778132760094e-05,0.0108303249097472,0.0001078125999101,0.0144404332129963,5.3970169978734186e-05,0.0180505415162455,4.23713736850796e-05,0.0216606498194946,9.211973510098024e-05,1.0,1.0,1.0,1.0,0.0
65,11:19:00,3,0.0072202166064982,4183.0,0.0054151624548737,0.0036101083032489,0.0001159240929129,0.0,0.0001155728077828,-0.0036101083032491,0.000134701879864,-0.0072202166064981,0.0002230021875511,-0.0108303249097472,8.948190312450485e-05,0.0072202166064982,8.421262617391837e-05,0.0108303249097472,0.0001101119207613,0.0144404332129963,5.3970169978734186e-05,0.0180505415162455,4.23713736850796e-05,0.0216606498194946,9.211973510098024e-05,1.0,1.0,1.0,1.0,0.0
65,11:19:03,3,0.0072202166064982,27850.0,0.0054151624548737,0.0036101083032489,0.0001143273423218,0.0,0.0001155728077828,-0.0036101083032491,0.000134701879864,-0.0072202166064981,0.0002230021875511,-0.0108303249097472,8.948190312450485e-05,0.0072202166064982,8.267974560647502e-05,0.0108303249097472,0.0001095690255603,0.0144404332129963,5.3970169978734186e-05,0.0180505415162455,4.4415214441670713e-05,0.0216606498194946,9.211973510098024e-05,1.0,1.0,1.0,0.0,0.0
65,11:19:06,3,0.0036101083032489,10286.0,0.0054151624548737,0.0036101083032489,0.0001131457468844,0.0,0.0001171376233621,-0.0036101083032491,0.000134701879864,-0.0072202166064981,0.0002230021875511,-0.0108303249097472,8.948190312450485e-05,0.0072202166064982,8.267974560647502e-05,0.0108303249097472,0.0001095690255603,0.0144404332129963,5.3970169978734186e-05,0.0180505415162455,4.4415214441670713e-05,0.0216606498194946,9.211973510098024e-05,1.0,1.0,1.0,0.0,0.0
65,11:19:09,3,0.0072202166064982,27342.0,0.0054151624548737,0.0036101083032489,0.0001131457468844,0.0,0.0001177763235985,-0.0036101083032491,0.000134701879864,-0.0072202166064981,0.0002293891899155,-0.0108303249097472,8.948190312450485e-05,0.0072202166064982,7.955011444794488e-05,0.0108303249097472,0.0001075571198156,0.0144404332129963,5.3970169978734186e-05,0.0180505415162455,4.764065063566607e-05,0.0216606498194946,9.211973510098024e-05,1.0,1.0,1.0,0.0,0.0
65,11:19:12,3,0.0072202166064982,558.0,0.0054151624548737,0.0036101083032489,0.0001137205770972,0.0,0.0001177763235985,-0.0036101083032491,0.000134701879864,-0.0072202166064981,0.0002293891899155,-0.0108303249097472,8.948190312450485e-05,0.0072202166064982,7.948624442430141e-05,0.0108303249097472,0.0001085151701702,0.0144404332129963,5.642916588900787e-05,0.0180505415162455,4.764065063566607e-05,0.0216606498194946,9.24390852191976e-05,1.0,1.0,1.0,0.0,0.0
65,11:19:15,3,0.0072202166064982,30868.0,0.0054151624548737,0.0036101083032489,0.0001111338411396,0.0,0.0001177763235985,-0.0036101083032491,0.000134701879864,-0.0072202166064981,0.0002293891899155,-0.0108303249097472,8.948190312450485e-05,0.0072202166064982,7.916689430608404e-05,0.0108303249097472,0.0001085151701702,0.0144404332129963,5.642916588900787e-05,0.0180505415162455,4.764065063566607e-05,0.0216606498194946,9.24390852191976e-05,1.0,1.0,1.0,0.0,0.0
65,11:19:18,3,0.0072202166064982,558.0,0.0054151624548737,0.0036101083032489,0.0001111657761514,0.0,0.0001177763235985,-0.0036101083032491,0.000134701879864,-0.0072202166064981,0.0002293891899155,-0.0108303249097472,8.948190312450485e-05,0.0072202166064982,8.868352782896144e-05,0.0108303249097472,0.0001084832351584,0.0144404332129963,5.642916588900787e-05,0.0180505415162455,4.764065063566607e-05,0.0216606498194946,9.24390852191976e-05,1.0,1.0,1.0,1.0,0.0
65,11:19:21,3,0.0072202166064982,0.0,0.0054151624548737,0.0036101083032489,0.0001114851262696,0.0,0.0001174569734803,-0.0036101083032491,0.000134701879864,-0.0072202166064981,0.0002293891899155,-0.0108303249097472,8.948190312450485e-05,0.0072202166064982,8.868352782896144e-05,0.0108303249097472,0.0001172972984212,0.0144404332129963,5.642916588900787e-05,0.0180505415162455,4.764065063566607e-05,0.0216606498194946,9.24390852191976e-05,1.0,1.0,1.0,0.0,0.0
65,11:19:24,3,0.0036101083032489,6118.0,0.0054151624548737,0.0036101083032489,0.0001108464260332,0.0,0.000115892157901,-0.0036101083032491,0.000134701879864,-0.0072202166064981,0.0002293891899155,-0.0108303249097472,8.948190312450485e-05,0.0072202166064982,8.86515928171397e-05,0.0108303249097472,0.0001172972984212,0.0144404332129963,5.642916588900787e-05,0.0180505415162455,4.764065063566607e-05,0.0216606498194946,9.24390852191976e-05,1.0,1.0,1.0,1.0,0.0
65,11:19:27,3,0.0036101083032489,2509.0,0.0054151624548737,0.0036101083032489,0.0001200437094379,0.0,0.000115892157901,-0.0036101083032491,0.0001342228546867,-0.0072202166064981,0.0002293891899155,-0.0108303249097472,8.948190312450485e-05,0.0072202166064982,8.845998274620928e-05,0.0108303249097472,0.0001332648043321,0.0144404332129963,5.642916588900787e-05,0.0180505415162455,4.764065063566607e-05,0.0216606498194946,9.211973510098024e-05,1.0,1.0,1.0,0.0,0.0
65,11:19:30,3,0.0072202166064982,2511.0,0.0054151624548737,0.0036101083032489,0.0001205227346152,0.0,0.0001162434430311,-0.0036101083032491,0.0001342228546867,-0.0072202166064981,0.0002293891899155,-0.0108303249097472,8.948190312450485e-05,0.0072202166064982,8.817256763981366e-05,0.0108303249097472,0.0001299116280908,0.0144404332129963,5.642916588900787e-05,0.0180505415162455,4.764065063566607e-05,0.0216606498194946,9.211973510098024e-05,1.0,1.0,1.0,0.0,0.0
65,11:19:33,3,0.0072202166064982,558.0,0.0054151624548737,0.0036101083032489,0.0001207462796979,0.0,0.0001162434430311,-0.0036101083032491,0.0001348615549231,-0.0072202166064981,0.0002293891899155,-0.0108303249097472,8.948190312450485e-05,0.0072202166064982,8.810869761617018e-05,0.0108303249097472,0.0001299116280908,0.0144404332129963,5.690819106633392e-05,0.0180505415162455,4.764065063566607e-05,0.0216606498194946,9.211973510098024e-05,1.0,1.0,1.0,0.0,0.0
65,11:19:36,3,0.0072202166064982,27621.0,0.0054151624548737,0.0036101083032489,0.0001207462796979,0.0,0.0001162434430311,-0.0036101083032491,0.0001348615549231,-0.0072202166064981,0.0002293891899155,-0.0108303249097472,8.948190312450485e-05,0.0072202166064982,8.49471314458183e-05,0.0108303249097472,0.0001299116280908,0.0144404332129963,5.690819106633392e-05,0.0180505415162455,4.764065063566607e-05,0.0216606498194946,9.211973510098024e-05,1.0,1.0,1.0,0.0,0.0
65,11:19:39,3,0.0036101083032489,8619.0,0.0054151624548737,0.0036101083032489,0.0001206185396506,0.0,0.0001162434430311,-0.0036101083032491,0.0001348615549231,-0.0072202166064981,0.0002292295148564,-0.0108303249097472,8.948190312450485e-05,0.0072202166064982,8.545809163496607e-05,0.0108303249097472,0.0001299754981144,0.0144404332129963,5.690819106633392e-05,0.0180505415162455,4.764065063566607e-05,0.0216606498194946,9.211973510098024e-05,1.0,1.0,1.0,0.0,0.0
65,11:19:42,3,0.0036101083032489,37836.0,0.0054151624548737,0.0036101083032489,0.000118223413764,0.0,0.0001162434430311,-0.0036101083032491,0.0001348615549231,-0.0072202166064981,0.0002292295148564,-0.0108303249097472,8.948190312450485e-05,0.0072202166064982,8.488326142217482e-05,0.0108303249097472,0.0001299754981144,0.0144404332129963,5.690819106633392e-05,0.0180505415162455,4.764065063566607e-05,0.0216606498194946,9.211973510098024e-05,1.0,1.0,1.0,0.0,0.0
65,11:19:45,3,0.0072202166064982,558.0,0.0054151624548737,0.0036101083032489,0.0001396518066964,0.0,0.0001162434430311,-0.0036101083032491,0.0001348615549231,-0.0072202166064981,0.0002292295148564,-0.0108303249097472,8.948190312450485e-05,0.0072202166064982,8.481939139853136e-05,0.0108303249097472,0.0001299754981144,0.0144404332129963,5.690819106633392e-05,0.0180505415162455,4.764065063566607e-05,0.0216606498194946,9.211973510098024e-05,1.0,1.0,1.0,0.0,0.0
65,11:19:48,3,0.0072202166064982,56160.0,0.0054151624548737,0.0036101083032489,0.0001399392218028,0.0,0.0001165627931493,-0.0036101083032491,0.0001348615549231,-0.0072202166064981,0.0002292295148564,-0.0108303249097472,8.948190312450485e-05,0.0072202166064982,8.628840194233122e-05,0.0108303249097472,0.0001299754981144,0.0144404332129963,5.595014071168183e-05,0.0180505415162455,4.764065063566607e-05,0.0216606498194946,9.211973510098024e-05,1.0,1.0,1.0,0.0,0.0
65,11:19:51,3,0.0036101083032489,44202.0,0.0054151624548737,0.0036101083032489,0.0001348615549231,0.0,0.0001165627931493,-0.0036101083032491,0.0001348615549231,-0.0072202166064981,0.0002292295148564,-0.0108303249097472,8.948190312450485e-05,0.0072202166064982,8.628840194233122e-05,0.0108303249097472,0.0001299754981144,0.0144404332129963,5.595014071168183e-05,0.0180505415162455,4.764065063566607e-05,0.0216606498194946,9.211973510098024e-05,1.0,1.0,1.0,0.0,0.0
65,11:19:54,3,0.0036101083032489,2780.0,0.0054151624548737,0.0036101083032489,0.0001329454542138,0.0,0.000116977948303,-0.0036101083032491,0.0001352128400532,-0.0072202166064981,0.0002292295148564,-0.0108303249097472,8.948190312450485e-05,0.0072202166064982,8.692710217876594e-05,0.0108303249097472,0.0001299754981144,0.0144404332129963,5.595014071168183e-05,0.0180505415162455,4.764065063566607e-05,0.0216606498194946,9.211973510098024e-05,1.0,1.0,1.0,0.0,0.0
65,11:19:57,3,0.0072202166064982,837.0,0.0054151624548737,0.0036101083032489,0.000136138955396,0.0,0.000116977948303,-0.0036101083032491,0.0001345741398167,-0.0072202166064981,0.0002292295148564,-0.0108303249097472,8.948190312450485e-05,0.0072202166064982,8.970544820725699e-05,0.0108303249097472,0.0001299754981144,0.0144404332129963,5.595014071168183e-05,0.0180505415162455,4.764065063566607e-05,0.0216606498194946,9.211973510098024e-05,1.0,1.0,1.0,0.0,0.0
